"Layer";"Node";"Label";"Strength";"StrengthIn";"StrengthOut";"Degree";"DegreeIn";"DegreeOut";"PageRank";"Eigenvector";"Hub";"Authority";"Katz";"Multiplexity";"Kcore"
"1-Multi";1;"A1 CHFU";1.1;0.1;1;2;1;1;0.0961155503139633;1;0;0;1.55179782515709e-05;0.2;2
"1-Multi";2;"A1 LEMA";1.08579272477694;0.0857927247769389;1;4;2;2;0.108393520676869;1;0.860491941073302;5.85254689132165e-08;0.00079554227862802;0.2;4
"1-Multi";3;"A2 LEMA";1.07481125600549;0.0748112560054907;1;4;2;2;0.100575630356881;1;0.912807463170814;2.96787689237384e-08;0.000549295312109225;0.2;4
"1-Multi";4;"A3 CETE";2;1;1;2;1;1;0.115787496219041;1;3.32581348941111e-05;1.86475358973606e-09;8.0541652983613e-05;0.2;2
"1-Multi";5;"A3 LEMA";1.06382978723404;0.0638297872340425;1;2;1;1;0.0927577400369154;1;1;8.32068892247563e-10;0.000138883701244567;0.2;2
"1-Multi";6;"A3 PUPA";1.07692307692308;0.0769230769230769;1;2;1;1;0.0735793828947592;1;6.880662756362e-07;0.000559208438418991;0.000579827371430016;0.2;2
"1-Multi";7;"A4 CHFU";1.1;0.1;1;2;1;1;0.0961155503139663;1;0;0;1.55179782515709e-05;0.2;2
"1-Multi";8;"A4 CHMI";1.33333333333333;0.333333333333333;1;2;1;1;0.0999951675175161;1;0;0;1.55179782515709e-05;0.2;2
"1-Multi";9;"A4 LEMA";1.73118279569892;0.731182795698925;1;4;2;2;0.12784446592703;1;0.558833961787481;0.000119756911482208;0.0327652117664369;0.2;4
"1-Multi";10;"A4 PUPA";2;1;1;2;1;1;0.0934012836547156;1;0.00246669898857261;0.00217225439538551;0.219945737995722;0.2;2
"1-Multi";11;"A5 LEMA";2.06451612903226;1.06451612903226;1;4;2;2;0.136089942299112;1;0.479895566472652;6.41549961045601e-08;0.000630888988603802;0.2;2
"1-Multi";12;"A6 LEMA";1.09094028826356;0.0909402882635552;1;4;2;2;0.109201396306584;1;0.895368955804976;4.42407970393471e-08;0.000631377634282157;0.2;4
"1-Multi";13;"B1 LEMA";1.02127659574468;0.0212765957446809;1;2;1;1;0.0738904568781231;1;1;2.77356330367907e-10;0.000138883701244567;0.2;2
"1-Multi";14;"B1 PUPA";3.33333333333333;2.33333333333333;1;6;3;3;0.13129831985871;1;6.47750992640555e-09;0.00303400355198676;7.29427543420644e-05;0.2;2
"1-Multi";15;"B2 LEMA";1.03740562800275;0.0374056280027454;1;4;2;2;0.0825162228277998;1;0.912807463170813;1.48393844727398e-08;0.000549295312109225;0.2;4
"1-Multi";16;"B3 CHFU";2;1;1;2;1;1;0.137507872637303;1;0;0;1.55179782515709e-05;0.2;2
"1-Multi";17;"B3 LEMA";1.03740562800275;0.0374056280027454;1;4;2;2;0.0825162228278155;1;0.912807463170813;1.48393844795225e-08;0.000549295312109225;0.2;4
"1-Multi";18;"B4 LEMA";1.04838709677419;0.0483870967741935;1;2;1;1;0.0903341131478182;1;0.825614926341627;4.36860844689291e-08;0.000959706922973884;0.2;2
"1-Multi";19;"B4 PUPA";1.15384615384615;0.153846153846154;1;2;1;1;0.0827019504908186;1;6.8806627557193e-07;0.00111841687683795;0.000579827371430016;0.2;2
"1-Multi";20;"B5 CETE";2;1;1;2;1;1;0.0934012836547441;1;0.00246669898857235;0.00217225439538549;0.219945737995722;0.2;2
"1-Multi";21;"B5 LEMA";1.85277088502895;0.85277088502895;1;8;4;4;0.131202730103336;1;0.316881133512223;6.06562522410472e-05;0.0170340686418387;0.2;6
"1-Multi";22;"B5 PUPA";1.23076923076923;0.230769230769231;1;2;1;1;0.0918245180868323;1;6.8806627560993e-07;0.00167762531525694;0.000579827371430016;0.2;2
"1-Multi";23;"B6 CHFU";2;1;1;2;1;1;0.255994459037944;1;1.24300305675371e-07;0.0104655991942328;0.000104623262046576;0.2;2
"1-Multi";24;"B6 LEMA";1.09608785175017;0.0960878517501716;1;4;2;2;0.110009271936277;1;0.930245970536651;2.99561251959076e-08;0.000467212989936293;0.2;4
"1-Multi";25;"C1 CHFU";1.1;0.1;1;2;1;1;0.096115550313964;1;0;0;1.55179782515709e-05;0.2;2
"1-Multi";26;"C1 CHMI";2.2;1.2;1;4;2;2;0.149722197337003;1;0;0;1.55179782515709e-05;0.2;2
"1-Multi";27;"C1 LEMA";1.02127659574468;0.0212765957446809;1;2;1;1;0.0738904568781139;1;1;2.77356313710315e-10;0.000138883701244567;0.2;2
"1-Multi";28;"C2 CHMI";1.66666666666667;0.666666666666667;1;2;1;1;0.135533519736262;1;0;0;1.55179782515709e-05;0.2;2
"1-Multi";29;"C2 LEMA";3.06382978723404;2.06382978723404;1;6;3;3;0.150364051064127;1;0.506476716888123;1.01987246275162e-09;8.75582661246897e-05;0.2;2
"1-Multi";30;"C3 CHFU";2.1;1.1;1;4;2;2;0.138466049774492;1;0;0;1.55179782515709e-05;0.2;2
"1-Multi";31;"C3 LEMA";1.66533797933935;0.665337979339352;1;8;4;4;0.157121607106316;1;0.572646510609711;8.63903530505866e-07;0.000720681056366424;0.2;6
"1-Multi";32;"C3 PUPA";1.15384615384615;0.153846153846154;1;2;1;1;0.082701950490811;1;6.88066275586277e-07;0.00111841687683795;0.000579827371430016;0.2;2
"1-Multi";33;"C4 LEMA";2.59094028826356;1.59094028826356;1;8;4;4;0.144476729156579;1;0.643739189200372;5.04428496578054e-08;0.000489930922350216;0.2;4
"1-Multi";34;"C5 LEMA";1.02127659574468;0.0212765957446809;1;2;1;1;0.0738904568781173;1;1;2.7735631512035e-10;0.000138883701244567;0.2;2
"1-Multi";35;"C6 CHFU";2;1;1;2;1;1;0.231862817903711;1;1.79471109710121e-09;0.0126761264365783;2.73986646729611e-05;0.2;2
"1-Multi";36;"D1 CHFU";2;1;1;2;1;1;0.137507872637283;1;0;0;1.55179782515709e-05;0.2;2
"1-Multi";37;"D2 CHFU";1.1;0.1;1;2;1;1;0.0961155503139722;1;0;0;1.55179782515709e-05;0.2;2
"1-Multi";38;"D2 LEMA";2.05353466026081;1.05353466026081;1;6;3;3;0.12192983023121;1;0.666877156608482;3.24305589787333e-08;0.000563117986325239;0.2;4
"1-Multi";39;"D3 LEMA";1.06966369251887;0.0696636925188744;1;4;2;2;0.0997677547271934;1;0.86921119475622;4.39634407679637e-08;0.000754501117541554;0.2;4
"1-Multi";40;"D4 CHFU";1.1;0.1;1;2;1;1;0.0961155503139509;1;0;0;1.55179782515709e-05;0.2;2
"1-Multi";41;"D4 PUPA";1.5;0.5;1;2;1;1;0.0911058014542029;1;1.83884407854133e-08;1.50979946966705e-05;9.89958204819223e-05;0.2;2
"1-Multi";42;"D5 LEMA";2.04255319148936;1.04255319148936;1;4;2;2;0.120552329595336;1;0.51255282294111;6.19448690632653e-10;9.13097325935064e-05;0.2;2
"1-Multi";43;"D5 PUPA";2;1;1;2;1;1;0.0937369056879736;1;1.25112350319209e-09;0.0012381107657761;0.000118013215258049;0.2;2
"1-Multi";44;"D6 LEMA";1.1912517818489;0.191251781848899;1;6;3;3;0.105020962927614;1;0.508113108302846;1.55710538835603e-07;0.000805703269866807;0.2;6
"1-Multi";45;"E1 LEMA";2.24993400559633;1.24993400559633;1;8;4;4;0.152595991185473;1;0.608133296407784;1.88150705153618e-07;0.000579756184874103;0.2;6
"1-Multi";46;"E1 PUPA";1.41025641025641;0.41025641025641;1;4;2;2;0.094222397349089;1;3.52665076479031e-07;0.000610861607364429;0.000319150221005317;0.2;4
"1-Multi";47;"E2 LEMA";1.62792480911904;0.627924809119044;1;10;5;5;0.13508994136613;1;0.549408371691092;7.38984063328738e-07;0.000748397590026727;0.2;6
"1-Multi";48;"E2 PUPA";1.58333333333333;0.583333333333333;1;4;2;2;0.0968505209066842;1;1.80244798305879e-08;0.0014042067462644;0.000102617253907172;0.2;4
"1-Multi";49;"E3 LEMA";1.18026277085989;0.180262770859888;1;6;3;3;0.0932308143964904;1;0.632959171073336;1.67837561278574e-08;0.000431175727290584;0.2;6
"1-Multi";50;"E4 CHFU";1.7;0.7;1;4;2;2;0.160909016685004;1;0;0;1.55179782515709e-05;0.2;4
"1-Multi";51;"E4 LEMA";1.06382978723404;0.0638297872340425;1;2;1;1;0.0927577400368887;1;1;8.32068912523931e-10;0.000138883701244567;0.2;2
"1-Multi";52;"E5 LEMA";1.03740562800275;0.0374056280027454;1;4;2;2;0.0825162228278201;1;0.912807463170814;1.48393844722048e-08;0.000549295312109225;0.2;4
"1-Multi";53;"E6 LEMA";1.51612903225806;0.516129032258065;1;4;2;2;0.0919944482751702;1;0.427275137876601;1.6079879792453e-08;0.000573912404019697;0.2;4
"1-Multi";54;"F1 LEMA";1.14658676944195;0.146586769441951;1;6;3;3;0.111020124777069;1;0.716052706491952;1.14399017948892e-07;0.000816023139558122;0.2;6
"1-Multi";55;"F1 PUPA";1.57692307692308;0.576923076923077;1;4;2;2;0.100228369050224;1;2.41614385732517e-07;0.00057430643311565;0.000259273004131287;0.2;2
"1-Multi";56;"F2 CHFU";2;1;1;4;2;2;0.131782003122649;1;0;0;1.55179782515709e-05;0.2;4
"1-Multi";57;"F2 LEMA";1.60123541523679;0.601235415236788;1;6;3;3;0.125545050733292;1;0.807746211904208;1.72291281845216e-08;0.000272656129862608;0.2;4
"1-Multi";58;"F3 LEMA";1.28802597539729;0.288025975397286;1;6;3;3;0.156775558625743;1;0.698614199126115;2.43082707728041e-07;0.000898105461731053;0.2;6
"1-Multi";59;"F4 CHFU";1.6;0.6;1;4;2;2;0.130306006782078;1;0;0;1.55179782515709e-05;0.2;4
"1-Multi";60;"F4 LEMA";2.54838709677419;1.54838709677419;1;6;3;3;0.136417359744924;1;0.503154488281672;4.98620096785831e-08;0.000657629017993325;0.2;4
"1-Multi";61;"F4 PUPA";1.15384615384615;0.153846153846154;1;2;1;1;0.0827019504908013;1;6.88066275621715e-07;0.00111841687683797;0.000579827371430016;0.2;2
"1-Multi";62;"F5 LEMA";1.32311991371703;0.323119913717031;1;6;3;3;0.103945405965173;1;0.493035025024597;1.87281277943235e-08;0.000372115934881264;0.2;6
"1-Multi";63;"F6 CHFU";1.1;0.1;1;2;1;1;0.0961155503139756;1;0;0;1.55179782515709e-05;0.2;2
"1-Multi";64;"F6 CHMI";1.8;0.8;1;2;1;1;0.125293547937615;1;0;0;1.55179782515709e-05;0.2;2
"1-Multi";65;"F6 LEMA";1.49308755760369;0.493087557603687;1;4;2;2;0.13110365380354;1;0.503178209428807;6.40812275955903e-08;0.000631948194979349;0.2;4
"1-Multi";66;"F6 PUPA";1.82692307692308;0.826923076923077;1;4;2;2;0.108831456355616;1;1.86105380776829e-07;0.00461686917037582;0.000255027920782799;0.2;4
"1-Multi";67;"Andrena";14;6.75;7.25;20;10;10;0.302272863043651;1;0.0491360367278414;0.0302054306021242;1;0.6;4
"1-Multi";68;"Bee.sirphid";2.16666666666667;1.16666666666667;1;4;2;2;0.14103123553143;1;0;0;1.55179782515709e-05;0.2;2
"1-Multi";69;"Black_small_fly";2;1;1;2;1;1;0.137507872637324;1;0;0;1.55179782515709e-05;0.2;2
"1-Multi";70;"Bombilus_major";5.08333333333333;1.95833333333333;3.125;8;4;4;0.148339156679772;1;0.0218632386721991;0.0251056460602377;0.000125197105745106;0.4;2
"1-Multi";71;"Bombylidae";6.90476190476191;3.7797619047619;3.125;16;8;8;0.256771479677791;1;0.0587607915554922;0.0732626055319767;0.000597774486097099;0.4;6
"1-Multi";72;"Brassicogethes";16.168253968254;13.918253968254;2.25;58;29;29;1;1;0.113677270864441;0.825615049160192;0.00194538409230564;0.4;6
"1-Multi";73;"Calliphoridae";1.83333333333333;0.833333333333333;1;2;1;1;0.133984509743182;1;0;0;1.55179782515709e-05;0.2;2
"1-Multi";74;"Cerambycidae";1.14285714285714;0.142857142857143;1;2;1;1;0.0757388989244363;1;5.044284998819e-08;0.00846720027890444;0.000269913660237086;0.2;2
"1-Multi";75;"Conophorus";1.33333333333333;0.333333333333333;1;2;1;1;0.0924497516325327;1;1.01987281117236e-09;0.0155441205035974;5.41483284388629e-05;0.2;2
"1-Multi";76;"Curculionidae_6_10_3";1.5;0.5;1;2;1;1;0.101389569251377;1;0;0;1.55179782515709e-05;0.2;2
"1-Multi";77;"Dilophus";1.83333333333333;0.833333333333333;1;4;2;2;0.129529526017325;1;0;0;1.55179782515709e-05;0.2;4
"1-Multi";78;"Elateridae";1.30952380952381;0.30952380952381;1;4;2;2;0.0862193420444258;1;3.38359892248928e-08;0.0208623450461779;0.000211658747823004;0.2;4
"1-Multi";79;"Geometridae";1.125;0.125;1;2;1;1;0.0751913100618423;1;1.88150705705324e-07;0.00699901169669706;0.000318080893453515;0.2;2
"1-Multi";80;"Malachius_bipustulatus";1.42063492063492;0.420634920634921;1;6;3;3;0.0958502147943364;1;2.07530466491986e-05;0.0179474088089249;0.00331452693356008;0.2;6
"1-Multi";81;"Musca.jar";2;1;1;2;1;1;0.137507872637293;1;0;0;1.55179782515709e-05;0.2;2
"1-Multi";82;"Musca_sp.";3;2;1;4;2;2;0.176994930658157;1;0;0;1.55179782515709e-05;0.2;2
"1-Multi";83;"Muscidae";2;1;1;4;2;2;0.132013585105085;1;0;0;1.55179782515709e-05;0.2;4
"1-Multi";84;"Pieris_brassicae";2.33333333333333;1.33333333333333;1;6;3;3;0.124423150313281;1;0.00168302397155935;1.72638773150821e-08;9.56233151692486e-05;0.2;4
"1-Multi";85;"Psilothrix_viridicoerulea";16.390873015873;14.140873015873;2.25;58;29;29;0.847068855579922;1;0.137676268041303;1;0.000270648473851832;0.4;6
"1-Multi";86;"Rainbow_beetle";1.16666666666667;0.166666666666667;1;2;1;1;0.0784532834656464;1;1.01987281180827e-09;0.00777206025179871;5.41483284388629e-05;0.2;2
"1-Multi";87;"Sarcophaga";1.42857142857143;0.428571428571429;1;2;1;1;0.09524787953497;1;6.41549967129897e-08;0.0189364199467005;0.000345499969257533;0.2;2
"1-Multi";88;"Small.bee.1.18.6";8.66666666666667;4.66666666666667;4;10;5;5;0.284859155605581;1;0.000327980602523655;3.32765232746396e-05;0.000295367425632438;0.4;2
"1-Multi";89;"Small.bee.1.8.6";12.2928571428571;9.16785714285714;3.125;34;17;17;0.519467650887229;1;0.0789666734375395;0.103419441315546;0.00302254431019643;0.4;6
"1-Multi";90;"Sphaerophoria_scripta";1.7;0.7;1;4;2;2;0.0960639628901522;1;3.29709450734854e-08;0.028935349359644;0.000337393056097487;0.2;4
"1-Multi";91;"Tabanidae";4.78333333333333;1.65833333333333;3.125;8;4;4;0.128299400982739;1;0.0105282888779631;0.00999231489954961;0.00058847403585922;0.4;2
"1-Multi";92;"Ulidiidae";8.66666666666667;7.66666666666667;1;18;9;9;0.424021158300516;1;0;0;1.55179782515709e-05;0.2;4
"1-Multi";93;"X1.29.5";5.5;2.375;3.125;8;4;4;0.148760489390817;1;0.0134472239807356;0.0162787749725832;0.000542741684953313;0.4;2
"2-Multi";1;"A1 CHFU";1.1;0.1;1;2;1;1;0.0961155503139633;1;0;0;1.55179782515709e-05;0.2;2
"2-Multi";2;"A1 LEMA";1.08579272477694;0.0857927247769389;1;4;2;2;0.108393520676869;1;0.860491941073302;5.85254689132165e-08;0.00079554227862802;0.2;4
"2-Multi";3;"A2 LEMA";1.07481125600549;0.0748112560054907;1;4;2;2;0.100575630356881;1;0.912807463170814;2.96787689237384e-08;0.000549295312109225;0.2;4
"2-Multi";4;"A3 CETE";2;1;1;2;1;1;0.115787496219041;1;3.32581348941111e-05;1.86475358973606e-09;8.0541652983613e-05;0.2;2
"2-Multi";5;"A3 LEMA";1.06382978723404;0.0638297872340425;1;2;1;1;0.0927577400369154;1;1;8.32068892247563e-10;0.000138883701244567;0.2;2
"2-Multi";6;"A3 PUPA";1.07692307692308;0.0769230769230769;1;2;1;1;0.0735793828947592;1;6.880662756362e-07;0.000559208438418991;0.000579827371430016;0.2;2
"2-Multi";7;"A4 CHFU";1.1;0.1;1;2;1;1;0.0961155503139663;1;0;0;1.55179782515709e-05;0.2;2
"2-Multi";8;"A4 CHMI";1.33333333333333;0.333333333333333;1;2;1;1;0.0999951675175161;1;0;0;1.55179782515709e-05;0.2;2
"2-Multi";9;"A4 LEMA";1.73118279569892;0.731182795698925;1;4;2;2;0.12784446592703;1;0.558833961787481;0.000119756911482208;0.0327652117664369;0.2;4
"2-Multi";10;"A4 PUPA";2;1;1;2;1;1;0.0934012836547156;1;0.00246669898857261;0.00217225439538551;0.219945737995722;0.2;2
"2-Multi";11;"A5 LEMA";2.06451612903226;1.06451612903226;1;4;2;2;0.136089942299112;1;0.479895566472652;6.41549961045601e-08;0.000630888988603802;0.2;2
"2-Multi";12;"A6 LEMA";1.09094028826356;0.0909402882635552;1;4;2;2;0.109201396306584;1;0.895368955804976;4.42407970393471e-08;0.000631377634282157;0.2;4
"2-Multi";13;"B1 LEMA";1.02127659574468;0.0212765957446809;1;2;1;1;0.0738904568781231;1;1;2.77356330367907e-10;0.000138883701244567;0.2;2
"2-Multi";14;"B1 PUPA";3.33333333333333;2.33333333333333;1;6;3;3;0.13129831985871;1;6.47750992640555e-09;0.00303400355198676;7.29427543420644e-05;0.2;2
"2-Multi";15;"B2 LEMA";1.03740562800275;0.0374056280027454;1;4;2;2;0.0825162228277998;1;0.912807463170813;1.48393844727398e-08;0.000549295312109225;0.2;4
"2-Multi";16;"B3 CHFU";2;1;1;2;1;1;0.137507872637303;1;0;0;1.55179782515709e-05;0.2;2
"2-Multi";17;"B3 LEMA";1.03740562800275;0.0374056280027454;1;4;2;2;0.0825162228278155;1;0.912807463170813;1.48393844795225e-08;0.000549295312109225;0.2;4
"2-Multi";18;"B4 LEMA";1.04838709677419;0.0483870967741935;1;2;1;1;0.0903341131478182;1;0.825614926341627;4.36860844689291e-08;0.000959706922973884;0.2;2
"2-Multi";19;"B4 PUPA";1.15384615384615;0.153846153846154;1;2;1;1;0.0827019504908186;1;6.8806627557193e-07;0.00111841687683795;0.000579827371430016;0.2;2
"2-Multi";20;"B5 CETE";2;1;1;2;1;1;0.0934012836547441;1;0.00246669898857235;0.00217225439538549;0.219945737995722;0.2;2
"2-Multi";21;"B5 LEMA";1.85277088502895;0.85277088502895;1;8;4;4;0.131202730103336;1;0.316881133512223;6.06562522410472e-05;0.0170340686418387;0.2;6
"2-Multi";22;"B5 PUPA";1.23076923076923;0.230769230769231;1;2;1;1;0.0918245180868323;1;6.8806627560993e-07;0.00167762531525694;0.000579827371430016;0.2;2
"2-Multi";23;"B6 CHFU";2;1;1;2;1;1;0.255994459037944;1;1.24300305675371e-07;0.0104655991942328;0.000104623262046576;0.2;2
"2-Multi";24;"B6 LEMA";1.09608785175017;0.0960878517501716;1;4;2;2;0.110009271936277;1;0.930245970536651;2.99561251959076e-08;0.000467212989936293;0.2;4
"2-Multi";25;"C1 CHFU";1.1;0.1;1;2;1;1;0.096115550313964;1;0;0;1.55179782515709e-05;0.2;2
"2-Multi";26;"C1 CHMI";2.2;1.2;1;4;2;2;0.149722197337003;1;0;0;1.55179782515709e-05;0.2;2
"2-Multi";27;"C1 LEMA";1.02127659574468;0.0212765957446809;1;2;1;1;0.0738904568781139;1;1;2.77356313710315e-10;0.000138883701244567;0.2;2
"2-Multi";28;"C2 CHMI";1.66666666666667;0.666666666666667;1;2;1;1;0.135533519736262;1;0;0;1.55179782515709e-05;0.2;2
"2-Multi";29;"C2 LEMA";3.06382978723404;2.06382978723404;1;6;3;3;0.150364051064127;1;0.506476716888123;1.01987246275162e-09;8.75582661246897e-05;0.2;2
"2-Multi";30;"C3 CHFU";2.1;1.1;1;4;2;2;0.138466049774492;1;0;0;1.55179782515709e-05;0.2;2
"2-Multi";31;"C3 LEMA";1.66533797933935;0.665337979339352;1;8;4;4;0.157121607106316;1;0.572646510609711;8.63903530505866e-07;0.000720681056366424;0.2;6
"2-Multi";32;"C3 PUPA";1.15384615384615;0.153846153846154;1;2;1;1;0.082701950490811;1;6.88066275586277e-07;0.00111841687683795;0.000579827371430016;0.2;2
"2-Multi";33;"C4 LEMA";2.59094028826356;1.59094028826356;1;8;4;4;0.144476729156579;1;0.643739189200372;5.04428496578054e-08;0.000489930922350216;0.2;4
"2-Multi";34;"C5 LEMA";1.02127659574468;0.0212765957446809;1;2;1;1;0.0738904568781173;1;1;2.7735631512035e-10;0.000138883701244567;0.2;2
"2-Multi";35;"C6 CHFU";2;1;1;2;1;1;0.231862817903711;1;1.79471109710121e-09;0.0126761264365783;2.73986646729611e-05;0.2;2
"2-Multi";36;"D1 CHFU";2;1;1;2;1;1;0.137507872637283;1;0;0;1.55179782515709e-05;0.2;2
"2-Multi";37;"D2 CHFU";1.1;0.1;1;2;1;1;0.0961155503139722;1;0;0;1.55179782515709e-05;0.2;2
"2-Multi";38;"D2 LEMA";2.05353466026081;1.05353466026081;1;6;3;3;0.12192983023121;1;0.666877156608482;3.24305589787333e-08;0.000563117986325239;0.2;4
"2-Multi";39;"D3 LEMA";1.06966369251887;0.0696636925188744;1;4;2;2;0.0997677547271934;1;0.86921119475622;4.39634407679637e-08;0.000754501117541554;0.2;4
"2-Multi";40;"D4 CHFU";1.1;0.1;1;2;1;1;0.0961155503139509;1;0;0;1.55179782515709e-05;0.2;2
"2-Multi";41;"D4 PUPA";1.5;0.5;1;2;1;1;0.0911058014542029;1;1.83884407854133e-08;1.50979946966705e-05;9.89958204819223e-05;0.2;2
"2-Multi";42;"D5 LEMA";2.04255319148936;1.04255319148936;1;4;2;2;0.120552329595336;1;0.51255282294111;6.19448690632653e-10;9.13097325935064e-05;0.2;2
"2-Multi";43;"D5 PUPA";2;1;1;2;1;1;0.0937369056879736;1;1.25112350319209e-09;0.0012381107657761;0.000118013215258049;0.2;2
"2-Multi";44;"D6 LEMA";1.1912517818489;0.191251781848899;1;6;3;3;0.105020962927614;1;0.508113108302846;1.55710538835603e-07;0.000805703269866807;0.2;6
"2-Multi";45;"E1 LEMA";2.24993400559633;1.24993400559633;1;8;4;4;0.152595991185473;1;0.608133296407784;1.88150705153618e-07;0.000579756184874103;0.2;6
"2-Multi";46;"E1 PUPA";1.41025641025641;0.41025641025641;1;4;2;2;0.094222397349089;1;3.52665076479031e-07;0.000610861607364429;0.000319150221005317;0.2;4
"2-Multi";47;"E2 LEMA";1.62792480911904;0.627924809119044;1;10;5;5;0.13508994136613;1;0.549408371691092;7.38984063328738e-07;0.000748397590026727;0.2;6
"2-Multi";48;"E2 PUPA";1.58333333333333;0.583333333333333;1;4;2;2;0.0968505209066842;1;1.80244798305879e-08;0.0014042067462644;0.000102617253907172;0.2;4
"2-Multi";49;"E3 LEMA";1.18026277085989;0.180262770859888;1;6;3;3;0.0932308143964904;1;0.632959171073336;1.67837561278574e-08;0.000431175727290584;0.2;6
"2-Multi";50;"E4 CHFU";1.7;0.7;1;4;2;2;0.160909016685004;1;0;0;1.55179782515709e-05;0.2;4
"2-Multi";51;"E4 LEMA";1.06382978723404;0.0638297872340425;1;2;1;1;0.0927577400368887;1;1;8.32068912523931e-10;0.000138883701244567;0.2;2
"2-Multi";52;"E5 LEMA";1.03740562800275;0.0374056280027454;1;4;2;2;0.0825162228278201;1;0.912807463170814;1.48393844722048e-08;0.000549295312109225;0.2;4
"2-Multi";53;"E6 LEMA";1.51612903225806;0.516129032258065;1;4;2;2;0.0919944482751702;1;0.427275137876601;1.6079879792453e-08;0.000573912404019697;0.2;4
"2-Multi";54;"F1 LEMA";1.14658676944195;0.146586769441951;1;6;3;3;0.111020124777069;1;0.716052706491952;1.14399017948892e-07;0.000816023139558122;0.2;6
"2-Multi";55;"F1 PUPA";1.57692307692308;0.576923076923077;1;4;2;2;0.100228369050224;1;2.41614385732517e-07;0.00057430643311565;0.000259273004131287;0.2;2
"2-Multi";56;"F2 CHFU";2;1;1;4;2;2;0.131782003122649;1;0;0;1.55179782515709e-05;0.2;4
"2-Multi";57;"F2 LEMA";1.60123541523679;0.601235415236788;1;6;3;3;0.125545050733292;1;0.807746211904208;1.72291281845216e-08;0.000272656129862608;0.2;4
"2-Multi";58;"F3 LEMA";1.28802597539729;0.288025975397286;1;6;3;3;0.156775558625743;1;0.698614199126115;2.43082707728041e-07;0.000898105461731053;0.2;6
"2-Multi";59;"F4 CHFU";1.6;0.6;1;4;2;2;0.130306006782078;1;0;0;1.55179782515709e-05;0.2;4
"2-Multi";60;"F4 LEMA";2.54838709677419;1.54838709677419;1;6;3;3;0.136417359744924;1;0.503154488281672;4.98620096785831e-08;0.000657629017993325;0.2;4
"2-Multi";61;"F4 PUPA";1.15384615384615;0.153846153846154;1;2;1;1;0.0827019504908013;1;6.88066275621715e-07;0.00111841687683797;0.000579827371430016;0.2;2
"2-Multi";62;"F5 LEMA";1.32311991371703;0.323119913717031;1;6;3;3;0.103945405965173;1;0.493035025024597;1.87281277943235e-08;0.000372115934881264;0.2;6
"2-Multi";63;"F6 CHFU";1.1;0.1;1;2;1;1;0.0961155503139756;1;0;0;1.55179782515709e-05;0.2;2
"2-Multi";64;"F6 CHMI";1.8;0.8;1;2;1;1;0.125293547937615;1;0;0;1.55179782515709e-05;0.2;2
"2-Multi";65;"F6 LEMA";1.49308755760369;0.493087557603687;1;4;2;2;0.13110365380354;1;0.503178209428807;6.40812275955903e-08;0.000631948194979349;0.2;4
"2-Multi";66;"F6 PUPA";1.82692307692308;0.826923076923077;1;4;2;2;0.108831456355616;1;1.86105380776829e-07;0.00461686917037582;0.000255027920782799;0.2;4
"2-Multi";67;"Andrena";14;6.75;7.25;20;10;10;0.302272863043651;1;0.0491360367278414;0.0302054306021242;1;0.6;4
"2-Multi";68;"Bee.sirphid";2.16666666666667;1.16666666666667;1;4;2;2;0.14103123553143;1;0;0;1.55179782515709e-05;0.2;2
"2-Multi";69;"Black_small_fly";2;1;1;2;1;1;0.137507872637324;1;0;0;1.55179782515709e-05;0.2;2
"2-Multi";70;"Bombilus_major";5.08333333333333;1.95833333333333;3.125;8;4;4;0.148339156679772;1;0.0218632386721991;0.0251056460602377;0.000125197105745106;0.4;2
"2-Multi";71;"Bombylidae";6.90476190476191;3.7797619047619;3.125;16;8;8;0.256771479677791;1;0.0587607915554922;0.0732626055319767;0.000597774486097099;0.4;6
"2-Multi";72;"Brassicogethes";16.168253968254;13.918253968254;2.25;58;29;29;1;1;0.113677270864441;0.825615049160192;0.00194538409230564;0.4;6
"2-Multi";73;"Calliphoridae";1.83333333333333;0.833333333333333;1;2;1;1;0.133984509743182;1;0;0;1.55179782515709e-05;0.2;2
"2-Multi";74;"Cerambycidae";1.14285714285714;0.142857142857143;1;2;1;1;0.0757388989244363;1;5.044284998819e-08;0.00846720027890444;0.000269913660237086;0.2;2
"2-Multi";75;"Conophorus";1.33333333333333;0.333333333333333;1;2;1;1;0.0924497516325327;1;1.01987281117236e-09;0.0155441205035974;5.41483284388629e-05;0.2;2
"2-Multi";76;"Curculionidae_6_10_3";1.5;0.5;1;2;1;1;0.101389569251377;1;0;0;1.55179782515709e-05;0.2;2
"2-Multi";77;"Dilophus";1.83333333333333;0.833333333333333;1;4;2;2;0.129529526017325;1;0;0;1.55179782515709e-05;0.2;4
"2-Multi";78;"Elateridae";1.30952380952381;0.30952380952381;1;4;2;2;0.0862193420444258;1;3.38359892248928e-08;0.0208623450461779;0.000211658747823004;0.2;4
"2-Multi";79;"Geometridae";1.125;0.125;1;2;1;1;0.0751913100618423;1;1.88150705705324e-07;0.00699901169669706;0.000318080893453515;0.2;2
"2-Multi";80;"Malachius_bipustulatus";1.42063492063492;0.420634920634921;1;6;3;3;0.0958502147943364;1;2.07530466491986e-05;0.0179474088089249;0.00331452693356008;0.2;6
"2-Multi";81;"Musca.jar";2;1;1;2;1;1;0.137507872637293;1;0;0;1.55179782515709e-05;0.2;2
"2-Multi";82;"Musca_sp.";3;2;1;4;2;2;0.176994930658157;1;0;0;1.55179782515709e-05;0.2;2
"2-Multi";83;"Muscidae";2;1;1;4;2;2;0.132013585105085;1;0;0;1.55179782515709e-05;0.2;4
"2-Multi";84;"Pieris_brassicae";2.33333333333333;1.33333333333333;1;6;3;3;0.124423150313281;1;0.00168302397155935;1.72638773150821e-08;9.56233151692486e-05;0.2;4
"2-Multi";85;"Psilothrix_viridicoerulea";16.390873015873;14.140873015873;2.25;58;29;29;0.847068855579922;1;0.137676268041303;1;0.000270648473851832;0.4;6
"2-Multi";86;"Rainbow_beetle";1.16666666666667;0.166666666666667;1;2;1;1;0.0784532834656464;1;1.01987281180827e-09;0.00777206025179871;5.41483284388629e-05;0.2;2
"2-Multi";87;"Sarcophaga";1.42857142857143;0.428571428571429;1;2;1;1;0.09524787953497;1;6.41549967129897e-08;0.0189364199467005;0.000345499969257533;0.2;2
"2-Multi";88;"Small.bee.1.18.6";8.66666666666667;4.66666666666667;4;10;5;5;0.284859155605581;1;0.000327980602523655;3.32765232746396e-05;0.000295367425632438;0.4;2
"2-Multi";89;"Small.bee.1.8.6";12.2928571428571;9.16785714285714;3.125;34;17;17;0.519467650887229;1;0.0789666734375395;0.103419441315546;0.00302254431019643;0.4;6
"2-Multi";90;"Sphaerophoria_scripta";1.7;0.7;1;4;2;2;0.0960639628901522;1;3.29709450734854e-08;0.028935349359644;0.000337393056097487;0.2;4
"2-Multi";91;"Tabanidae";4.78333333333333;1.65833333333333;3.125;8;4;4;0.128299400982739;1;0.0105282888779631;0.00999231489954961;0.00058847403585922;0.4;2
"2-Multi";92;"Ulidiidae";8.66666666666667;7.66666666666667;1;18;9;9;0.424021158300516;1;0;0;1.55179782515709e-05;0.2;4
"2-Multi";93;"X1.29.5";5.5;2.375;3.125;8;4;4;0.148760489390817;1;0.0134472239807356;0.0162787749725832;0.000542741684953313;0.4;2
"3-Multi";1;"A1 CHFU";1.1;0.1;1;2;1;1;0.0961155503139633;1;0;0;1.55179782515709e-05;0.2;2
"3-Multi";2;"A1 LEMA";1.08579272477694;0.0857927247769389;1;4;2;2;0.108393520676869;1;0.860491941073302;5.85254689132165e-08;0.00079554227862802;0.2;4
"3-Multi";3;"A2 LEMA";1.07481125600549;0.0748112560054907;1;4;2;2;0.100575630356881;1;0.912807463170814;2.96787689237384e-08;0.000549295312109225;0.2;4
"3-Multi";4;"A3 CETE";2;1;1;2;1;1;0.115787496219041;1;3.32581348941111e-05;1.86475358973606e-09;8.0541652983613e-05;0.2;2
"3-Multi";5;"A3 LEMA";1.06382978723404;0.0638297872340425;1;2;1;1;0.0927577400369154;1;1;8.32068892247563e-10;0.000138883701244567;0.2;2
"3-Multi";6;"A3 PUPA";1.07692307692308;0.0769230769230769;1;2;1;1;0.0735793828947592;1;6.880662756362e-07;0.000559208438418991;0.000579827371430016;0.2;2
"3-Multi";7;"A4 CHFU";1.1;0.1;1;2;1;1;0.0961155503139663;1;0;0;1.55179782515709e-05;0.2;2
"3-Multi";8;"A4 CHMI";1.33333333333333;0.333333333333333;1;2;1;1;0.0999951675175161;1;0;0;1.55179782515709e-05;0.2;2
"3-Multi";9;"A4 LEMA";1.73118279569892;0.731182795698925;1;4;2;2;0.12784446592703;1;0.558833961787481;0.000119756911482208;0.0327652117664369;0.2;4
"3-Multi";10;"A4 PUPA";2;1;1;2;1;1;0.0934012836547156;1;0.00246669898857261;0.00217225439538551;0.219945737995722;0.2;2
"3-Multi";11;"A5 LEMA";2.06451612903226;1.06451612903226;1;4;2;2;0.136089942299112;1;0.479895566472652;6.41549961045601e-08;0.000630888988603802;0.2;2
"3-Multi";12;"A6 LEMA";1.09094028826356;0.0909402882635552;1;4;2;2;0.109201396306584;1;0.895368955804976;4.42407970393471e-08;0.000631377634282157;0.2;4
"3-Multi";13;"B1 LEMA";1.02127659574468;0.0212765957446809;1;2;1;1;0.0738904568781231;1;1;2.77356330367907e-10;0.000138883701244567;0.2;2
"3-Multi";14;"B1 PUPA";3.33333333333333;2.33333333333333;1;6;3;3;0.13129831985871;1;6.47750992640555e-09;0.00303400355198676;7.29427543420644e-05;0.2;2
"3-Multi";15;"B2 LEMA";1.03740562800275;0.0374056280027454;1;4;2;2;0.0825162228277998;1;0.912807463170813;1.48393844727398e-08;0.000549295312109225;0.2;4
"3-Multi";16;"B3 CHFU";2;1;1;2;1;1;0.137507872637303;1;0;0;1.55179782515709e-05;0.2;2
"3-Multi";17;"B3 LEMA";1.03740562800275;0.0374056280027454;1;4;2;2;0.0825162228278155;1;0.912807463170813;1.48393844795225e-08;0.000549295312109225;0.2;4
"3-Multi";18;"B4 LEMA";1.04838709677419;0.0483870967741935;1;2;1;1;0.0903341131478182;1;0.825614926341627;4.36860844689291e-08;0.000959706922973884;0.2;2
"3-Multi";19;"B4 PUPA";1.15384615384615;0.153846153846154;1;2;1;1;0.0827019504908186;1;6.8806627557193e-07;0.00111841687683795;0.000579827371430016;0.2;2
"3-Multi";20;"B5 CETE";2;1;1;2;1;1;0.0934012836547441;1;0.00246669898857235;0.00217225439538549;0.219945737995722;0.2;2
"3-Multi";21;"B5 LEMA";1.85277088502895;0.85277088502895;1;8;4;4;0.131202730103336;1;0.316881133512223;6.06562522410472e-05;0.0170340686418387;0.2;6
"3-Multi";22;"B5 PUPA";1.23076923076923;0.230769230769231;1;2;1;1;0.0918245180868323;1;6.8806627560993e-07;0.00167762531525694;0.000579827371430016;0.2;2
"3-Multi";23;"B6 CHFU";2;1;1;2;1;1;0.255994459037944;1;1.24300305675371e-07;0.0104655991942328;0.000104623262046576;0.2;2
"3-Multi";24;"B6 LEMA";1.09608785175017;0.0960878517501716;1;4;2;2;0.110009271936277;1;0.930245970536651;2.99561251959076e-08;0.000467212989936293;0.2;4
"3-Multi";25;"C1 CHFU";1.1;0.1;1;2;1;1;0.096115550313964;1;0;0;1.55179782515709e-05;0.2;2
"3-Multi";26;"C1 CHMI";2.2;1.2;1;4;2;2;0.149722197337003;1;0;0;1.55179782515709e-05;0.2;2
"3-Multi";27;"C1 LEMA";1.02127659574468;0.0212765957446809;1;2;1;1;0.0738904568781139;1;1;2.77356313710315e-10;0.000138883701244567;0.2;2
"3-Multi";28;"C2 CHMI";1.66666666666667;0.666666666666667;1;2;1;1;0.135533519736262;1;0;0;1.55179782515709e-05;0.2;2
"3-Multi";29;"C2 LEMA";3.06382978723404;2.06382978723404;1;6;3;3;0.150364051064127;1;0.506476716888123;1.01987246275162e-09;8.75582661246897e-05;0.2;2
"3-Multi";30;"C3 CHFU";2.1;1.1;1;4;2;2;0.138466049774492;1;0;0;1.55179782515709e-05;0.2;2
"3-Multi";31;"C3 LEMA";1.66533797933935;0.665337979339352;1;8;4;4;0.157121607106316;1;0.572646510609711;8.63903530505866e-07;0.000720681056366424;0.2;6
"3-Multi";32;"C3 PUPA";1.15384615384615;0.153846153846154;1;2;1;1;0.082701950490811;1;6.88066275586277e-07;0.00111841687683795;0.000579827371430016;0.2;2
"3-Multi";33;"C4 LEMA";2.59094028826356;1.59094028826356;1;8;4;4;0.144476729156579;1;0.643739189200372;5.04428496578054e-08;0.000489930922350216;0.2;4
"3-Multi";34;"C5 LEMA";1.02127659574468;0.0212765957446809;1;2;1;1;0.0738904568781173;1;1;2.7735631512035e-10;0.000138883701244567;0.2;2
"3-Multi";35;"C6 CHFU";2;1;1;2;1;1;0.231862817903711;1;1.79471109710121e-09;0.0126761264365783;2.73986646729611e-05;0.2;2
"3-Multi";36;"D1 CHFU";2;1;1;2;1;1;0.137507872637283;1;0;0;1.55179782515709e-05;0.2;2
"3-Multi";37;"D2 CHFU";1.1;0.1;1;2;1;1;0.0961155503139722;1;0;0;1.55179782515709e-05;0.2;2
"3-Multi";38;"D2 LEMA";2.05353466026081;1.05353466026081;1;6;3;3;0.12192983023121;1;0.666877156608482;3.24305589787333e-08;0.000563117986325239;0.2;4
"3-Multi";39;"D3 LEMA";1.06966369251887;0.0696636925188744;1;4;2;2;0.0997677547271934;1;0.86921119475622;4.39634407679637e-08;0.000754501117541554;0.2;4
"3-Multi";40;"D4 CHFU";1.1;0.1;1;2;1;1;0.0961155503139509;1;0;0;1.55179782515709e-05;0.2;2
"3-Multi";41;"D4 PUPA";1.5;0.5;1;2;1;1;0.0911058014542029;1;1.83884407854133e-08;1.50979946966705e-05;9.89958204819223e-05;0.2;2
"3-Multi";42;"D5 LEMA";2.04255319148936;1.04255319148936;1;4;2;2;0.120552329595336;1;0.51255282294111;6.19448690632653e-10;9.13097325935064e-05;0.2;2
"3-Multi";43;"D5 PUPA";2;1;1;2;1;1;0.0937369056879736;1;1.25112350319209e-09;0.0012381107657761;0.000118013215258049;0.2;2
"3-Multi";44;"D6 LEMA";1.1912517818489;0.191251781848899;1;6;3;3;0.105020962927614;1;0.508113108302846;1.55710538835603e-07;0.000805703269866807;0.2;6
"3-Multi";45;"E1 LEMA";2.24993400559633;1.24993400559633;1;8;4;4;0.152595991185473;1;0.608133296407784;1.88150705153618e-07;0.000579756184874103;0.2;6
"3-Multi";46;"E1 PUPA";1.41025641025641;0.41025641025641;1;4;2;2;0.094222397349089;1;3.52665076479031e-07;0.000610861607364429;0.000319150221005317;0.2;4
"3-Multi";47;"E2 LEMA";1.62792480911904;0.627924809119044;1;10;5;5;0.13508994136613;1;0.549408371691092;7.38984063328738e-07;0.000748397590026727;0.2;6
"3-Multi";48;"E2 PUPA";1.58333333333333;0.583333333333333;1;4;2;2;0.0968505209066842;1;1.80244798305879e-08;0.0014042067462644;0.000102617253907172;0.2;4
"3-Multi";49;"E3 LEMA";1.18026277085989;0.180262770859888;1;6;3;3;0.0932308143964904;1;0.632959171073336;1.67837561278574e-08;0.000431175727290584;0.2;6
"3-Multi";50;"E4 CHFU";1.7;0.7;1;4;2;2;0.160909016685004;1;0;0;1.55179782515709e-05;0.2;4
"3-Multi";51;"E4 LEMA";1.06382978723404;0.0638297872340425;1;2;1;1;0.0927577400368887;1;1;8.32068912523931e-10;0.000138883701244567;0.2;2
"3-Multi";52;"E5 LEMA";1.03740562800275;0.0374056280027454;1;4;2;2;0.0825162228278201;1;0.912807463170814;1.48393844722048e-08;0.000549295312109225;0.2;4
"3-Multi";53;"E6 LEMA";1.51612903225806;0.516129032258065;1;4;2;2;0.0919944482751702;1;0.427275137876601;1.6079879792453e-08;0.000573912404019697;0.2;4
"3-Multi";54;"F1 LEMA";1.14658676944195;0.146586769441951;1;6;3;3;0.111020124777069;1;0.716052706491952;1.14399017948892e-07;0.000816023139558122;0.2;6
"3-Multi";55;"F1 PUPA";1.57692307692308;0.576923076923077;1;4;2;2;0.100228369050224;1;2.41614385732517e-07;0.00057430643311565;0.000259273004131287;0.2;2
"3-Multi";56;"F2 CHFU";2;1;1;4;2;2;0.131782003122649;1;0;0;1.55179782515709e-05;0.2;4
"3-Multi";57;"F2 LEMA";1.60123541523679;0.601235415236788;1;6;3;3;0.125545050733292;1;0.807746211904208;1.72291281845216e-08;0.000272656129862608;0.2;4
"3-Multi";58;"F3 LEMA";1.28802597539729;0.288025975397286;1;6;3;3;0.156775558625743;1;0.698614199126115;2.43082707728041e-07;0.000898105461731053;0.2;6
"3-Multi";59;"F4 CHFU";1.6;0.6;1;4;2;2;0.130306006782078;1;0;0;1.55179782515709e-05;0.2;4
"3-Multi";60;"F4 LEMA";2.54838709677419;1.54838709677419;1;6;3;3;0.136417359744924;1;0.503154488281672;4.98620096785831e-08;0.000657629017993325;0.2;4
"3-Multi";61;"F4 PUPA";1.15384615384615;0.153846153846154;1;2;1;1;0.0827019504908013;1;6.88066275621715e-07;0.00111841687683797;0.000579827371430016;0.2;2
"3-Multi";62;"F5 LEMA";1.32311991371703;0.323119913717031;1;6;3;3;0.103945405965173;1;0.493035025024597;1.87281277943235e-08;0.000372115934881264;0.2;6
"3-Multi";63;"F6 CHFU";1.1;0.1;1;2;1;1;0.0961155503139756;1;0;0;1.55179782515709e-05;0.2;2
"3-Multi";64;"F6 CHMI";1.8;0.8;1;2;1;1;0.125293547937615;1;0;0;1.55179782515709e-05;0.2;2
"3-Multi";65;"F6 LEMA";1.49308755760369;0.493087557603687;1;4;2;2;0.13110365380354;1;0.503178209428807;6.40812275955903e-08;0.000631948194979349;0.2;4
"3-Multi";66;"F6 PUPA";1.82692307692308;0.826923076923077;1;4;2;2;0.108831456355616;1;1.86105380776829e-07;0.00461686917037582;0.000255027920782799;0.2;4
"3-Multi";67;"Andrena";14;6.75;7.25;20;10;10;0.302272863043651;1;0.0491360367278414;0.0302054306021242;1;0.6;4
"3-Multi";68;"Bee.sirphid";2.16666666666667;1.16666666666667;1;4;2;2;0.14103123553143;1;0;0;1.55179782515709e-05;0.2;2
"3-Multi";69;"Black_small_fly";2;1;1;2;1;1;0.137507872637324;1;0;0;1.55179782515709e-05;0.2;2
"3-Multi";70;"Bombilus_major";5.08333333333333;1.95833333333333;3.125;8;4;4;0.148339156679772;1;0.0218632386721991;0.0251056460602377;0.000125197105745106;0.4;2
"3-Multi";71;"Bombylidae";6.90476190476191;3.7797619047619;3.125;16;8;8;0.256771479677791;1;0.0587607915554922;0.0732626055319767;0.000597774486097099;0.4;6
"3-Multi";72;"Brassicogethes";16.168253968254;13.918253968254;2.25;58;29;29;1;1;0.113677270864441;0.825615049160192;0.00194538409230564;0.4;6
"3-Multi";73;"Calliphoridae";1.83333333333333;0.833333333333333;1;2;1;1;0.133984509743182;1;0;0;1.55179782515709e-05;0.2;2
"3-Multi";74;"Cerambycidae";1.14285714285714;0.142857142857143;1;2;1;1;0.0757388989244363;1;5.044284998819e-08;0.00846720027890444;0.000269913660237086;0.2;2
"3-Multi";75;"Conophorus";1.33333333333333;0.333333333333333;1;2;1;1;0.0924497516325327;1;1.01987281117236e-09;0.0155441205035974;5.41483284388629e-05;0.2;2
"3-Multi";76;"Curculionidae_6_10_3";1.5;0.5;1;2;1;1;0.101389569251377;1;0;0;1.55179782515709e-05;0.2;2
"3-Multi";77;"Dilophus";1.83333333333333;0.833333333333333;1;4;2;2;0.129529526017325;1;0;0;1.55179782515709e-05;0.2;4
"3-Multi";78;"Elateridae";1.30952380952381;0.30952380952381;1;4;2;2;0.0862193420444258;1;3.38359892248928e-08;0.0208623450461779;0.000211658747823004;0.2;4
"3-Multi";79;"Geometridae";1.125;0.125;1;2;1;1;0.0751913100618423;1;1.88150705705324e-07;0.00699901169669706;0.000318080893453515;0.2;2
"3-Multi";80;"Malachius_bipustulatus";1.42063492063492;0.420634920634921;1;6;3;3;0.0958502147943364;1;2.07530466491986e-05;0.0179474088089249;0.00331452693356008;0.2;6
"3-Multi";81;"Musca.jar";2;1;1;2;1;1;0.137507872637293;1;0;0;1.55179782515709e-05;0.2;2
"3-Multi";82;"Musca_sp.";3;2;1;4;2;2;0.176994930658157;1;0;0;1.55179782515709e-05;0.2;2
"3-Multi";83;"Muscidae";2;1;1;4;2;2;0.132013585105085;1;0;0;1.55179782515709e-05;0.2;4
"3-Multi";84;"Pieris_brassicae";2.33333333333333;1.33333333333333;1;6;3;3;0.124423150313281;1;0.00168302397155935;1.72638773150821e-08;9.56233151692486e-05;0.2;4
"3-Multi";85;"Psilothrix_viridicoerulea";16.390873015873;14.140873015873;2.25;58;29;29;0.847068855579922;1;0.137676268041303;1;0.000270648473851832;0.4;6
"3-Multi";86;"Rainbow_beetle";1.16666666666667;0.166666666666667;1;2;1;1;0.0784532834656464;1;1.01987281180827e-09;0.00777206025179871;5.41483284388629e-05;0.2;2
"3-Multi";87;"Sarcophaga";1.42857142857143;0.428571428571429;1;2;1;1;0.09524787953497;1;6.41549967129897e-08;0.0189364199467005;0.000345499969257533;0.2;2
"3-Multi";88;"Small.bee.1.18.6";8.66666666666667;4.66666666666667;4;10;5;5;0.284859155605581;1;0.000327980602523655;3.32765232746396e-05;0.000295367425632438;0.4;2
"3-Multi";89;"Small.bee.1.8.6";12.2928571428571;9.16785714285714;3.125;34;17;17;0.519467650887229;1;0.0789666734375395;0.103419441315546;0.00302254431019643;0.4;6
"3-Multi";90;"Sphaerophoria_scripta";1.7;0.7;1;4;2;2;0.0960639628901522;1;3.29709450734854e-08;0.028935349359644;0.000337393056097487;0.2;4
"3-Multi";91;"Tabanidae";4.78333333333333;1.65833333333333;3.125;8;4;4;0.128299400982739;1;0.0105282888779631;0.00999231489954961;0.00058847403585922;0.4;2
"3-Multi";92;"Ulidiidae";8.66666666666667;7.66666666666667;1;18;9;9;0.424021158300516;1;0;0;1.55179782515709e-05;0.2;4
"3-Multi";93;"X1.29.5";5.5;2.375;3.125;8;4;4;0.148760489390817;1;0.0134472239807356;0.0162787749725832;0.000542741684953313;0.4;2
"4-Multi";1;"A1 CHFU";1.1;0.1;1;2;1;1;0.0961155503139633;1;0;0;1.55179782515709e-05;0.2;2
"4-Multi";2;"A1 LEMA";1.08579272477694;0.0857927247769389;1;4;2;2;0.108393520676869;1;0.860491941073302;5.85254689132165e-08;0.00079554227862802;0.2;4
"4-Multi";3;"A2 LEMA";1.07481125600549;0.0748112560054907;1;4;2;2;0.100575630356881;1;0.912807463170814;2.96787689237384e-08;0.000549295312109225;0.2;4
"4-Multi";4;"A3 CETE";2;1;1;2;1;1;0.115787496219041;1;3.32581348941111e-05;1.86475358973606e-09;8.0541652983613e-05;0.2;2
"4-Multi";5;"A3 LEMA";1.06382978723404;0.0638297872340425;1;2;1;1;0.0927577400369154;1;1;8.32068892247563e-10;0.000138883701244567;0.2;2
"4-Multi";6;"A3 PUPA";1.07692307692308;0.0769230769230769;1;2;1;1;0.0735793828947592;1;6.880662756362e-07;0.000559208438418991;0.000579827371430016;0.2;2
"4-Multi";7;"A4 CHFU";1.1;0.1;1;2;1;1;0.0961155503139663;1;0;0;1.55179782515709e-05;0.2;2
"4-Multi";8;"A4 CHMI";1.33333333333333;0.333333333333333;1;2;1;1;0.0999951675175161;1;0;0;1.55179782515709e-05;0.2;2
"4-Multi";9;"A4 LEMA";1.73118279569892;0.731182795698925;1;4;2;2;0.12784446592703;1;0.558833961787481;0.000119756911482208;0.0327652117664369;0.2;4
"4-Multi";10;"A4 PUPA";2;1;1;2;1;1;0.0934012836547156;1;0.00246669898857261;0.00217225439538551;0.219945737995722;0.2;2
"4-Multi";11;"A5 LEMA";2.06451612903226;1.06451612903226;1;4;2;2;0.136089942299112;1;0.479895566472652;6.41549961045601e-08;0.000630888988603802;0.2;2
"4-Multi";12;"A6 LEMA";1.09094028826356;0.0909402882635552;1;4;2;2;0.109201396306584;1;0.895368955804976;4.42407970393471e-08;0.000631377634282157;0.2;4
"4-Multi";13;"B1 LEMA";1.02127659574468;0.0212765957446809;1;2;1;1;0.0738904568781231;1;1;2.77356330367907e-10;0.000138883701244567;0.2;2
"4-Multi";14;"B1 PUPA";3.33333333333333;2.33333333333333;1;6;3;3;0.13129831985871;1;6.47750992640555e-09;0.00303400355198676;7.29427543420644e-05;0.2;2
"4-Multi";15;"B2 LEMA";1.03740562800275;0.0374056280027454;1;4;2;2;0.0825162228277998;1;0.912807463170813;1.48393844727398e-08;0.000549295312109225;0.2;4
"4-Multi";16;"B3 CHFU";2;1;1;2;1;1;0.137507872637303;1;0;0;1.55179782515709e-05;0.2;2
"4-Multi";17;"B3 LEMA";1.03740562800275;0.0374056280027454;1;4;2;2;0.0825162228278155;1;0.912807463170813;1.48393844795225e-08;0.000549295312109225;0.2;4
"4-Multi";18;"B4 LEMA";1.04838709677419;0.0483870967741935;1;2;1;1;0.0903341131478182;1;0.825614926341627;4.36860844689291e-08;0.000959706922973884;0.2;2
"4-Multi";19;"B4 PUPA";1.15384615384615;0.153846153846154;1;2;1;1;0.0827019504908186;1;6.8806627557193e-07;0.00111841687683795;0.000579827371430016;0.2;2
"4-Multi";20;"B5 CETE";2;1;1;2;1;1;0.0934012836547441;1;0.00246669898857235;0.00217225439538549;0.219945737995722;0.2;2
"4-Multi";21;"B5 LEMA";1.85277088502895;0.85277088502895;1;8;4;4;0.131202730103336;1;0.316881133512223;6.06562522410472e-05;0.0170340686418387;0.2;6
"4-Multi";22;"B5 PUPA";1.23076923076923;0.230769230769231;1;2;1;1;0.0918245180868323;1;6.8806627560993e-07;0.00167762531525694;0.000579827371430016;0.2;2
"4-Multi";23;"B6 CHFU";2;1;1;2;1;1;0.255994459037944;1;1.24300305675371e-07;0.0104655991942328;0.000104623262046576;0.2;2
"4-Multi";24;"B6 LEMA";1.09608785175017;0.0960878517501716;1;4;2;2;0.110009271936277;1;0.930245970536651;2.99561251959076e-08;0.000467212989936293;0.2;4
"4-Multi";25;"C1 CHFU";1.1;0.1;1;2;1;1;0.096115550313964;1;0;0;1.55179782515709e-05;0.2;2
"4-Multi";26;"C1 CHMI";2.2;1.2;1;4;2;2;0.149722197337003;1;0;0;1.55179782515709e-05;0.2;2
"4-Multi";27;"C1 LEMA";1.02127659574468;0.0212765957446809;1;2;1;1;0.0738904568781139;1;1;2.77356313710315e-10;0.000138883701244567;0.2;2
"4-Multi";28;"C2 CHMI";1.66666666666667;0.666666666666667;1;2;1;1;0.135533519736262;1;0;0;1.55179782515709e-05;0.2;2
"4-Multi";29;"C2 LEMA";3.06382978723404;2.06382978723404;1;6;3;3;0.150364051064127;1;0.506476716888123;1.01987246275162e-09;8.75582661246897e-05;0.2;2
"4-Multi";30;"C3 CHFU";2.1;1.1;1;4;2;2;0.138466049774492;1;0;0;1.55179782515709e-05;0.2;2
"4-Multi";31;"C3 LEMA";1.66533797933935;0.665337979339352;1;8;4;4;0.157121607106316;1;0.572646510609711;8.63903530505866e-07;0.000720681056366424;0.2;6
"4-Multi";32;"C3 PUPA";1.15384615384615;0.153846153846154;1;2;1;1;0.082701950490811;1;6.88066275586277e-07;0.00111841687683795;0.000579827371430016;0.2;2
"4-Multi";33;"C4 LEMA";2.59094028826356;1.59094028826356;1;8;4;4;0.144476729156579;1;0.643739189200372;5.04428496578054e-08;0.000489930922350216;0.2;4
"4-Multi";34;"C5 LEMA";1.02127659574468;0.0212765957446809;1;2;1;1;0.0738904568781173;1;1;2.7735631512035e-10;0.000138883701244567;0.2;2
"4-Multi";35;"C6 CHFU";2;1;1;2;1;1;0.231862817903711;1;1.79471109710121e-09;0.0126761264365783;2.73986646729611e-05;0.2;2
"4-Multi";36;"D1 CHFU";2;1;1;2;1;1;0.137507872637283;1;0;0;1.55179782515709e-05;0.2;2
"4-Multi";37;"D2 CHFU";1.1;0.1;1;2;1;1;0.0961155503139722;1;0;0;1.55179782515709e-05;0.2;2
"4-Multi";38;"D2 LEMA";2.05353466026081;1.05353466026081;1;6;3;3;0.12192983023121;1;0.666877156608482;3.24305589787333e-08;0.000563117986325239;0.2;4
"4-Multi";39;"D3 LEMA";1.06966369251887;0.0696636925188744;1;4;2;2;0.0997677547271934;1;0.86921119475622;4.39634407679637e-08;0.000754501117541554;0.2;4
"4-Multi";40;"D4 CHFU";1.1;0.1;1;2;1;1;0.0961155503139509;1;0;0;1.55179782515709e-05;0.2;2
"4-Multi";41;"D4 PUPA";1.5;0.5;1;2;1;1;0.0911058014542029;1;1.83884407854133e-08;1.50979946966705e-05;9.89958204819223e-05;0.2;2
"4-Multi";42;"D5 LEMA";2.04255319148936;1.04255319148936;1;4;2;2;0.120552329595336;1;0.51255282294111;6.19448690632653e-10;9.13097325935064e-05;0.2;2
"4-Multi";43;"D5 PUPA";2;1;1;2;1;1;0.0937369056879736;1;1.25112350319209e-09;0.0012381107657761;0.000118013215258049;0.2;2
"4-Multi";44;"D6 LEMA";1.1912517818489;0.191251781848899;1;6;3;3;0.105020962927614;1;0.508113108302846;1.55710538835603e-07;0.000805703269866807;0.2;6
"4-Multi";45;"E1 LEMA";2.24993400559633;1.24993400559633;1;8;4;4;0.152595991185473;1;0.608133296407784;1.88150705153618e-07;0.000579756184874103;0.2;6
"4-Multi";46;"E1 PUPA";1.41025641025641;0.41025641025641;1;4;2;2;0.094222397349089;1;3.52665076479031e-07;0.000610861607364429;0.000319150221005317;0.2;4
"4-Multi";47;"E2 LEMA";1.62792480911904;0.627924809119044;1;10;5;5;0.13508994136613;1;0.549408371691092;7.38984063328738e-07;0.000748397590026727;0.2;6
"4-Multi";48;"E2 PUPA";1.58333333333333;0.583333333333333;1;4;2;2;0.0968505209066842;1;1.80244798305879e-08;0.0014042067462644;0.000102617253907172;0.2;4
"4-Multi";49;"E3 LEMA";1.18026277085989;0.180262770859888;1;6;3;3;0.0932308143964904;1;0.632959171073336;1.67837561278574e-08;0.000431175727290584;0.2;6
"4-Multi";50;"E4 CHFU";1.7;0.7;1;4;2;2;0.160909016685004;1;0;0;1.55179782515709e-05;0.2;4
"4-Multi";51;"E4 LEMA";1.06382978723404;0.0638297872340425;1;2;1;1;0.0927577400368887;1;1;8.32068912523931e-10;0.000138883701244567;0.2;2
"4-Multi";52;"E5 LEMA";1.03740562800275;0.0374056280027454;1;4;2;2;0.0825162228278201;1;0.912807463170814;1.48393844722048e-08;0.000549295312109225;0.2;4
"4-Multi";53;"E6 LEMA";1.51612903225806;0.516129032258065;1;4;2;2;0.0919944482751702;1;0.427275137876601;1.6079879792453e-08;0.000573912404019697;0.2;4
"4-Multi";54;"F1 LEMA";1.14658676944195;0.146586769441951;1;6;3;3;0.111020124777069;1;0.716052706491952;1.14399017948892e-07;0.000816023139558122;0.2;6
"4-Multi";55;"F1 PUPA";1.57692307692308;0.576923076923077;1;4;2;2;0.100228369050224;1;2.41614385732517e-07;0.00057430643311565;0.000259273004131287;0.2;2
"4-Multi";56;"F2 CHFU";2;1;1;4;2;2;0.131782003122649;1;0;0;1.55179782515709e-05;0.2;4
"4-Multi";57;"F2 LEMA";1.60123541523679;0.601235415236788;1;6;3;3;0.125545050733292;1;0.807746211904208;1.72291281845216e-08;0.000272656129862608;0.2;4
"4-Multi";58;"F3 LEMA";1.28802597539729;0.288025975397286;1;6;3;3;0.156775558625743;1;0.698614199126115;2.43082707728041e-07;0.000898105461731053;0.2;6
"4-Multi";59;"F4 CHFU";1.6;0.6;1;4;2;2;0.130306006782078;1;0;0;1.55179782515709e-05;0.2;4
"4-Multi";60;"F4 LEMA";2.54838709677419;1.54838709677419;1;6;3;3;0.136417359744924;1;0.503154488281672;4.98620096785831e-08;0.000657629017993325;0.2;4
"4-Multi";61;"F4 PUPA";1.15384615384615;0.153846153846154;1;2;1;1;0.0827019504908013;1;6.88066275621715e-07;0.00111841687683797;0.000579827371430016;0.2;2
"4-Multi";62;"F5 LEMA";1.32311991371703;0.323119913717031;1;6;3;3;0.103945405965173;1;0.493035025024597;1.87281277943235e-08;0.000372115934881264;0.2;6
"4-Multi";63;"F6 CHFU";1.1;0.1;1;2;1;1;0.0961155503139756;1;0;0;1.55179782515709e-05;0.2;2
"4-Multi";64;"F6 CHMI";1.8;0.8;1;2;1;1;0.125293547937615;1;0;0;1.55179782515709e-05;0.2;2
"4-Multi";65;"F6 LEMA";1.49308755760369;0.493087557603687;1;4;2;2;0.13110365380354;1;0.503178209428807;6.40812275955903e-08;0.000631948194979349;0.2;4
"4-Multi";66;"F6 PUPA";1.82692307692308;0.826923076923077;1;4;2;2;0.108831456355616;1;1.86105380776829e-07;0.00461686917037582;0.000255027920782799;0.2;4
"4-Multi";67;"Andrena";14;6.75;7.25;20;10;10;0.302272863043651;1;0.0491360367278414;0.0302054306021242;1;0.6;4
"4-Multi";68;"Bee.sirphid";2.16666666666667;1.16666666666667;1;4;2;2;0.14103123553143;1;0;0;1.55179782515709e-05;0.2;2
"4-Multi";69;"Black_small_fly";2;1;1;2;1;1;0.137507872637324;1;0;0;1.55179782515709e-05;0.2;2
"4-Multi";70;"Bombilus_major";5.08333333333333;1.95833333333333;3.125;8;4;4;0.148339156679772;1;0.0218632386721991;0.0251056460602377;0.000125197105745106;0.4;2
"4-Multi";71;"Bombylidae";6.90476190476191;3.7797619047619;3.125;16;8;8;0.256771479677791;1;0.0587607915554922;0.0732626055319767;0.000597774486097099;0.4;6
"4-Multi";72;"Brassicogethes";16.168253968254;13.918253968254;2.25;58;29;29;1;1;0.113677270864441;0.825615049160192;0.00194538409230564;0.4;6
"4-Multi";73;"Calliphoridae";1.83333333333333;0.833333333333333;1;2;1;1;0.133984509743182;1;0;0;1.55179782515709e-05;0.2;2
"4-Multi";74;"Cerambycidae";1.14285714285714;0.142857142857143;1;2;1;1;0.0757388989244363;1;5.044284998819e-08;0.00846720027890444;0.000269913660237086;0.2;2
"4-Multi";75;"Conophorus";1.33333333333333;0.333333333333333;1;2;1;1;0.0924497516325327;1;1.01987281117236e-09;0.0155441205035974;5.41483284388629e-05;0.2;2
"4-Multi";76;"Curculionidae_6_10_3";1.5;0.5;1;2;1;1;0.101389569251377;1;0;0;1.55179782515709e-05;0.2;2
"4-Multi";77;"Dilophus";1.83333333333333;0.833333333333333;1;4;2;2;0.129529526017325;1;0;0;1.55179782515709e-05;0.2;4
"4-Multi";78;"Elateridae";1.30952380952381;0.30952380952381;1;4;2;2;0.0862193420444258;1;3.38359892248928e-08;0.0208623450461779;0.000211658747823004;0.2;4
"4-Multi";79;"Geometridae";1.125;0.125;1;2;1;1;0.0751913100618423;1;1.88150705705324e-07;0.00699901169669706;0.000318080893453515;0.2;2
"4-Multi";80;"Malachius_bipustulatus";1.42063492063492;0.420634920634921;1;6;3;3;0.0958502147943364;1;2.07530466491986e-05;0.0179474088089249;0.00331452693356008;0.2;6
"4-Multi";81;"Musca.jar";2;1;1;2;1;1;0.137507872637293;1;0;0;1.55179782515709e-05;0.2;2
"4-Multi";82;"Musca_sp.";3;2;1;4;2;2;0.176994930658157;1;0;0;1.55179782515709e-05;0.2;2
"4-Multi";83;"Muscidae";2;1;1;4;2;2;0.132013585105085;1;0;0;1.55179782515709e-05;0.2;4
"4-Multi";84;"Pieris_brassicae";2.33333333333333;1.33333333333333;1;6;3;3;0.124423150313281;1;0.00168302397155935;1.72638773150821e-08;9.56233151692486e-05;0.2;4
"4-Multi";85;"Psilothrix_viridicoerulea";16.390873015873;14.140873015873;2.25;58;29;29;0.847068855579922;1;0.137676268041303;1;0.000270648473851832;0.4;6
"4-Multi";86;"Rainbow_beetle";1.16666666666667;0.166666666666667;1;2;1;1;0.0784532834656464;1;1.01987281180827e-09;0.00777206025179871;5.41483284388629e-05;0.2;2
"4-Multi";87;"Sarcophaga";1.42857142857143;0.428571428571429;1;2;1;1;0.09524787953497;1;6.41549967129897e-08;0.0189364199467005;0.000345499969257533;0.2;2
"4-Multi";88;"Small.bee.1.18.6";8.66666666666667;4.66666666666667;4;10;5;5;0.284859155605581;1;0.000327980602523655;3.32765232746396e-05;0.000295367425632438;0.4;2
"4-Multi";89;"Small.bee.1.8.6";12.2928571428571;9.16785714285714;3.125;34;17;17;0.519467650887229;1;0.0789666734375395;0.103419441315546;0.00302254431019643;0.4;6
"4-Multi";90;"Sphaerophoria_scripta";1.7;0.7;1;4;2;2;0.0960639628901522;1;3.29709450734854e-08;0.028935349359644;0.000337393056097487;0.2;4
"4-Multi";91;"Tabanidae";4.78333333333333;1.65833333333333;3.125;8;4;4;0.128299400982739;1;0.0105282888779631;0.00999231489954961;0.00058847403585922;0.4;2
"4-Multi";92;"Ulidiidae";8.66666666666667;7.66666666666667;1;18;9;9;0.424021158300516;1;0;0;1.55179782515709e-05;0.2;4
"4-Multi";93;"X1.29.5";5.5;2.375;3.125;8;4;4;0.148760489390817;1;0.0134472239807356;0.0162787749725832;0.000542741684953313;0.4;2
"5-Multi";1;"A1 CHFU";1.1;0.1;1;2;1;1;0.0961155503139633;1;0;0;1.55179782515709e-05;0.2;2
"5-Multi";2;"A1 LEMA";1.08579272477694;0.0857927247769389;1;4;2;2;0.108393520676869;1;0.860491941073302;5.85254689132165e-08;0.00079554227862802;0.2;4
"5-Multi";3;"A2 LEMA";1.07481125600549;0.0748112560054907;1;4;2;2;0.100575630356881;1;0.912807463170814;2.96787689237384e-08;0.000549295312109225;0.2;4
"5-Multi";4;"A3 CETE";2;1;1;2;1;1;0.115787496219041;1;3.32581348941111e-05;1.86475358973606e-09;8.0541652983613e-05;0.2;2
"5-Multi";5;"A3 LEMA";1.06382978723404;0.0638297872340425;1;2;1;1;0.0927577400369154;1;1;8.32068892247563e-10;0.000138883701244567;0.2;2
"5-Multi";6;"A3 PUPA";1.07692307692308;0.0769230769230769;1;2;1;1;0.0735793828947592;1;6.880662756362e-07;0.000559208438418991;0.000579827371430016;0.2;2
"5-Multi";7;"A4 CHFU";1.1;0.1;1;2;1;1;0.0961155503139663;1;0;0;1.55179782515709e-05;0.2;2
"5-Multi";8;"A4 CHMI";1.33333333333333;0.333333333333333;1;2;1;1;0.0999951675175161;1;0;0;1.55179782515709e-05;0.2;2
"5-Multi";9;"A4 LEMA";1.73118279569892;0.731182795698925;1;4;2;2;0.12784446592703;1;0.558833961787481;0.000119756911482208;0.0327652117664369;0.2;4
"5-Multi";10;"A4 PUPA";2;1;1;2;1;1;0.0934012836547156;1;0.00246669898857261;0.00217225439538551;0.219945737995722;0.2;2
"5-Multi";11;"A5 LEMA";2.06451612903226;1.06451612903226;1;4;2;2;0.136089942299112;1;0.479895566472652;6.41549961045601e-08;0.000630888988603802;0.2;2
"5-Multi";12;"A6 LEMA";1.09094028826356;0.0909402882635552;1;4;2;2;0.109201396306584;1;0.895368955804976;4.42407970393471e-08;0.000631377634282157;0.2;4
"5-Multi";13;"B1 LEMA";1.02127659574468;0.0212765957446809;1;2;1;1;0.0738904568781231;1;1;2.77356330367907e-10;0.000138883701244567;0.2;2
"5-Multi";14;"B1 PUPA";3.33333333333333;2.33333333333333;1;6;3;3;0.13129831985871;1;6.47750992640555e-09;0.00303400355198676;7.29427543420644e-05;0.2;2
"5-Multi";15;"B2 LEMA";1.03740562800275;0.0374056280027454;1;4;2;2;0.0825162228277998;1;0.912807463170813;1.48393844727398e-08;0.000549295312109225;0.2;4
"5-Multi";16;"B3 CHFU";2;1;1;2;1;1;0.137507872637303;1;0;0;1.55179782515709e-05;0.2;2
"5-Multi";17;"B3 LEMA";1.03740562800275;0.0374056280027454;1;4;2;2;0.0825162228278155;1;0.912807463170813;1.48393844795225e-08;0.000549295312109225;0.2;4
"5-Multi";18;"B4 LEMA";1.04838709677419;0.0483870967741935;1;2;1;1;0.0903341131478182;1;0.825614926341627;4.36860844689291e-08;0.000959706922973884;0.2;2
"5-Multi";19;"B4 PUPA";1.15384615384615;0.153846153846154;1;2;1;1;0.0827019504908186;1;6.8806627557193e-07;0.00111841687683795;0.000579827371430016;0.2;2
"5-Multi";20;"B5 CETE";2;1;1;2;1;1;0.0934012836547441;1;0.00246669898857235;0.00217225439538549;0.219945737995722;0.2;2
"5-Multi";21;"B5 LEMA";1.85277088502895;0.85277088502895;1;8;4;4;0.131202730103336;1;0.316881133512223;6.06562522410472e-05;0.0170340686418387;0.2;6
"5-Multi";22;"B5 PUPA";1.23076923076923;0.230769230769231;1;2;1;1;0.0918245180868323;1;6.8806627560993e-07;0.00167762531525694;0.000579827371430016;0.2;2
"5-Multi";23;"B6 CHFU";2;1;1;2;1;1;0.255994459037944;1;1.24300305675371e-07;0.0104655991942328;0.000104623262046576;0.2;2
"5-Multi";24;"B6 LEMA";1.09608785175017;0.0960878517501716;1;4;2;2;0.110009271936277;1;0.930245970536651;2.99561251959076e-08;0.000467212989936293;0.2;4
"5-Multi";25;"C1 CHFU";1.1;0.1;1;2;1;1;0.096115550313964;1;0;0;1.55179782515709e-05;0.2;2
"5-Multi";26;"C1 CHMI";2.2;1.2;1;4;2;2;0.149722197337003;1;0;0;1.55179782515709e-05;0.2;2
"5-Multi";27;"C1 LEMA";1.02127659574468;0.0212765957446809;1;2;1;1;0.0738904568781139;1;1;2.77356313710315e-10;0.000138883701244567;0.2;2
"5-Multi";28;"C2 CHMI";1.66666666666667;0.666666666666667;1;2;1;1;0.135533519736262;1;0;0;1.55179782515709e-05;0.2;2
"5-Multi";29;"C2 LEMA";3.06382978723404;2.06382978723404;1;6;3;3;0.150364051064127;1;0.506476716888123;1.01987246275162e-09;8.75582661246897e-05;0.2;2
"5-Multi";30;"C3 CHFU";2.1;1.1;1;4;2;2;0.138466049774492;1;0;0;1.55179782515709e-05;0.2;2
"5-Multi";31;"C3 LEMA";1.66533797933935;0.665337979339352;1;8;4;4;0.157121607106316;1;0.572646510609711;8.63903530505866e-07;0.000720681056366424;0.2;6
"5-Multi";32;"C3 PUPA";1.15384615384615;0.153846153846154;1;2;1;1;0.082701950490811;1;6.88066275586277e-07;0.00111841687683795;0.000579827371430016;0.2;2
"5-Multi";33;"C4 LEMA";2.59094028826356;1.59094028826356;1;8;4;4;0.144476729156579;1;0.643739189200372;5.04428496578054e-08;0.000489930922350216;0.2;4
"5-Multi";34;"C5 LEMA";1.02127659574468;0.0212765957446809;1;2;1;1;0.0738904568781173;1;1;2.7735631512035e-10;0.000138883701244567;0.2;2
"5-Multi";35;"C6 CHFU";2;1;1;2;1;1;0.231862817903711;1;1.79471109710121e-09;0.0126761264365783;2.73986646729611e-05;0.2;2
"5-Multi";36;"D1 CHFU";2;1;1;2;1;1;0.137507872637283;1;0;0;1.55179782515709e-05;0.2;2
"5-Multi";37;"D2 CHFU";1.1;0.1;1;2;1;1;0.0961155503139722;1;0;0;1.55179782515709e-05;0.2;2
"5-Multi";38;"D2 LEMA";2.05353466026081;1.05353466026081;1;6;3;3;0.12192983023121;1;0.666877156608482;3.24305589787333e-08;0.000563117986325239;0.2;4
"5-Multi";39;"D3 LEMA";1.06966369251887;0.0696636925188744;1;4;2;2;0.0997677547271934;1;0.86921119475622;4.39634407679637e-08;0.000754501117541554;0.2;4
"5-Multi";40;"D4 CHFU";1.1;0.1;1;2;1;1;0.0961155503139509;1;0;0;1.55179782515709e-05;0.2;2
"5-Multi";41;"D4 PUPA";1.5;0.5;1;2;1;1;0.0911058014542029;1;1.83884407854133e-08;1.50979946966705e-05;9.89958204819223e-05;0.2;2
"5-Multi";42;"D5 LEMA";2.04255319148936;1.04255319148936;1;4;2;2;0.120552329595336;1;0.51255282294111;6.19448690632653e-10;9.13097325935064e-05;0.2;2
"5-Multi";43;"D5 PUPA";2;1;1;2;1;1;0.0937369056879736;1;1.25112350319209e-09;0.0012381107657761;0.000118013215258049;0.2;2
"5-Multi";44;"D6 LEMA";1.1912517818489;0.191251781848899;1;6;3;3;0.105020962927614;1;0.508113108302846;1.55710538835603e-07;0.000805703269866807;0.2;6
"5-Multi";45;"E1 LEMA";2.24993400559633;1.24993400559633;1;8;4;4;0.152595991185473;1;0.608133296407784;1.88150705153618e-07;0.000579756184874103;0.2;6
"5-Multi";46;"E1 PUPA";1.41025641025641;0.41025641025641;1;4;2;2;0.094222397349089;1;3.52665076479031e-07;0.000610861607364429;0.000319150221005317;0.2;4
"5-Multi";47;"E2 LEMA";1.62792480911904;0.627924809119044;1;10;5;5;0.13508994136613;1;0.549408371691092;7.38984063328738e-07;0.000748397590026727;0.2;6
"5-Multi";48;"E2 PUPA";1.58333333333333;0.583333333333333;1;4;2;2;0.0968505209066842;1;1.80244798305879e-08;0.0014042067462644;0.000102617253907172;0.2;4
"5-Multi";49;"E3 LEMA";1.18026277085989;0.180262770859888;1;6;3;3;0.0932308143964904;1;0.632959171073336;1.67837561278574e-08;0.000431175727290584;0.2;6
"5-Multi";50;"E4 CHFU";1.7;0.7;1;4;2;2;0.160909016685004;1;0;0;1.55179782515709e-05;0.2;4
"5-Multi";51;"E4 LEMA";1.06382978723404;0.0638297872340425;1;2;1;1;0.0927577400368887;1;1;8.32068912523931e-10;0.000138883701244567;0.2;2
"5-Multi";52;"E5 LEMA";1.03740562800275;0.0374056280027454;1;4;2;2;0.0825162228278201;1;0.912807463170814;1.48393844722048e-08;0.000549295312109225;0.2;4
"5-Multi";53;"E6 LEMA";1.51612903225806;0.516129032258065;1;4;2;2;0.0919944482751702;1;0.427275137876601;1.6079879792453e-08;0.000573912404019697;0.2;4
"5-Multi";54;"F1 LEMA";1.14658676944195;0.146586769441951;1;6;3;3;0.111020124777069;1;0.716052706491952;1.14399017948892e-07;0.000816023139558122;0.2;6
"5-Multi";55;"F1 PUPA";1.57692307692308;0.576923076923077;1;4;2;2;0.100228369050224;1;2.41614385732517e-07;0.00057430643311565;0.000259273004131287;0.2;2
"5-Multi";56;"F2 CHFU";2;1;1;4;2;2;0.131782003122649;1;0;0;1.55179782515709e-05;0.2;4
"5-Multi";57;"F2 LEMA";1.60123541523679;0.601235415236788;1;6;3;3;0.125545050733292;1;0.807746211904208;1.72291281845216e-08;0.000272656129862608;0.2;4
"5-Multi";58;"F3 LEMA";1.28802597539729;0.288025975397286;1;6;3;3;0.156775558625743;1;0.698614199126115;2.43082707728041e-07;0.000898105461731053;0.2;6
"5-Multi";59;"F4 CHFU";1.6;0.6;1;4;2;2;0.130306006782078;1;0;0;1.55179782515709e-05;0.2;4
"5-Multi";60;"F4 LEMA";2.54838709677419;1.54838709677419;1;6;3;3;0.136417359744924;1;0.503154488281672;4.98620096785831e-08;0.000657629017993325;0.2;4
"5-Multi";61;"F4 PUPA";1.15384615384615;0.153846153846154;1;2;1;1;0.0827019504908013;1;6.88066275621715e-07;0.00111841687683797;0.000579827371430016;0.2;2
"5-Multi";62;"F5 LEMA";1.32311991371703;0.323119913717031;1;6;3;3;0.103945405965173;1;0.493035025024597;1.87281277943235e-08;0.000372115934881264;0.2;6
"5-Multi";63;"F6 CHFU";1.1;0.1;1;2;1;1;0.0961155503139756;1;0;0;1.55179782515709e-05;0.2;2
"5-Multi";64;"F6 CHMI";1.8;0.8;1;2;1;1;0.125293547937615;1;0;0;1.55179782515709e-05;0.2;2
"5-Multi";65;"F6 LEMA";1.49308755760369;0.493087557603687;1;4;2;2;0.13110365380354;1;0.503178209428807;6.40812275955903e-08;0.000631948194979349;0.2;4
"5-Multi";66;"F6 PUPA";1.82692307692308;0.826923076923077;1;4;2;2;0.108831456355616;1;1.86105380776829e-07;0.00461686917037582;0.000255027920782799;0.2;4
"5-Multi";67;"Andrena";14;6.75;7.25;20;10;10;0.302272863043651;1;0.0491360367278414;0.0302054306021242;1;0.6;4
"5-Multi";68;"Bee.sirphid";2.16666666666667;1.16666666666667;1;4;2;2;0.14103123553143;1;0;0;1.55179782515709e-05;0.2;2
"5-Multi";69;"Black_small_fly";2;1;1;2;1;1;0.137507872637324;1;0;0;1.55179782515709e-05;0.2;2
"5-Multi";70;"Bombilus_major";5.08333333333333;1.95833333333333;3.125;8;4;4;0.148339156679772;1;0.0218632386721991;0.0251056460602377;0.000125197105745106;0.4;2
"5-Multi";71;"Bombylidae";6.90476190476191;3.7797619047619;3.125;16;8;8;0.256771479677791;1;0.0587607915554922;0.0732626055319767;0.000597774486097099;0.4;6
"5-Multi";72;"Brassicogethes";16.168253968254;13.918253968254;2.25;58;29;29;1;1;0.113677270864441;0.825615049160192;0.00194538409230564;0.4;6
"5-Multi";73;"Calliphoridae";1.83333333333333;0.833333333333333;1;2;1;1;0.133984509743182;1;0;0;1.55179782515709e-05;0.2;2
"5-Multi";74;"Cerambycidae";1.14285714285714;0.142857142857143;1;2;1;1;0.0757388989244363;1;5.044284998819e-08;0.00846720027890444;0.000269913660237086;0.2;2
"5-Multi";75;"Conophorus";1.33333333333333;0.333333333333333;1;2;1;1;0.0924497516325327;1;1.01987281117236e-09;0.0155441205035974;5.41483284388629e-05;0.2;2
"5-Multi";76;"Curculionidae_6_10_3";1.5;0.5;1;2;1;1;0.101389569251377;1;0;0;1.55179782515709e-05;0.2;2
"5-Multi";77;"Dilophus";1.83333333333333;0.833333333333333;1;4;2;2;0.129529526017325;1;0;0;1.55179782515709e-05;0.2;4
"5-Multi";78;"Elateridae";1.30952380952381;0.30952380952381;1;4;2;2;0.0862193420444258;1;3.38359892248928e-08;0.0208623450461779;0.000211658747823004;0.2;4
"5-Multi";79;"Geometridae";1.125;0.125;1;2;1;1;0.0751913100618423;1;1.88150705705324e-07;0.00699901169669706;0.000318080893453515;0.2;2
"5-Multi";80;"Malachius_bipustulatus";1.42063492063492;0.420634920634921;1;6;3;3;0.0958502147943364;1;2.07530466491986e-05;0.0179474088089249;0.00331452693356008;0.2;6
"5-Multi";81;"Musca.jar";2;1;1;2;1;1;0.137507872637293;1;0;0;1.55179782515709e-05;0.2;2
"5-Multi";82;"Musca_sp.";3;2;1;4;2;2;0.176994930658157;1;0;0;1.55179782515709e-05;0.2;2
"5-Multi";83;"Muscidae";2;1;1;4;2;2;0.132013585105085;1;0;0;1.55179782515709e-05;0.2;4
"5-Multi";84;"Pieris_brassicae";2.33333333333333;1.33333333333333;1;6;3;3;0.124423150313281;1;0.00168302397155935;1.72638773150821e-08;9.56233151692486e-05;0.2;4
"5-Multi";85;"Psilothrix_viridicoerulea";16.390873015873;14.140873015873;2.25;58;29;29;0.847068855579922;1;0.137676268041303;1;0.000270648473851832;0.4;6
"5-Multi";86;"Rainbow_beetle";1.16666666666667;0.166666666666667;1;2;1;1;0.0784532834656464;1;1.01987281180827e-09;0.00777206025179871;5.41483284388629e-05;0.2;2
"5-Multi";87;"Sarcophaga";1.42857142857143;0.428571428571429;1;2;1;1;0.09524787953497;1;6.41549967129897e-08;0.0189364199467005;0.000345499969257533;0.2;2
"5-Multi";88;"Small.bee.1.18.6";8.66666666666667;4.66666666666667;4;10;5;5;0.284859155605581;1;0.000327980602523655;3.32765232746396e-05;0.000295367425632438;0.4;2
"5-Multi";89;"Small.bee.1.8.6";12.2928571428571;9.16785714285714;3.125;34;17;17;0.519467650887229;1;0.0789666734375395;0.103419441315546;0.00302254431019643;0.4;6
"5-Multi";90;"Sphaerophoria_scripta";1.7;0.7;1;4;2;2;0.0960639628901522;1;3.29709450734854e-08;0.028935349359644;0.000337393056097487;0.2;4
"5-Multi";91;"Tabanidae";4.78333333333333;1.65833333333333;3.125;8;4;4;0.128299400982739;1;0.0105282888779631;0.00999231489954961;0.00058847403585922;0.4;2
"5-Multi";92;"Ulidiidae";8.66666666666667;7.66666666666667;1;18;9;9;0.424021158300516;1;0;0;1.55179782515709e-05;0.2;4
"5-Multi";93;"X1.29.5";5.5;2.375;3.125;8;4;4;0.148760489390817;1;0.0134472239807356;0.0162787749725832;0.000542741684953313;0.4;2
"Aggr";1;"A1 CHFU";1.1;0.1;1;2;1;1;0.0508197377696325;1;0;0;8.73439071777944e-06;0;2
"Aggr";2;"A1 LEMA";1.08579272477694;0.0857927247769389;1;4;2;2;0.0497675150893323;1;0.862683422482694;0;0.0301720840813776;0;4
"Aggr";3;"A2 LEMA";1.07481125600549;0.0748112560054907;1;4;2;2;0.0437004031295385;1;0.914177139051684;0;0.0249669162732196;0;4
"Aggr";4;"A3 CETE";2;1;1;2;1;1;0.0835335370452188;1;0.00410577358436636;0;0.0107982548508359;0;2
"Aggr";5;"A3 LEMA";1.06382978723404;0.0638297872340425;1;2;1;1;0.0376332911698254;1;1;0;0.0162916365929561;0;2
"Aggr";6;"A3 PUPA";1.07692307692308;0.0769230769230769;1;2;1;1;0.0264460884821074;1;0.174380386154142;0;0.0310557016829575;0;2
"Aggr";7;"A4 CHFU";1.1;0.1;1;2;1;1;0.050819737769628;1;0;0;8.73439071777944e-06;0;2
"Aggr";8;"A4 CHMI";1.33333333333333;0.333333333333333;1;2;1;1;0.0552453425930147;1;0;0;8.73439071777943e-06;0;2
"Aggr";9;"A4 LEMA";1.73118279569892;0.731182795698925;1;4;2;2;0.0675552303615167;1;0.560455485663197;0;0.241569596996257;0;4
"Aggr";10;"A4 PUPA";2;1;1;2;1;1;0.052851015888702;1;0.0246579007828554;0;0.657424399081806;0;2
"Aggr";11;"A5 LEMA";2.06451612903226;1.06451612903226;1;4;2;2;0.0791252843066583;1;0.480776794740578;0;0.0235971293672741;0;2
"Aggr";12;"A6 LEMA";1.09094028826356;0.0909402882635552;1;4;2;2;0.0505552418392415;1;0.89701256686202;0;0.0267019722092723;0;4
"Aggr";13;"B1 LEMA";1.02127659574468;0.0212765957446809;1;2;1;1;0.0223481602505436;1;1;0;0.0162916365929561;0;2
"Aggr";14;"B1 PUPA";3.33333333333333;2.33333333333333;1;6;3;3;0.0882400876202927;1;0.0121370819002066;0;0.0106673286860216;0;4
"Aggr";15;"B2 LEMA";1.03740562800275;0.0374056280027454;1;4;2;2;0.0292029989602982;1;0.914177139051684;0;0.0249669162732196;0;4
"Aggr";16;"B3 CHFU";2;1;1;2;1;1;0.0980372986063137;1;0;0;8.73439071777944e-06;0;2
"Aggr";17;"B3 LEMA";1.03740562800275;0.0374056280027454;1;4;2;2;0.0292029989602394;1;0.914177139051684;0;0.0249669162732196;0;4
"Aggr";18;"B4 LEMA";1.04838709677419;0.0483870967741935;1;2;1;1;0.0352701109200369;1;0.828354278103367;0;0.033642195953483;0;2
"Aggr";19;"B4 PUPA";1.15384615384615;0.153846153846154;1;2;1;1;0.0381865821732239;1;0.174380386154142;0;0.0310557016829575;0;2
"Aggr";20;"B5 CETE";2;1;1;2;1;1;0.0528510158887848;1;0.0246579007828555;0;0.657424399081806;0;2
"Aggr";21;"B5 LEMA";1.85277088502895;0.85277088502895;1;8;4;4;0.0772089006217143;1;0.341203677102424;0;0.135583863987102;0;6
"Aggr";22;"B5 PUPA";1.23076923076923;0.230769230769231;1;2;1;1;0.0499270758643271;1;0.174380386154142;0;0.0310557016829575;0;2
"Aggr";23;"B6 CHFU";2;1;1;2;1;1;0.43970559479113;1;0.828354278103367;0;0.033642195953483;0;2
"Aggr";24;"B6 LEMA";1.09608785175017;0.0960878517501716;1;4;2;2;0.0513429685891485;1;0.931341711241347;0;0.0232318603371669;0;4
"Aggr";25;"C1 CHFU";1.1;0.1;1;2;1;1;0.0508197377695519;1;0;0;8.73439071777944e-06;0;2
"Aggr";26;"C1 CHMI";2.2;1.2;1;4;2;2;0.111970573841927;1;0;0;8.73439071777944e-06;0;2
"Aggr";27;"C1 LEMA";1.02127659574468;0.0212765957446809;1;2;1;1;0.0223481602506141;1;1;0;0.0162916365929561;0;2
"Aggr";28;"C2 CHMI";1.66666666666667;0.666666666666667;1;2;1;1;0.0957850903951002;1;0;0;8.73439071777943e-06;0;2
"Aggr";29;"C2 LEMA";3.06382978723404;2.06382978723404;1;6;3;3;0.0980552678113885;1;0.505913297680424;0;0.0103945823213567;0;2
"Aggr";30;"C3 CHFU";2.1;1.1;1;4;2;2;0.0991303222573051;1;0;0;8.73439071777944e-06;0;2
"Aggr";31;"C3 LEMA";1.66533797933935;0.665337979339352;1;8;4;4;0.099949677075694;1;0.59651002998694;0;0.0242954263269005;0;6
"Aggr";32;"C3 PUPA";1.15384615384615;0.153846153846154;1;2;1;1;0.0381865821731878;1;0.174380386154142;0;0.0310557016829575;0;2
"Aggr";33;"C4 LEMA";2.59094028826356;1.59094028826356;1;8;4;4;0.0867650120235421;1;0.644556094589115;0;0.0216298710982959;0;4
"Aggr";34;"C5 LEMA";1.02127659574468;0.0212765957446809;1;2;1;1;0.0223481602506183;1;1;0;0.0162916365929561;0;2
"Aggr";35;"C6 CHFU";2;1;1;2;1;1;0.37390617139338;1;1;0;0.0162916365929561;0;2
"Aggr";36;"D1 CHFU";2;1;1;2;1;1;0.0980372986063219;1;0;0;8.73439071777944e-06;0;2
"Aggr";37;"D2 CHFU";1.1;0.1;1;2;1;1;0.0508197377695722;1;0;0;8.73439071777944e-06;0;2
"Aggr";38;"D2 LEMA";2.05353466026081;1.05353466026081;1;6;3;3;0.0630777758925695;1;0.66801359357216;0;0.0258072650684748;0;4
"Aggr";39;"D3 LEMA";1.06966369251887;0.0696636925188744;1;4;2;2;0.0429126763795699;1;0.871265708577525;0;0.0293045561133513;0;4
"Aggr";40;"D4 CHFU";1.1;0.1;1;2;1;1;0.0508197377695977;1;0;0;8.73439071777944e-06;0;2
"Aggr";41;"D4 PUPA";1.5;0.5;1;2;1;1;0.0491195659181058;1;0.00410577358436628;0;0.0107982548508359;0;2
"Aggr";42;"D5 LEMA";2.04255319148936;1.04255319148936;1;4;2;2;0.0571974745553793;1;0.51091949662708;0;0.0133353011668043;0;4
"Aggr";43;"D5 PUPA";2;1;1;2;1;1;0.041725533013585;1;0.0153458180819065;0;0.0196530317739769;0;2
"Aggr";44;"D6 LEMA";1.1912517818489;0.191251781848899;1;6;3;3;0.0526839863424958;1;0.544278762602913;0;0.0280113089780885;0;6
"Aggr";45;"E1 LEMA";2.24993400559633;1.24993400559633;1;8;4;4;0.0959930872347083;1;0.626507486260949;0;0.0235571411606185;0;6
"Aggr";46;"E1 PUPA";1.41025641025641;0.41025641025641;1;4;2;2;0.0503455494893373;1;0.0900640118004702;0;0.0185549273731032;0;4
"Aggr";47;"E2 LEMA";1.62792480911904;0.627924809119044;1;10;5;5;0.0772351418895185;1;0.559902048804719;0;0.0252978324436249;0;6
"Aggr";48;"E2 PUPA";1.58333333333333;0.583333333333333;1;4;2;2;0.0546993585079891;1;0.038439101701146;0;0.0127663119124313;0;4
"Aggr";49;"E3 LEMA";1.18026277085989;0.180262770859888;1;6;3;3;0.0383997433659124;1;0.633161614686287;0;0.0231374344360176;0;6
"Aggr";50;"E4 CHFU";1.7;0.7;1;4;2;2;0.124731740490768;1;0;0;8.73439071777944e-06;0;4
"Aggr";51;"E4 LEMA";1.06382978723404;0.0638297872340425;1;2;1;1;0.0376332911698031;1;1;0;0.0162916365929561;0;2
"Aggr";52;"E5 LEMA";1.03740562800275;0.0374056280027454;1;4;2;2;0.0292029989602578;1;0.914177139051684;0;0.0249669162732196;0;4
"Aggr";53;"E6 LEMA";1.51612903225806;0.516129032258065;1;4;2;2;0.0407177900957832;1;0.427411544845157;0;0.021931675486634;0;4
"Aggr";54;"F1 LEMA";1.14658676944195;0.146586769441951;1;6;3;3;0.0546531700707702;1;0.731888644092849;0;0.0296547852272725;0;6
"Aggr";55;"F1 PUPA";1.57692307692308;0.576923076923077;1;4;2;2;0.0608600596092273;1;0.0608639777742914;0;0.0175507371282098;0;2
"Aggr";56;"F2 CHFU";2;1;1;4;2;2;0.0915056140572095;1;0;0;8.73439071777943e-06;0;4
"Aggr";57;"F2 LEMA";1.60123541523679;0.601235415236788;1;6;3;3;0.0668853212104299;1;0.807905841582204;0;0.0178924210759666;0;4
"Aggr";58;"F3 LEMA";1.28802597539729;0.288025975397286;1;6;3;3;0.093813018600565;1;0.714724071903185;0;0.0313898411633252;0;6
"Aggr";59;"F4 CHFU";1.6;0.6;1;4;2;2;0.089821897293234;1;0;0;8.73439071777943e-06;0;4
"Aggr";60;"F4 LEMA";2.54838709677419;1.54838709677419;1;6;3;3;0.0768557504920216;1;0.504071252179342;0;0.0253433220268795;0;4
"Aggr";61;"F4 PUPA";1.15384615384615;0.153846153846154;1;2;1;1;0.0381865821731742;1;0.174380386154142;0;0.0310557016829575;0;2
"Aggr";62;"F5 LEMA";1.32311991371703;0.323119913717031;1;6;3;3;0.0475964877715254;1;0.492653852503588;0;0.0222226935174166;0;6
"Aggr";63;"F6 CHFU";1.1;0.1;1;2;1;1;0.0508197377695833;1;0;0;8.73439071777944e-06;0;2
"Aggr";64;"F6 CHMI";1.8;0.8;1;2;1;1;0.0841040233707343;1;0;0;8.73439071777944e-06;0;2
"Aggr";65;"F6 LEMA";1.49308755760369;0.493087557603687;1;4;2;2;0.0697151828465293;1;0.503829830039993;0;0.0275720280141104;0;4
"Aggr";66;"F6 PUPA";1.82692307692308;0.826923076923077;1;4;2;2;0.0747289966116653;1;0.0969430210051554;0;0.0223727784919496;0;4
"Aggr";67;"Andrena";5.5;2.5;3;8;4;4;0.134630897992316;1;0;0.0246579007828552;1;0;4
"Aggr";68;"Bee.sirphid";2.16666666666667;1.16666666666667;1;4;2;2;0.102056512617049;1;0;0;8.73439071777944e-06;0;2
"Aggr";69;"Black_small_fly";2;1;1;2;1;1;0.0980372986063088;1;0;0;8.73439071777944e-06;0;2
"Aggr";70;"Bombilus_major";2.83333333333333;0.833333333333333;2;4;2;2;0.0640158796362118;1;0;0.0218389932541601;0.0157828349016251;0;4
"Aggr";71;"Bombylidae";4.65476190476191;2.6547619047619;2;12;6;6;0.151475790210271;1;0;0.071130565955493;0.0296240407490775;0;6
"Aggr";72;"Brassicogethes";15.668253968254;13.668253968254;2;54;27;27;1;1;0;0.828354278103367;0.0511684033815298;0;6
"Aggr";73;"Calliphoridae";1.83333333333333;0.833333333333333;1;2;1;1;0.0940180845956175;1;0;0;8.73439071777943e-06;0;2
"Aggr";74;"Cerambycidae";1.14285714285714;0.142857142857143;1;2;1;1;0.0252413462508896;1;0;0.00774905642383757;0.0142229325030672;0;2
"Aggr";75;"Conophorus";1.33333333333333;0.333333333333333;1;2;1;1;0.0424879206708173;1;0;0.0141919144330183;0.00683661314878015;0;2
"Aggr";76;"Curculionidae_6_10_3";1.5;0.5;1;2;1;1;0.0568359817501531;1;0;0;8.73439071777944e-06;0;2
"Aggr";77;"Dilophus";1.83333333333333;0.833333333333333;1;4;2;2;0.0889361405711031;1;0;0;8.73439071777944e-06;0;4
"Aggr";78;"Elateridae";1.30952380952381;0.30952380952381;1;4;2;2;0.0347167667557412;1;0;0.0190807713898602;0.0129943926771807;0;4
"Aggr";79;"Geometridae";1.125;0.125;1;2;1;1;0.0249048603094695;1;0;0.00659056157257595;0.015489961098851;0;2
"Aggr";80;"Malachius_bipustulatus";1.42063492063492;0.420634920634921;1;6;3;3;0.0444617670462929;1;0;0.0170948333166672;0.040582793736222;0;6
"Aggr";81;"Musca.jar";2;1;1;2;1;1;0.0980372986063162;1;0;0;8.73439071777944e-06;0;2
"Aggr";82;"Musca_sp.";3;2;1;4;2;2;0.143081462830854;1;0;0;8.73439071777943e-06;0;2
"Aggr";83;"Muscidae";2;1;1;4;2;2;0.0917697871145696;1;0;0;8.73439071777943e-06;0;4
"Aggr";84;"Pieris_brassicae";2.33333333333333;1.33333333333333;1;6;3;3;0.0843510388489337;1;0;0.00574763744679848;0.00920438669134095;0;4
"Aggr";85;"Psilothrix_viridicoerulea";15.890873015873;13.890873015873;2;54;27;27;0.845177827299654;1;0;1;0.0247765652404125;0;6
"Aggr";86;"Rainbow_beetle";1.16666666666667;0.166666666666667;1;2;1;1;0.028596757730872;1;0;0.00709595721650914;0.00683661314878015;0;2
"Aggr";87;"Sarcophaga";1.42857142857143;0.428571428571429;1;2;1;1;0.0435298055025041;1;0;0.0173401502568591;0.0155162502019286;0;2
"Aggr";88;"Small.bee.1.18.6";4.66666666666667;2.66666666666667;2;6;3;3;0.161948099421733;1;0;0.00410577358436598;0.0164206132060797;0;2
"Aggr";89;"Small.bee.1.8.6";10.0428571428571;8.04285714285714;2;30;15;15;0.359120983494433;1;0;0.174380386154142;0.0472341015113587;0;6
"Aggr";90;"Sphaerophoria_scripta";1.7;0.7;1;4;2;2;0.045076133165258;1;0;0.0264688115869468;0.0155427899027567;0;4
"Aggr";91;"Tabanidae";2.53333333333333;0.533333333333333;2;4;2;2;0.0527724305338312;1;0;0.0088246149996606;0.0236771648691383;0;4
"Aggr";92;"Ulidiidae";8.66666666666667;7.66666666666667;1;18;9;9;0.424872270336639;1;0;0;8.73439071777944e-06;0;4
"Aggr";93;"X1.29.5";3.25;1.25;2;4;2;2;0.0635763252293766;1;0;0.0153458180819063;0.0298895645220183;0;2
