"Layer";"Node";"Label";"Degree";"DegreeIn";"DegreeOut";"Strength";"StrengthIn";"StrengthOut";"PageRank";"Eigenvector";"Hub";"Authority";"Katz";"Multiplexity";"Kcore"
"1";1;"A1 LEMA";0;0;0;0;0;0;0.15;0;0;1.96261557335472e-17;0;0;0
"1";2;"A2 CHFU";0;0;0;0;0;0;0.15;0;0;0;0;0;0
"1";3;"A2 LEMA";0;0;0;0;0;0;0.15;0;0;0;0;0;0
"1";4;"A2 PUPA";0;0;0;0;0;0;0.15;0;0;0;0;0;0
"1";5;"A3 CETE";0;0;0;0;0;0;0.15;0;0;0;0;0;0
"1";6;"A3 CHFU";0;0;0;0;0;0;0.15;0;0;0;0;0;0
"1";7;"A3 LEMA";0;0;0;0;0;0;0.15;0;0;0;0;0;0
"1";8;"A4 BEMA";2;1;1;2;1;1;1;1;0;0;1;0;2
"1";9;"A4 LEMA";0;0;0;0;0;0;0.15;0;0;0;0;0;0
"1";10;"A5 CETE";0;0;0;0;0;0;0.15;0;1.96261557335472e-17;0;0;0;0
"1";11;"A5 CHFU";0;0;0;0;0;0;0.15;0;0;0;0;0;0
"1";12;"A5 LEMA";0;0;0;0;0;0;0.15;0;0;0;0;0;0
"1";13;"A5 PUPA";0;0;0;0;0;0;0.15;0;0;0;0;0;0
"1";14;"A6 LEMA";0;0;0;0;0;0;0.15;0;0;0;0;0;0
"1";15;"A6 PUPA";0;0;0;0;0;0;0.15;0;0;0;0;0;0
"1";16;"B1 CETE";0;0;0;0;0;0;0.15;0;0;0;0;0;0
"1";17;"B1 LEMA";0;0;0;0;0;0;0.15;0;0;0;0;0;0
"1";18;"B1 PUPA";0;0;0;0;0;0;0.15;0;0;0;0;0;0
"1";19;"B2 CETE";0;0;0;0;0;0;0.15;0;0;0;0;0;0
"1";20;"B2 CHFU";0;0;0;0;0;0;0.15;0;0;0;0;0;0
"1";21;"B2 LEMA";0;0;0;0;0;0;0.15;0;0;1.96261557335472e-17;0;0;0
"1";22;"B3 CHFU";0;0;0;0;0;0;0.15;0;0;0;0;0;0
"1";23;"B3 LEMA";0;0;0;0;0;0;0.15;0;0;0;0;0;0
"1";24;"B4 LEMA";0;0;0;0;0;0;0.15;0;0;0;0;0;0
"1";25;"B5 LEMA";0;0;0;0;0;0;0.15;0;0;0;0;0;0
"1";26;"B6 LEMA";0;0;0;0;0;0;0.15;0;1.96261557335472e-17;0;0;0;0
"1";27;"C1 CHFU";0;0;0;0;0;0;0.15;0;0;0;0;0;0
"1";28;"C2 CHFU";0;0;0;0;0;0;0.15;0;0;0;0;0;0
"1";29;"C2 LEMA";0;0;0;0;0;0;0.15;0;0;0;0;0;0
"1";30;"C2 PUPA";0;0;0;0;0;0;0.15;0;0;0;0;0;0
"1";31;"C3 LEMA";0;0;0;0;0;0;0.15;0;0;0;0;0;0
"1";32;"C4 LEMA";0;0;0;0;0;0;0.15;0;0;0;0;0;0
"1";33;"C5 LEMA";0;0;0;0;0;0;0.15;0;0;0;0;0;0
"1";34;"C5 PUPA";0;0;0;0;0;0;0.15;0;0;0;0;0;0
"1";35;"C6 CETE";0;0;0;0;0;0;0.15;0;0;0;0;0;0
"1";36;"C6 LEMA";0;0;0;0;0;0;0.15;0;1.96261557335472e-17;0;0;0;0
"1";37;"C6 PUPA";0;0;0;0;0;0;0.15;0;1.96261557335472e-17;0;0;0;0
"1";38;"D1 CHFU";0;0;0;0;0;0;0.15;0;0;0;0;0;0
"1";39;"D1 LEMA";0;0;0;0;0;0;0.15;0;0;0;0;0;0
"1";40;"D2 CETE";0;0;0;0;0;0;0.15;0;0;0;0;0;0
"1";41;"D2 LEMA";0;0;0;0;0;0;0.15;0;0;0;0;0;0
"1";42;"D3 LEMA";0;0;0;0;0;0;0.15;0;1.96261557335472e-17;0;0;0;0
"1";43;"D4 CHFU";0;0;0;0;0;0;0.15;0;0;0;0;0;0
"1";44;"D4 LEMA";0;0;0;0;0;0;0.15;0;0;0;0;0;0
"1";45;"D5 LEMA";0;0;0;0;0;0;0.15;0;0;0;0;0;0
"1";46;"D6 LEMA";0;0;0;0;0;0;0.15;0;0;0;0;0;0
"1";47;"E1 LEMA";0;0;0;0;0;0;0.15;0;0;0;0;0;0
"1";48;"E2 CETE";0;0;0;0;0;0;0.15;0;0;0;0;0;0
"1";49;"E2 CHFU";0;0;0;0;0;0;0.15;0;0;0;0;0;0
"1";50;"E2 LEMA";0;0;0;0;0;0;0.15;0;0;0;0;0;0
"1";51;"E3 CHFU";0;0;0;0;0;0;0.15;0;0;0;0;0;0
"1";52;"E3 LEMA";0;0;0;0;0;0;0.15;0;0;0;0;0;0
"1";53;"E4 CETE";0;0;0;0;0;0;0.15;0;0;0;0;0;0
"1";54;"E4 LEMA";0;0;0;0;0;0;0.15;0;0;0;0;0;0
"1";55;"E5 CETE";0;0;0;0;0;0;0.15;0;0;0;0;0;0
"1";56;"E5 LEMA";0;0;0;0;0;0;0.15;0;0;0;0;0;0
"1";57;"E6 LEMA";0;0;0;0;0;0;0.15;0;0;0;0;0;0
"1";58;"E6 PUPA";0;0;0;0;0;0;0.15;0;0;0;0;0;0
"1";59;"F1 LEMA";0;0;0;0;0;0;0.15;0;0;0;0;0;0
"1";60;"F2 CHFU";0;0;0;0;0;0;0.15;0;0;0;0;0;0
"1";61;"F2 LEMA";0;0;0;0;0;0;0.15;0;0;0;0;0;0
"1";62;"F3 CETE";0;0;0;0;0;0;0.15;0;1.96261557335472e-17;0;0;0;0
"1";63;"F3 LEMA";0;0;0;0;0;0;0.15;0;0;0;0;0;0
"1";64;"F4 LEMA";0;0;0;0;0;0;0.15;0;0;0;0;0;0
"1";65;"F5 LEMA";0;0;0;0;0;0;0.15;0;0;0;0;0;0
"1";66;"F6 LEMA";0;0;0;0;0;0;0.15;0;0;0;0;0;0
"1";67;"Andrena";0;0;0;0;0;0;0.15;0;0;0;0;0;0
"1";68;"Bee_4.19.5";0;0;0;0;0;0;0.15;0;0;0;0;0;0
"1";69;"Big.bee.2.8.6";0;0;0;0;0;0;0.15;0;0;0;0;0;0
"1";70;"Black_small_fly";0;0;0;0;0;0;0.15;0;0;0;0;0;0
"1";71;"Bombilus_major";0;0;0;0;0;0;0.15;0;0;0;0;0;0
"1";72;"Bombylidae";0;0;0;0;0;0;0.15;0;0;0;0;0;0
"1";73;"Brassicogethes";0;0;0;0;0;0;0.15;0;0;0;0;0;0
"1";74;"Cerambycidae";0;0;0;0;0;0;0.15;0;0;0;0;0;0
"1";75;"Conophorus";0;0;0;0;0;0;0.15;0;0;0;0;0;0
"1";76;"Cryptocephalus";0;0;0;0;0;0;0.15;0;0;0;0;0;0
"1";77;"Cylindromyia";2;1;1;2;1;1;1;1;1;1;1;0;2
"1";78;"Dilophus";0;0;0;0;0;0;0.15;0;1.96261557335472e-17;0;0;0;0
"1";79;"Elateridae";0;0;0;0;0;0;0.15;0;0;0;0;0;0
"1";80;"Eristalis_sp.";0;0;0;0;0;0;0.15;0;0;0;0;0;0
"1";81;"Eucera";0;0;0;0;0;0;0.15;0;0;0;0;0;0
"1";82;"Fly_jar";0;0;0;0;0;0;0.15;0;0;0;0;0;0
"1";83;"Mordellidae";0;0;0;0;0;0;0.15;0;0;0;0;0;0
"1";84;"Musca";0;0;0;0;0;0;0.15;0;1.96261557335472e-17;0;0;0;0
"1";85;"Musca.jar";0;0;0;0;0;0;0.15;0;1.96261557335472e-17;0;0;0;0
"1";86;"Musca_sp.";0;0;0;0;0;0;0.15;0;0;0;0;0;0
"1";87;"Oedemeridae";0;0;0;0;0;0;0.15;0;0;0;0;0;0
"1";88;"Psilothrix_viridicoerulea";0;0;0;0;0;0;0.15;0;0;0;0;0;0
"1";89;"Small.bee.1.18.6";0;0;0;0;0;0;0.15;0;0;0;0;0;0
"1";90;"Small.bee.1.8.6";0;0;0;0;0;0;0.15;0;0;0;0;0;0
"1";91;"Sphaerophoria_scripta";0;0;0;0;0;0;0.15;0;0;0;0;0;0
"1";92;"Ulidiidae";0;0;0;0;0;0;0.15;0;0;1.96261557335472e-17;0;0;0
"1";93;"X1.29.5";0;0;0;0;0;0;0.15;0;0;0;0;0;0
"2";1;"A1 LEMA";0;0;0;0;0;0;0.0630681818181818;0;2.77555756156289e-17;1.38777878078145e-17;0;0;0
"2";2;"A2 CHFU";0;0;0;0;0;0;0.0630681818181818;0;2.77555756156289e-17;1.38777878078145e-17;0;0;0
"2";3;"A2 LEMA";0;0;0;0;0;0;0.0630681818181818;0;2.77555756156289e-17;1.38777878078145e-17;0;0;0
"2";4;"A2 PUPA";0;0;0;0;0;0;0.0630681818181818;0;2.77555756156289e-17;1.38777878078145e-17;0;0;0
"2";5;"A3 CETE";2;1;1;1.2;0.2;1;0.233068181818182;0;1;0;0.1999987999976;0;2
"2";6;"A3 CHFU";0;0;0;0;0;0;0.0630681818181818;0;2.77555756156289e-17;1.38777878078145e-17;0;0;0
"2";7;"A3 LEMA";0;0;0;0;0;0;0.0630681818181818;0;2.77555756156289e-17;1.38777878078145e-17;0;0;0
"2";8;"A4 BEMA";0;0;0;0;0;0;0.0630681818181818;0;2.77555756156289e-17;1.38777878078145e-17;0;0;0
"2";9;"A4 LEMA";0;0;0;0;0;0;0.0630681818181818;0;2.77555756156289e-17;1.38777878078145e-17;0;0;0
"2";10;"A5 CETE";2;1;1;1.4;0.4;1;0.403068181818182;0;1;0;0.3999975999952;0;2
"2";11;"A5 CHFU";0;0;0;0;0;0;0.0630681818181818;0;2.77555756156289e-17;1.38777878078145e-17;0;0;0
"2";12;"A5 LEMA";0;0;0;0;0;0;0.0630681818181818;0;2.77555756156289e-17;1.38777878078145e-17;0;0;0
"2";13;"A5 PUPA";0;0;0;0;0;0;0.0630681818181818;0;2.77555756156289e-17;1.38777878078145e-17;0;0;0
"2";14;"A6 LEMA";0;0;0;0;0;0;0.0630681818181818;0;2.77555756156289e-17;1.38777878078145e-17;0;0;0
"2";15;"A6 PUPA";0;0;0;0;0;0;0.0630681818181818;0;2.77555756156289e-17;1.38777878078145e-17;0;0;0
"2";16;"B1 CETE";2;1;1;1.33333333333333;0.333333333333333;1;0.236931818181818;0;5.55111512312578e-17;5.55111512312579e-17;0.19999906666369;0;2
"2";17;"B1 LEMA";0;0;0;0;0;0;0.0630681818181818;0;2.77555756156289e-17;1.38777878078145e-17;0;0;0
"2";18;"B1 PUPA";0;0;0;0;0;0;0.0630681818181818;0;2.77555756156289e-17;1.38777878078145e-17;0;0;0
"2";19;"B2 CETE";2;1;1;1.2;0.2;1;0.233068181818182;0;1;0;0.1999987999976;0;2
"2";20;"B2 CHFU";0;0;0;0;0;0;0.0630681818181818;0;2.77555756156289e-17;1.38777878078145e-17;0;0;0
"2";21;"B2 LEMA";0;0;0;0;0;0;0.0630681818181818;0;2.77555756156289e-17;1.38777878078145e-17;0;0;0
"2";22;"B3 CHFU";0;0;0;0;0;0;0.0630681818181818;0;2.77555756156289e-17;1.38777878078145e-17;0;0;0
"2";23;"B3 LEMA";0;0;0;0;0;0;0.0630681818181818;0;2.77555756156289e-17;1.38777878078145e-17;0;0;0
"2";24;"B4 LEMA";0;0;0;0;0;0;0.0630681818181818;0;2.77555756156289e-17;1.38777878078145e-17;0;0;0
"2";25;"B5 LEMA";0;0;0;0;0;0;0.0630681818181818;0;2.77555756156289e-17;1.38777878078145e-17;0;0;0
"2";26;"B6 LEMA";0;0;0;0;0;0;0.0630681818181818;0;2.77555756156289e-17;1.38777878078145e-17;0;0;0
"2";27;"C1 CHFU";0;0;0;0;0;0;0.0630681818181818;0;2.77555756156289e-17;1.38777878078145e-17;0;0;0
"2";28;"C2 CHFU";0;0;0;0;0;0;0.0630681818181818;0;2.77555756156289e-17;1.38777878078145e-17;0;0;0
"2";29;"C2 LEMA";0;0;0;0;0;0;0.0630681818181818;0;2.77555756156289e-17;1.38777878078145e-17;0;0;0
"2";30;"C2 PUPA";0;0;0;0;0;0;0.0630681818181818;0;2.77555756156289e-17;1.38777878078145e-17;0;0;0
"2";31;"C3 LEMA";0;0;0;0;0;0;0.0630681818181818;0;2.77555756156289e-17;1.38777878078145e-17;0;0;0
"2";32;"C4 LEMA";0;0;0;0;0;0;0.0630681818181818;0;2.77555756156289e-17;1.38777878078145e-17;0;0;0
"2";33;"C5 LEMA";0;0;0;0;0;0;0.0630681818181818;0;2.77555756156289e-17;1.38777878078145e-17;0;0;0
"2";34;"C5 PUPA";0;0;0;0;0;0;0.0630681818181818;0;2.77555756156289e-17;1.38777878078145e-17;0;0;0
"2";35;"C6 CETE";2;1;1;2;1;1;0.420454545454545;0;5.55111512312578e-17;2.77555756156289e-17;0.39999879999871;0;2
"2";36;"C6 LEMA";0;0;0;0;0;0;0.0630681818181818;0;2.77555756156289e-17;1.38777878078145e-17;0;0;0
"2";37;"C6 PUPA";0;0;0;0;0;0;0.0630681818181818;0;2.77555756156289e-17;1.38777878078145e-17;0;0;0
"2";38;"D1 CHFU";0;0;0;0;0;0;0.0630681818181818;0;2.77555756156289e-17;1.38777878078145e-17;0;0;0
"2";39;"D1 LEMA";0;0;0;0;0;0;0.0630681818181818;0;2.77555756156289e-17;1.38777878078145e-17;0;0;0
"2";40;"D2 CETE";2;1;1;1.5;0.5;1;0.323863636363636;0;5.55111512312578e-17;2.77555756156289e-17;0.299998599998033;0;2
"2";41;"D2 LEMA";0;0;0;0;0;0;0.0630681818181818;0;2.77555756156289e-17;1.38777878078145e-17;0;0;0
"2";42;"D3 LEMA";0;0;0;0;0;0;0.0630681818181818;0;2.77555756156289e-17;1.38777878078145e-17;0;0;0
"2";43;"D4 CHFU";0;0;0;0;0;0;0.0630681818181818;0;2.77555756156289e-17;1.38777878078145e-17;0;0;0
"2";44;"D4 LEMA";0;0;0;0;0;0;0.0630681818181818;0;2.77555756156289e-17;1.38777878078145e-17;0;0;0
"2";45;"D5 LEMA";0;0;0;0;0;0;0.0630681818181818;0;2.77555756156289e-17;1.38777878078145e-17;0;0;0
"2";46;"D6 LEMA";0;0;0;0;0;0;0.0630681818181818;0;2.77555756156289e-17;1.38777878078145e-17;0;0;0
"2";47;"E1 LEMA";0;0;0;0;0;0;0.0630681818181818;0;2.77555756156289e-17;1.38777878078145e-17;0;0;0
"2";48;"E2 CETE";2;1;1;2;1;1;0.420454545454545;0;5.55111512312578e-17;2.77555756156289e-17;0.39999879999871;0;2
"2";49;"E2 CHFU";0;0;0;0;0;0;0.0630681818181818;0;2.77555756156289e-17;1.38777878078145e-17;0;0;0
"2";50;"E2 LEMA";0;0;0;0;0;0;0.0630681818181818;0;2.77555756156289e-17;1.38777878078145e-17;0;0;0
"2";51;"E3 CHFU";0;0;0;0;0;0;0.0630681818181818;0;2.77555756156289e-17;1.38777878078145e-17;0;0;0
"2";52;"E3 LEMA";0;0;0;0;0;0;0.0630681818181818;0;2.77555756156289e-17;1.38777878078145e-17;0;0;0
"2";53;"E4 CETE";2;1;1;1.5;0.5;1;0.323863636363636;0;5.55111512312578e-17;2.77555756156289e-17;0.299998599998033;0;2
"2";54;"E4 LEMA";0;0;0;0;0;0;0.0630681818181818;0;2.77555756156289e-17;1.38777878078145e-17;0;0;0
"2";55;"E5 CETE";2;1;1;1.66666666666667;0.666666666666667;1;0.410795454545454;0;5.55111512312578e-17;5.55111512312579e-17;0.39999813332738;0;2
"2";56;"E5 LEMA";0;0;0;0;0;0;0.0630681818181818;0;2.77555756156289e-17;1.38777878078145e-17;0;0;0
"2";57;"E6 LEMA";0;0;0;0;0;0;0.0630681818181818;0;2.77555756156289e-17;1.38777878078145e-17;0;0;0
"2";58;"E6 PUPA";0;0;0;0;0;0;0.0630681818181818;0;2.77555756156289e-17;1.38777878078145e-17;0;0;0
"2";59;"F1 LEMA";0;0;0;0;0;0;0.0630681818181818;0;2.77555756156289e-17;1.38777878078145e-17;0;0;0
"2";60;"F2 CHFU";0;0;0;0;0;0;0.0630681818181818;0;2.77555756156289e-17;1.38777878078145e-17;0;0;0
"2";61;"F2 LEMA";0;0;0;0;0;0;0.0630681818181818;0;2.77555756156289e-17;1.38777878078145e-17;0;0;0
"2";62;"F3 CETE";2;1;1;1.2;0.2;1;0.233068181818182;0;1;0;0.1999987999976;0;2
"2";63;"F3 LEMA";0;0;0;0;0;0;0.0630681818181818;0;2.77555756156289e-17;1.38777878078145e-17;0;0;0
"2";64;"F4 LEMA";0;0;0;0;0;0;0.0630681818181818;0;2.77555756156289e-17;1.38777878078145e-17;0;0;0
"2";65;"F5 LEMA";0;0;0;0;0;0;0.0630681818181818;0;2.77555756156289e-17;1.38777878078145e-17;0;0;0
"2";66;"F6 LEMA";0;0;0;0;0;0;0.0630681818181818;0;2.77555756156289e-17;1.38777878078145e-17;0;0;0
"2";67;"Andrena";2;1;1;2;1;1;0.420454545454545;0;5.55111512312578e-17;2.77555756156289e-17;0.39999879999871;0;2
"2";68;"Bee_4.19.5";0;0;0;0;0;0;0.0630681818181818;0;2.77555756156289e-17;1.38777878078145e-17;0;0;0
"2";69;"Big.bee.2.8.6";0;0;0;0;0;0;0.0630681818181818;0;2.77555756156289e-17;1.38777878078145e-17;0;0;0
"2";70;"Black_small_fly";0;0;0;0;0;0;0.0630681818181818;0;2.77555756156289e-17;1.38777878078145e-17;0;0;0
"2";71;"Bombilus_major";8;4;4;5;4;1;1;0;4.44089209850063e-16;1;1;0;2
"2";72;"Bombylidae";4;2;2;3;2;1;0.613636363636363;0;1.11022302462516e-16;2.22044604925031e-16;0.599999199995069;0;2
"2";73;"Brassicogethes";0;0;0;0;0;0;0.0630681818181818;0;2.77555756156289e-17;1.38777878078145e-17;0;0;0
"2";74;"Cerambycidae";0;0;0;0;0;0;0.0630681818181818;0;2.77555756156289e-17;1.38777878078145e-17;0;0;0
"2";75;"Conophorus";0;0;0;0;0;0;0.0630681818181818;0;2.77555756156289e-17;1.38777878078145e-17;0;0;0
"2";76;"Cryptocephalus";0;0;0;0;0;0;0.0630681818181818;0;2.77555756156289e-17;1.38777878078145e-17;0;0;0
"2";77;"Cylindromyia";0;0;0;0;0;0;0.0630681818181818;0;2.77555756156289e-17;1.38777878078145e-17;0;0;0
"2";78;"Dilophus";0;0;0;0;0;0;0.0630681818181818;0;2.77555756156289e-17;1.38777878078145e-17;0;0;0
"2";79;"Elateridae";0;0;0;0;0;0;0.0630681818181818;0;2.77555756156289e-17;1.38777878078145e-17;0;0;0
"2";80;"Eristalis_sp.";0;0;0;0;0;0;0.0630681818181818;0;2.77555756156289e-17;1.38777878078145e-17;0;0;0
"2";81;"Eucera";0;0;0;0;0;0;0.0630681818181818;0;2.77555756156289e-17;1.38777878078145e-17;0;0;0
"2";82;"Fly_jar";0;0;0;0;0;0;0.0630681818181818;0;2.77555756156289e-17;1.38777878078145e-17;0;0;0
"2";83;"Mordellidae";0;0;0;0;0;0;0.0630681818181818;0;2.77555756156289e-17;1.38777878078145e-17;0;0;0
"2";84;"Musca";0;0;0;0;0;0;0.0630681818181818;0;2.77555756156289e-17;1.38777878078145e-17;0;0;0
"2";85;"Musca.jar";0;0;0;0;0;0;0.0630681818181818;0;2.77555756156289e-17;1.38777878078145e-17;0;0;0
"2";86;"Musca_sp.";0;0;0;0;0;0;0.0630681818181818;0;2.77555756156289e-17;1.38777878078145e-17;0;0;0
"2";87;"Oedemeridae";0;0;0;0;0;0;0.0630681818181818;0;2.77555756156289e-17;1.38777878078145e-17;0;0;0
"2";88;"Psilothrix_viridicoerulea";0;0;0;0;0;0;0.0630681818181818;0;2.77555756156289e-17;1.38777878078145e-17;0;0;0
"2";89;"Small.bee.1.18.6";2;1;1;2;1;1;0.420454545454545;0;5.55111512312578e-17;2.77555756156289e-17;0.39999879999871;0;2
"2";90;"Small.bee.1.8.6";0;0;0;0;0;0;0.0630681818181818;0;2.77555756156289e-17;1.38777878078145e-17;0;0;0
"2";91;"Sphaerophoria_scripta";0;0;0;0;0;0;0.0630681818181818;0;2.77555756156289e-17;1.38777878078145e-17;0;0;0
"2";92;"Ulidiidae";0;0;0;0;0;0;0.0630681818181818;0;2.77555756156289e-17;1.38777878078145e-17;0;0;0
"2";93;"X1.29.5";4;2;2;3;2;1;0.613636363636363;0;2.22044604925031e-16;2.22044604925031e-16;0.599999200000065;0;2
"3";1;"A1 LEMA";0;0;0;0;0;0;0.0292105263157895;0;0;0;0;0;0
"3";2;"A2 CHFU";2;1;1;1.23529411764706;0.235294117647059;1;0.22921052631579;0.235294117647059;1;0;0.235292192511619;0;2
"3";3;"A2 LEMA";0;0;0;0;0;0;0.0292105263157895;0;0;0;0;0;0
"3";4;"A2 PUPA";0;0;0;0;0;0;0.0292105263157895;0;0;0;0;0;0
"3";5;"A3 CETE";0;0;0;0;0;0;0.0292105263157895;0;0;0;0;0;0
"3";6;"A3 CHFU";2;1;1;1.05882352941176;0.0588235294117647;1;0.0792105263157895;0.0588235294117647;1;0;0.0588230481279047;0;2
"3";7;"A3 LEMA";0;0;0;0;0;0;0.0292105263157895;0;0;0;0;0;0
"3";8;"A4 BEMA";0;0;0;0;0;0;0.0292105263157895;0;0;0;0;0;0
"3";9;"A4 LEMA";0;0;0;0;0;0;0.0292105263157895;0;0;0;0;0;0
"3";10;"A5 CETE";0;0;0;0;0;0;0.0292105263157895;0;0;0;0;0;0
"3";11;"A5 CHFU";2;1;1;1.05882352941176;0.0588235294117647;1;0.0792105263157895;0.0588235294117647;1;0;0.0588230481279047;0;2
"3";12;"A5 LEMA";0;0;0;0;0;0;0.0292105263157895;0;0;0;0;0;0
"3";13;"A5 PUPA";0;0;0;0;0;0;0.0292105263157895;0;0;0;0;0;0
"3";14;"A6 LEMA";0;0;0;0;0;0;0.0292105263157895;0;0;0;0;0;0
"3";15;"A6 PUPA";0;0;0;0;0;0;0.0292105263157895;0;0;0;0;0;0
"3";16;"B1 CETE";0;0;0;0;0;0;0.0292105263157895;0;0;0;0;0;0
"3";17;"B1 LEMA";0;0;0;0;0;0;0.0292105263157895;0;0;0;0;0;0
"3";18;"B1 PUPA";0;0;0;0;0;0;0.0292105263157895;0;0;0;0;0;0
"3";19;"B2 CETE";0;0;0;0;0;0;0.0292105263157895;0;0;0;0;0;0
"3";20;"B2 CHFU";2;1;1;1.11764705882353;0.117647058823529;1;0.129210526315789;0.117647058823529;1;0;0.117646096255809;0;2
"3";21;"B2 LEMA";0;0;0;0;0;0;0.0292105263157895;0;0;0;0;0;0
"3";22;"B3 CHFU";2;1;1;1.05882352941176;0.0588235294117647;1;0.0792105263157895;0.0588235294117647;1;0;0.0588230481279047;0;2
"3";23;"B3 LEMA";0;0;0;0;0;0;0.0292105263157895;0;0;0;0;0;0
"3";24;"B4 LEMA";0;0;0;0;0;0;0.0292105263157895;0;0;0;0;0;0
"3";25;"B5 LEMA";0;0;0;0;0;0;0.0292105263157895;0;0;0;0;0;0
"3";26;"B6 LEMA";0;0;0;0;0;0;0.0292105263157895;0;0;0;0;0;0
"3";27;"C1 CHFU";2;1;1;1.17647058823529;0.176470588235294;1;0.17921052631579;0.176470588235294;1;0;0.176469144383714;0;2
"3";28;"C2 CHFU";2;1;1;1.11764705882353;0.117647058823529;1;0.129210526315789;0.117647058823529;1;0;0.117646096255809;0;2
"3";29;"C2 LEMA";0;0;0;0;0;0;0.0292105263157895;0;0;0;0;0;0
"3";30;"C2 PUPA";0;0;0;0;0;0;0.0292105263157895;0;0;0;0;0;0
"3";31;"C3 LEMA";0;0;0;0;0;0;0.0292105263157895;0;0;0;0;0;0
"3";32;"C4 LEMA";0;0;0;0;0;0;0.0292105263157895;0;0;0;0;0;0
"3";33;"C5 LEMA";0;0;0;0;0;0;0.0292105263157895;0;0;0;0;0;0
"3";34;"C5 PUPA";0;0;0;0;0;0;0.0292105263157895;0;0;0;0;0;0
"3";35;"C6 CETE";0;0;0;0;0;0;0.0292105263157895;0;0;0;0;0;0
"3";36;"C6 LEMA";0;0;0;0;0;0;0.0292105263157895;0;0;0;0;0;0
"3";37;"C6 PUPA";0;0;0;0;0;0;0.0292105263157895;0;0;0;0;0;0
"3";38;"D1 CHFU";2;1;1;2;1;1;0.194736842105263;0.181818796680004;0;0;0.181817438017619;0;2
"3";39;"D1 LEMA";0;0;0;0;0;0;0.0292105263157895;0;0;0;0;0;0
"3";40;"D2 CETE";0;0;0;0;0;0;0.0292105263157895;0;0;0;0;0;0
"3";41;"D2 LEMA";0;0;0;0;0;0;0.0292105263157895;0;0;0;0;0;0
"3";42;"D3 LEMA";0;0;0;0;0;0;0.0292105263157895;0;0;0;0;0;0
"3";43;"D4 CHFU";2;1;1;1.05882352941176;0.0588235294117647;1;0.0792105263157895;0.0588235294117647;1;0;0.0588230481279047;0;2
"3";44;"D4 LEMA";0;0;0;0;0;0;0.0292105263157895;0;0;0;0;0;0
"3";45;"D5 LEMA";0;0;0;0;0;0;0.0292105263157895;0;0;0;0;0;0
"3";46;"D6 LEMA";0;0;0;0;0;0;0.0292105263157895;0;0;0;0;0;0
"3";47;"E1 LEMA";0;0;0;0;0;0;0.0292105263157895;0;0;0;0;0;0
"3";48;"E2 CETE";0;0;0;0;0;0;0.0292105263157895;0;0;0;0;0;0
"3";49;"E2 CHFU";2;1;1;2;1;1;0.194736842105263;0.181810029077391;0;0;0.181817438017619;0;2
"3";50;"E2 LEMA";0;0;0;0;0;0;0.0292105263157895;0;0;0;0;0;0
"3";51;"E3 CHFU";2;1;1;1.05882352941176;0.0588235294117647;1;0.0792105263157895;0.0588235294117647;1;0;0.0588230481279047;0;2
"3";52;"E3 LEMA";0;0;0;0;0;0;0.0292105263157895;0;0;0;0;0;0
"3";53;"E4 CETE";0;0;0;0;0;0;0.0292105263157895;0;0;0;0;0;0
"3";54;"E4 LEMA";0;0;0;0;0;0;0.0292105263157895;0;0;0;0;0;0
"3";55;"E5 CETE";0;0;0;0;0;0;0.0292105263157895;0;0;0;0;0;0
"3";56;"E5 LEMA";0;0;0;0;0;0;0.0292105263157895;0;0;0;0;0;0
"3";57;"E6 LEMA";0;0;0;0;0;0;0.0292105263157895;0;0;0;0;0;0
"3";58;"E6 PUPA";0;0;0;0;0;0;0.0292105263157895;0;0;0;0;0;0
"3";59;"F1 LEMA";0;0;0;0;0;0;0.0292105263157895;0;0;0;0;0;0
"3";60;"F2 CHFU";2;1;1;1.05882352941176;0.0588235294117647;1;0.0792105263157895;0.0588235294117647;1;0;0.0588230481279047;0;2
"3";61;"F2 LEMA";0;0;0;0;0;0;0.0292105263157895;0;0;0;0;0;0
"3";62;"F3 CETE";0;0;0;0;0;0;0.0292105263157895;0;0;0;0;0;0
"3";63;"F3 LEMA";0;0;0;0;0;0;0.0292105263157895;0;0;0;0;0;0
"3";64;"F4 LEMA";0;0;0;0;0;0;0.0292105263157895;0;0;0;0;0;0
"3";65;"F5 LEMA";0;0;0;0;0;0;0.0292105263157895;0;0;0;0;0;0
"3";66;"F6 LEMA";0;0;0;0;0;0;0.0292105263157895;0;0;0;0;0;0
"3";67;"Andrena";2;1;1;2;1;1;0.194736842105263;0.181810029077391;0;0;0.181817438017619;0;2
"3";68;"Bee_4.19.5";0;0;0;0;0;0;0.0292105263157895;0;0;0;0;0;0
"3";69;"Big.bee.2.8.6";0;0;0;0;0;0;0.0292105263157895;0;0;0;0;0;0
"3";70;"Black_small_fly";0;0;0;0;0;0;0.0292105263157895;0;0;0;0;0;0
"3";71;"Bombilus_major";0;0;0;0;0;0;0.0292105263157895;0;0;0;0;0;0
"3";72;"Bombylidae";0;0;0;0;0;0;0.0292105263157895;0;0;0;0;0;0
"3";73;"Brassicogethes";0;0;0;0;0;0;0.0292105263157895;0;0;0;0;0;0
"3";74;"Cerambycidae";0;0;0;0;0;0;0.0292105263157895;0;0;0;0;0;0
"3";75;"Conophorus";0;0;0;0;0;0;0.0292105263157895;0;0;0;0;0;0
"3";76;"Cryptocephalus";0;0;0;0;0;0;0.0292105263157895;0;0;0;0;0;0
"3";77;"Cylindromyia";0;0;0;0;0;0;0.0292105263157895;0;0;0;0;0;0
"3";78;"Dilophus";0;0;0;0;0;0;0.0292105263157895;0;0;0;0;0;0
"3";79;"Elateridae";0;0;0;0;0;0;0.0292105263157895;0;0;0;0;0;0
"3";80;"Eristalis_sp.";0;0;0;0;0;0;0.0292105263157895;0;0;0;0;0;0
"3";81;"Eucera";2;1;1;2;1;1;0.194736842105263;0.181818796680004;0;0;0.181817438017619;0;2
"3";82;"Fly_jar";0;0;0;0;0;0;0.0292105263157895;0;0;0;0;0;0
"3";83;"Mordellidae";0;0;0;0;0;0;0.0292105263157895;0;0;0;0;0;0
"3";84;"Musca";0;0;0;0;0;0;0.0292105263157895;0;0;0;0;0;0
"3";85;"Musca.jar";0;0;0;0;0;0;0.0292105263157895;0;0;0;0;0;0
"3";86;"Musca_sp.";0;0;0;0;0;0;0.0292105263157895;0;0;0;0;0;0
"3";87;"Oedemeridae";0;0;0;0;0;0;0.0292105263157895;0;0;0;0;0;0
"3";88;"Psilothrix_viridicoerulea";0;0;0;0;0;0;0.0292105263157895;0;0;0;0;0;0
"3";89;"Small.bee.1.18.6";0;0;0;0;0;0;0.0292105263157895;0;0;0;0;0;0
"3";90;"Small.bee.1.8.6";0;0;0;0;0;0;0.0292105263157895;0;0;0;0;0;0
"3";91;"Sphaerophoria_scripta";0;0;0;0;0;0;0.0292105263157895;0;0;0;0;0;0
"3";92;"Ulidiidae";20;10;10;11;10;1;1;1;0;1;1;0;2
"3";93;"X1.29.5";0;0;0;0;0;0;0.0292105263157895;0;0;0;0;0;0
"4";1;"A1 LEMA";2;1;1;1.02614379084967;0.0261437908496732;1;0.0324736760646096;0.0261437908496732;1;3.54322713143738e-18;0.0261435449403499;0;2
"4";2;"A2 CHFU";0;0;0;0;0;0;0.0102514538423873;8.06606700490311e-19;0;0;0;0;0
"4";3;"A2 LEMA";6;3;3;2.1301247771836;1.1301247771836;1;0.0643106320490588;0.0522875816993464;0.755929235752455;1.41729085257495e-17;0.0522877597181256;0;4
"4";4;"A2 PUPA";0;0;0;0;0;0;0.0102514538423873;8.06606700490311e-19;0;0;0;0;0
"4";5;"A3 CETE";0;0;0;0;0;0;0.0102514538423873;8.06606700490311e-19;0;0;0;0;0
"4";6;"A3 CHFU";0;0;0;0;0;0;0.0102514538423873;8.06606700490311e-19;0;0;0;0;0
"4";7;"A3 LEMA";6;3;3;1.5517848164907;0.551784816490699;1;0.0492747813301587;0.0392156862745098;0.702326879685361;2.83458170514991e-17;0.039215730073605;0;4
"4";8;"A4 BEMA";0;0;0;0;0;0;0.0102514538423873;8.06606700490311e-19;0;0;0;0;0
"4";9;"A4 LEMA";2;1;1;1.01960784313725;0.0196078431372549;1;0.026918120509054;0.0196078431372549;1;0;0.0196076587052624;0;2
"4";10;"A5 CETE";0;0;0;0;0;0;0.0102514538423873;8.06606700490311e-19;0;0;0;0;0
"4";11;"A5 CHFU";0;0;0;0;0;0;0.0102514538423873;8.06606700490311e-19;0;0;0;0;0
"4";12;"A5 LEMA";4;2;2;1.51307189542484;0.513071895424837;1;0.0326133797772806;0.0196078431372549;0.673900389774856;0;0.0196080776783468;0;4
"4";13;"A5 PUPA";0;0;0;0;0;0;0.0102514538423873;8.06606700490311e-19;0;0;0;0;0
"4";14;"A6 LEMA";6;3;3;1.78579916815211;0.785799168152109;1;0.0497912978809281;0.0392156862745098;0.355205297617975;2.83458170514991e-17;0.0392157537862313;0;4
"4";15;"A6 PUPA";0;0;0;0;0;0;0.0102514538423873;8.06606700490311e-19;0;0;0;0;0
"4";16;"B1 CETE";0;0;0;0;0;0;0.0102514538423873;8.06606700490311e-19;0;0;0;0;0
"4";17;"B1 LEMA";4;2;2;1.1301247771836;0.130124777183601;1;0.049788842326099;0.0457516339869281;0.863061799387008;7.08645426287477e-18;0.045751252258417;0;4
"4";18;"B1 PUPA";0;0;0;0;0;0;0.0102514538423873;8.06606700490311e-19;0;0;0;0;0
"4";19;"B2 CETE";0;0;0;0;0;0;0.0102514538423873;8.06606700490311e-19;0;0;0;0;0
"4";20;"B2 CHFU";0;0;0;0;0;0;0.0102514538423873;8.06606700490311e-19;0;0;0;0;0
"4";21;"B2 LEMA";6;3;3;1.52593811417341;0.525938114173408;1;0.0857109089249346;0.0849673202614378;0.569186391333297;2.83458170514991e-17;0.0849667578101563;0;4
"4";22;"B3 CHFU";0;0;0;0;0;0;0.0102514538423873;8.06606700490311e-19;0;0;0;0;0
"4";23;"B3 LEMA";8;4;4;1.8535696329814;0.853569632981398;1;0.0885924731730301;0.0849673202614379;0.649686616383338;0;0.0849669257458434;0;6
"4";24;"B4 LEMA";6;3;3;1.50779286073404;0.507792860734037;1;0.102147614212685;0.104575163398693;0.73707632318849;1.41729085257495e-17;0.1045743600715;0;4
"4";25;"B5 LEMA";8;4;4;1.65485168426345;0.654851684263449;1;0.0983152494552292;0.0980392156862745;0.588826742351315;0;0.0980386379978661;0;6
"4";26;"B6 LEMA";8;4;4;1.8360985419809;0.836098541980895;1;0.078557422828342;0.0718954248366012;0.480304924856404;1.41729085257495e-17;0.0718953282186564;0;6
"4";27;"C1 CHFU";0;0;0;0;0;0;0.0102514538423873;8.06606700490311e-19;0;0;0;0;0
"4";28;"C2 CHFU";0;0;0;0;0;0;0.0102514538423873;8.06606700490311e-19;0;0;0;0;0
"4";29;"C2 LEMA";6;3;3;2.04524886877828;1.04524886877828;1;0.0481381025328465;0.0326797385620915;0.640078118775303;4.25187255772486e-17;0.0326801508390847;0;4
"4";30;"C2 PUPA";0;0;0;0;0;0;0.0102514538423873;8.06606700490311e-19;0;0;0;0;0
"4";31;"C3 LEMA";6;3;3;1.40422322775264;0.404223227752639;1;0.0571721800753452;0.0522875816993464;0.434190484406202;1.41729085257495e-17;0.0522872447819833;0;6
"4";32;"C4 LEMA";8;4;4;2.37858220211161;1.37858220211161;1;0.0663256617240618;0.0522875816993464;0.410565403484857;0;0.0522878884017386;0;6
"4";33;"C5 LEMA";6;3;3;1.45832076420312;0.458320764203117;1;0.0578507632177898;0.0522875816993464;0.654861404405927;0;0.0522872808887801;0;6
"4";34;"C5 PUPA";0;0;0;0;0;0;0.0102514538423873;8.06606700490311e-19;0;0;0;0;0
"4";35;"C6 CETE";0;0;0;0;0;0;0.0102514538423873;8.06606700490311e-19;0;0;0;0;0
"4";36;"C6 LEMA";6;3;3;1.26435394670689;0.264353946706888;1;0.0395987664149613;0.0326797385620915;0.481567156161021;0;0.0326795172144712;0;6
"4";37;"C6 PUPA";0;0;0;0;0;0;0.0102514538423873;8.06606700490311e-19;0;0;0;0;0
"4";38;"D1 CHFU";0;0;0;0;0;0;0.0102514538423873;8.06606700490311e-19;0;0;0;0;0
"4";39;"D1 LEMA";4;2;2;1.0517848164907;0.0517848164906988;1;0.0380239665063765;0.0326797385620915;0.83845202175752;0;0.0326794248654332;0;4
"4";40;"D2 CETE";0;0;0;0;0;0;0.0102514538423873;8.06606700490311e-19;0;0;0;0;0
"4";41;"D2 LEMA";6;3;3;1.39165409753645;0.39165409753645;1;0.0520354634607526;0.0457516339869281;0.744548066780256;0;0.0457513904098141;0;6
"4";42;"D3 LEMA";2;1;1;1.02614379084967;0.0261437908496732;1;0.0324736760646096;0.0261437908496732;1;3.54322713143738e-18;0.0261435449403499;0;2
"4";43;"D4 CHFU";0;0;0;0;0;0;0.0102514538423873;8.06606700490311e-19;0;0;0;0;0
"4";44;"D4 LEMA";2;1;1;1.02614379084967;0.0261437908496732;1;0.0324736760646096;0.0261437908496732;1;3.54322713143738e-18;0.0261435449403499;0;2
"4";45;"D5 LEMA";6;3;3;1.37858220211161;0.378582202111614;1;0.0409243523496415;0.0326797385620915;0.642367293492358;2.83458170514991e-17;0.0326796179396392;0;6
"4";46;"D6 LEMA";6;3;3;1.48999497234791;0.489994972347914;1;0.0522846774346571;0.0457516339869281;0.374773064688945;0;0.0457513820336841;0;6
"4";47;"E1 LEMA";4;2;2;1.37908496732026;0.379084967320261;1;0.0577242302233954;0.0522875816993464;0.878022591983181;0;0.0522872954308168;0;4
"4";48;"E2 CETE";0;0;0;0;0;0;0.0102514538423873;8.06606700490311e-19;0;0;0;0;0
"4";49;"E2 CHFU";0;0;0;0;0;0;0.0102514538423873;8.06606700490311e-19;0;0;0;0;0
"4";50;"E2 LEMA";8;4;4;1.81271995977878;0.812719959778783;1;0.0770891373518305;0.0718954248366013;0.586726066642496;0;0.0718951191200963;0;6
"4";51;"E3 CHFU";0;0;0;0;0;0;0.0102514538423873;8.06606700490311e-19;0;0;0;0;0
"4";52;"E3 LEMA";6;3;3;1.55832076420312;0.558320764203117;1;0.0532143055660031;0.0457516339869281;0.743198693213845;0;0.0457514688088893;0;4
"4";53;"E4 CETE";0;0;0;0;0;0;0.0102514538423873;8.06606700490311e-19;0;0;0;0;0
"4";54;"E4 LEMA";4;2;2;1.09049773755656;0.0904977375565611;1;0.0546853680592546;0.0522875816993464;0.798065027196899;0;0.0522870772606914;0;4
"4";55;"E5 CETE";0;0;0;0;0;0;0.0102514538423873;8.06606700490311e-19;0;0;0;0;0
"4";56;"E5 LEMA";6;3;3;1.42986425339366;0.429864253393665;1;0.0520249332331754;0.045751633986928;0.513765240719569;1.41729085257495e-17;0.0457513777898057;0;6
"4";57;"E6 LEMA";4;2;2;1.34640522875817;0.34640522875817;1;0.0299464524456176;0.0196078431372549;0.67472691195515;1.41729085257495e-17;0.0196078642553795;0;4
"4";58;"E6 PUPA";0;0;0;0;0;0;0.0102514538423873;8.06606700490311e-19;0;0;0;0;0
"4";59;"F1 LEMA";10;5;5;4.10947712418301;3.10947712418301;1;0.10305133874766;0.0718954248366012;0.369240329968057;5.66916341029981e-17;0.0718972276869582;0;4
"4";60;"F2 CHFU";0;0;0;0;0;0;0.0102514538423873;8.06606700490311e-19;0;0;0;0;0
"4";61;"F2 LEMA";8;4;4;3.11051693404635;2.11051693404635;1;0.0844448862595669;0.0588235294117647;0.342502377571211;0;0.0588250301869748;0;4
"4";62;"F3 CETE";0;0;0;0;0;0;0.0102514538423873;8.06606700490311e-19;0;0;0;0;0
"4";63;"F3 LEMA";4;2;2;1.0517848164907;0.0517848164906988;1;0.0380239665063765;0.0326797385620915;0.83845202175752;0;0.0326794248654332;0;4
"4";64;"F4 LEMA";10;5;5;3.46549773755656;2.46549773755656;1;0.10303468039388;0.0849673202614379;0.497776284410368;0;0.0849679338201929;0;6
"4";65;"F5 LEMA";4;2;2;1.03871292106586;0.0387129210658622;1;0.0269128553952654;0.0196078431372549;0.730753369595866;0;0.0196076523952582;0;4
"4";66;"F6 LEMA";6;3;3;1.15717697335344;0.157176973353444;1;0.0278470131028947;0.0196078431372549;0.406498669067115;1.41729085257495e-17;0.0196077157814693;0;6
"4";67;"Andrena";6;3;3;1.73571428571429;0.735714285714286;1;0.0419742386936992;0.0326797385620915;1.68714923108162e-16;0.0233155632299092;0.0326796572988385;0;6
"4";68;"Bee_4.19.5";2;1;1;1.44444444444444;0.444444444444444;1;0.0421528553182237;0.0261437908496732;4.21787307770405e-17;0.00966795351337685;0.0261444604022472;0;2
"4";69;"Big.bee.2.8.6";0;0;0;0;0;0;0.0102514538423873;8.06606700490311e-19;0;0;0;0;0
"4";70;"Black_small_fly";2;1;1;1.11111111111111;0.111111111111111;1;0.0182268042113464;0.0065359477124183;4.21787307770405e-17;0.00241698837834421;0.00653611510056179;0;2
"4";71;"Bombilus_major";0;0;0;0;0;0;0.0102514538423873;8.06606700490311e-19;0;0;0;0;0
"4";72;"Bombylidae";10;5;5;2.26358363858364;1.26358363858364;1;0.0802877725343072;0.0718954248366013;1.12476615405441e-16;0.0414325957090527;0.0718954083125136;0;4
"4";73;"Brassicogethes";70;35;35;22.816520979021;21.816520979021;1;1;1;1.3497193848653e-15;1;1;0;6
"4";74;"Cerambycidae";2;1;1;1.07692307692308;0.0769230769230769;1;0.0169883367912179;0.00653594771241831;2.81191538513603e-17;0.00243189225917029;0.00653597523917215;0;2
"4";75;"Conophorus";0;0;0;0;0;0;0.0102514538423873;8.06606700490311e-19;0;0;0;0;0
"4";76;"Cryptocephalus";2;1;1;1.09090909090909;0.0909090909090909;1;0.0182145118365247;0.00653594771241832;9.84170384797612e-17;0.00213191520120948;0.00653610024391496;0;2
"4";77;"Cylindromyia";4;2;2;1.5;0.5;1;0.0264725054677227;0.0130718954248366;5.62383077027207e-17;0.0217011693245674;0.0130721471694323;0;4
"4";78;"Dilophus";2;1;1;1.125;0.125;1;0.0172985554005689;0.00653594771241833;4.21787307770405e-17;0.0032594614168412;0.00653599493640472;0;2
"4";79;"Elateridae";4;2;2;1.24358974358974;0.243589743589744;1;0.0230978058265759;0.0130718954248366;8.4357461554081e-17;0.00693399858069463;0.0130718902952796;0;4
"4";80;"Eristalis_sp.";2;1;1;1.07692307692308;0.0769230769230769;1;0.0169883367912179;0.0065359477124183;2.81191538513603e-17;0.00243189225917029;0.00653597523917215;0;2
"4";81;"Eucera";0;0;0;0;0;0;0.0102514538423873;8.06606700490311e-19;0;0;0;0;0
"4";82;"Fly_jar";2;1;1;1.125;0.125;1;0.0170844584975998;0.0065359477124183;1.40595769256802e-17;0.00600129031059058;0.00653597885111395;0;2
"4";83;"Mordellidae";6;3;3;1.52083333333333;0.520833333333333;1;0.030296073501597;0.0196078431372549;5.62383077027207e-17;0.0241807358654519;0.019607877466005;0;4
"4";84;"Musca";8;4;4;1.85128205128205;0.851282051282051;1;0.0610796542417394;0.0522875816993464;1.12476615405441e-16;0.0272358984137485;0.0522875258772643;0;6
"4";85;"Musca.jar";4;2;2;1.54545454545455;0.545454545454545;1;0.0504589550685133;0.0392156862745099;8.4357461554081e-17;0.0153565446853438;0.0392159107546508;0;4
"4";86;"Musca_sp.";8;4;4;2.02272727272727;1.02272727272727;1;0.0676005129979667;0.0588235294117647;0;0.0296678858914726;0.0588234729460095;0;6
"4";87;"Oedemeridae";4;2;2;1.33939393939394;0.339393939393939;1;0.0397118252939291;0.0261437908496732;8.4357461554081e-17;0.0088889032918413;0.0261441841704028;0;4
"4";88;"Psilothrix_viridicoerulea";46;23;23;6.1001998001998;5.1001998001998;1;0.25466038497519;0.254901960784314;6.74859692432648e-16;0.192260108787598;0.254901272122585;0;6
"4";89;"Small.bee.1.18.6";0;0;0;0;0;0;0.0102514538423873;8.06606700490311e-19;0;0;0;0;0
"4";90;"Small.bee.1.8.6";2;1;1;1.2;0.2;1;0.0184349312729712;0.00653594771241832;4.21787307770405e-17;0.00813048508891948;0.0065360836011919;0;2
"4";91;"Sphaerophoria_scripta";4;2;2;1.23376623376623;0.233766233766234;1;0.0226700788331084;0.0130718954248366;2.81191538513603e-17;0.0101307437093148;0.0130718521668759;0;4
"4";92;"Ulidiidae";2;1;1;1.09090909090909;0.0909090909090909;1;0.0182145118365247;0.00653594771241832;9.84170384797612e-17;0.00213191520120948;0.00653610024391496;0;2
"4";93;"X1.29.5";6;3;3;1.48571428571429;0.485714285714286;1;0.0298444990546605;0.0196078431372549;1.12476615405441e-16;0.0195763586741906;0.0196078400378978;0;6
"5";1;"A1 LEMA";0;0;0;0;0;0;0.072206526078685;0;0;2.33997466857003e-17;0;0;0
"5";2;"A2 CHFU";0;0;0;0;0;0;0.072206526078685;0;0;2.33997466857003e-17;0;0;0
"5";3;"A2 LEMA";0;0;0;0;0;0;0.072206526078685;0;0;2.33997466857003e-17;0;0;0
"5";4;"A2 PUPA";2;1;1;1.2;0.2;1;0.203589597139287;0;1;7.79991556190009e-17;0.142863775792135;0;2
"5";5;"A3 CETE";0;0;0;0;0;0;0.072206526078685;0;0;2.33997466857003e-17;0;0;0
"5";6;"A3 CHFU";0;0;0;0;0;0;0.072206526078685;0;0;2.33997466857003e-17;0;0;0
"5";7;"A3 LEMA";0;0;0;0;0;0;0.072206526078685;0;0;2.33997466857003e-17;0;0;0
"5";8;"A4 BEMA";0;0;0;0;0;0;0.072206526078685;0;0;2.33997466857003e-17;0;0;0
"5";9;"A4 LEMA";0;0;0;0;0;0;0.072206526078685;0;0;2.33997466857003e-17;0;0;0
"5";10;"A5 CETE";0;0;0;0;0;0;0.072206526078685;0;0;2.33997466857003e-17;0;0;0
"5";11;"A5 CHFU";0;0;0;0;0;0;0.072206526078685;0;0;2.33997466857003e-17;0;0;0
"5";12;"A5 LEMA";0;0;0;0;0;0;0.072206526078685;0;0;2.33997466857003e-17;0;0;0
"5";13;"A5 PUPA";2;1;1;1.4;0.4;1;0.334972668199888;0;1;1.24798648990401e-16;0.28572755158427;0;2
"5";14;"A6 LEMA";0;0;0;0;0;0;0.072206526078685;0;0;2.33997466857003e-17;0;0;0
"5";15;"A6 PUPA";2;1;1;1.5;0.5;1;0.365716226558759;0;0.5;7.79991556190009e-17;0.285740408245531;0;2
"5";16;"B1 CETE";0;0;0;0;0;0;0.072206526078685;0;0;2.33997466857003e-17;0;0;0
"5";17;"B1 LEMA";0;0;0;0;0;0;0.072206526078685;0;0;2.33997466857003e-17;0;0;0
"5";18;"B1 PUPA";2;1;1;2;1;1;0.481376840524567;0.242214844079472;0;1.87197973485602e-16;-1.07148760436718e-05;0;2
"5";19;"B2 CETE";0;0;0;0;0;0;0.072206526078685;0;0;2.33997466857003e-17;0;0;0
"5";20;"B2 CHFU";0;0;0;0;0;0;0.072206526078685;0;0;2.33997466857003e-17;0;0;0
"5";21;"B2 LEMA";0;0;0;0;0;0;0.072206526078685;0;0;2.33997466857003e-17;0;0;0
"5";22;"B3 CHFU";0;0;0;0;0;0;0.072206526078685;0;0;2.33997466857003e-17;0;0;0
"5";23;"B3 LEMA";0;0;0;0;0;0;0.072206526078685;0;0;2.33997466857003e-17;0;0;0
"5";24;"B4 LEMA";0;0;0;0;0;0;0.072206526078685;0;0;2.33997466857003e-17;0;0;0
"5";25;"B5 LEMA";0;0;0;0;0;0;0.072206526078685;0;0;2.33997466857003e-17;0;0;0
"5";26;"B6 LEMA";0;0;0;0;0;0;0.072206526078685;0;0;2.33997466857003e-17;0;0;0
"5";27;"C1 CHFU";0;0;0;0;0;0;0.072206526078685;0;0;2.33997466857003e-17;0;0;0
"5";28;"C2 CHFU";0;0;0;0;0;0;0.072206526078685;0;0;2.33997466857003e-17;0;0;0
"5";29;"C2 LEMA";0;0;0;0;0;0;0.072206526078685;0;0;2.33997466857003e-17;0;0;0
"5";30;"C2 PUPA";2;1;1;2;1;1;0.481376840524567;1;0;1.87197973485602e-16;-1.07148760436718e-05;0;2
"5";31;"C3 LEMA";0;0;0;0;0;0;0.072206526078685;0;0;2.33997466857003e-17;0;0;0
"5";32;"C4 LEMA";0;0;0;0;0;0;0.072206526078685;0;0;2.33997466857003e-17;0;0;0
"5";33;"C5 LEMA";0;0;0;0;0;0;0.072206526078685;0;0;2.33997466857003e-17;0;0;0
"5";34;"C5 PUPA";2;1;1;1.5;0.5;1;0.322674889043306;0;0.103048503576184;1.71598142361802e-16;0.285708979786291;0;2
"5";35;"C6 CETE";0;0;0;0;0;0;0.072206526078685;0;0;2.33997466857003e-17;0;0;0
"5";36;"C6 LEMA";0;0;0;0;0;0;0.072206526078685;0;0;2.33997466857003e-17;0;0;0
"5";37;"C6 PUPA";8;4;4;3.15;2.15;1;1;0;0.402106205245936;1.06078851641841e-15;1;0;2
"5";38;"D1 CHFU";0;0;0;0;0;0;0.072206526078685;0;0;2.33997466857003e-17;0;0;0
"5";39;"D1 LEMA";0;0;0;0;0;0;0.072206526078685;0;0;2.33997466857003e-17;0;0;0
"5";40;"D2 CETE";0;0;0;0;0;0;0.072206526078685;0;0;2.33997466857003e-17;0;0;0
"5";41;"D2 LEMA";0;0;0;0;0;0;0.072206526078685;0;0;2.33997466857003e-17;0;0;0
"5";42;"D3 LEMA";0;0;0;0;0;0;0.072206526078685;0;0;2.33997466857003e-17;0;0;0
"5";43;"D4 CHFU";0;0;0;0;0;0;0.072206526078685;0;0;2.33997466857003e-17;0;0;0
"5";44;"D4 LEMA";0;0;0;0;0;0;0.072206526078685;0;0;2.33997466857003e-17;0;0;0
"5";45;"D5 LEMA";0;0;0;0;0;0;0.072206526078685;0;0;2.33997466857003e-17;0;0;0
"5";46;"D6 LEMA";0;0;0;0;0;0;0.072206526078685;0;0;2.33997466857003e-17;0;0;0
"5";47;"E1 LEMA";0;0;0;0;0;0;0.072206526078685;0;0;2.33997466857003e-17;0;0;0
"5";48;"E2 CETE";0;0;0;0;0;0;0.072206526078685;0;0;2.33997466857003e-17;0;0;0
"5";49;"E2 CHFU";0;0;0;0;0;0;0.072206526078685;0;0;2.33997466857003e-17;0;0;0
"5";50;"E2 LEMA";0;0;0;0;0;0;0.072206526078685;0;0;2.33997466857003e-17;0;0;0
"5";51;"E3 CHFU";0;0;0;0;0;0;0.072206526078685;0;0;2.33997466857003e-17;0;0;0
"5";52;"E3 LEMA";0;0;0;0;0;0;0.072206526078685;0;0;2.33997466857003e-17;0;0;0
"5";53;"E4 CETE";0;0;0;0;0;0;0.072206526078685;0;0;2.33997466857003e-17;0;0;0
"5";54;"E4 LEMA";0;0;0;0;0;0;0.072206526078685;0;0;2.33997466857003e-17;0;0;0
"5";55;"E5 CETE";0;0;0;0;0;0;0.072206526078685;0;0;2.33997466857003e-17;0;0;0
"5";56;"E5 LEMA";0;0;0;0;0;0;0.072206526078685;0;0;2.33997466857003e-17;0;0;0
"5";57;"E6 LEMA";0;0;0;0;0;0;0.072206526078685;0;0;2.33997466857003e-17;0;0;0
"5";58;"E6 PUPA";2;1;1;1.25;0.25;1;0.218961376318722;0;0.5;7.79991556190009e-17;0.142870204122766;0;2
"5";59;"F1 LEMA";0;0;0;0;0;0;0.072206526078685;0;0;2.33997466857003e-17;0;0;0
"5";60;"F2 CHFU";0;0;0;0;0;0;0.072206526078685;0;0;2.33997466857003e-17;0;0;0
"5";61;"F2 LEMA";0;0;0;0;0;0;0.072206526078685;0;0;2.33997466857003e-17;0;0;0
"5";62;"F3 CETE";0;0;0;0;0;0;0.072206526078685;0;0;2.33997466857003e-17;0;0;0
"5";63;"F3 LEMA";0;0;0;0;0;0;0.072206526078685;0;0;2.33997466857003e-17;0;0;0
"5";64;"F4 LEMA";0;0;0;0;0;0;0.072206526078685;0;0;2.33997466857003e-17;0;0;0
"5";65;"F5 LEMA";0;0;0;0;0;0;0.072206526078685;0;0;2.33997466857003e-17;0;0;0
"5";66;"F6 LEMA";0;0;0;0;0;0;0.072206526078685;0;0;2.33997466857003e-17;0;0;0
"5";67;"Andrena";4;2;2;2.28571428571429;1.28571428571429;1;0.589337324622638;0;0;0.103048503576184;-0.571445103668557;0;2
"5";68;"Bee_4.19.5";0;0;0;0;0;0;0.072206526078685;0;0;2.33997466857003e-17;0;0;0
"5";69;"Big.bee.2.8.6";2;1;1;2;1;1;0.481376840524567;1;0;1.87197973485602e-16;-1.07148760436629e-05;0;2
"5";70;"Black_small_fly";0;0;0;0;0;0;0.072206526078685;0;0;2.33997466857003e-17;0;0;0
"5";71;"Bombilus_major";6;3;3;3.14285714285714;2.14285714285714;1;0.690611059953116;0;0;0.500000000000002;-0.571507961215613;0;2
"5";72;"Bombylidae";2;1;1;2;1;1;0.481376840524567;0.242214844079472;0;1.87197973485602e-16;-1.07148760436629e-05;0;2
"5";73;"Brassicogethes";0;0;0;0;0;0;0.072206526078685;0;0;2.33997466857003e-17;0;0;0
"5";74;"Cerambycidae";0;0;0;0;0;0;0.072206526078685;0;0;2.33997466857003e-17;0;0;0
"5";75;"Conophorus";2;1;1;1.28571428571429;0.285714285714286;1;0.315063668935828;0;0;0.054323214784592;-0.285717551327125;0;2
"5";76;"Cryptocephalus";0;0;0;0;0;0;0.072206526078685;0;0;2.33997466857003e-17;0;0;0
"5";77;"Cylindromyia";0;0;0;0;0;0;0.072206526078685;0;0;2.33997466857003e-17;0;0;0
"5";78;"Dilophus";0;0;0;0;0;0;0.072206526078685;0;0;2.33997466857003e-17;0;0;0
"5";79;"Elateridae";0;0;0;0;0;0;0.072206526078685;0;0;2.33997466857003e-17;0;0;0
"5";80;"Eristalis_sp.";0;0;0;0;0;0;0.072206526078685;0;0;2.33997466857003e-17;0;0;0
"5";81;"Eucera";0;0;0;0;0;0;0.072206526078685;0;0;2.33997466857003e-17;0;0;0
"5";82;"Fly_jar";0;0;0;0;0;0;0.072206526078685;0;0;2.33997466857003e-17;0;0;0
"5";83;"Mordellidae";0;0;0;0;0;0;0.072206526078685;0;0;2.33997466857003e-17;0;0;0
"5";84;"Musca";0;0;0;0;0;0;0.072206526078685;0;0;2.33997466857003e-17;0;0;0
"5";85;"Musca.jar";0;0;0;0;0;0;0.072206526078685;0;0;2.33997466857003e-17;0;0;0
"5";86;"Musca_sp.";0;0;0;0;0;0;0.072206526078685;0;0;2.33997466857003e-17;0;0;0
"5";87;"Oedemeridae";0;0;0;0;0;0;0.072206526078685;0;0;2.33997466857003e-17;0;0;0
"5";88;"Psilothrix_viridicoerulea";0;0;0;0;0;0;0.072206526078685;0;0;2.33997466857003e-17;0;0;0
"5";89;"Small.bee.1.18.6";6;3;3;3.28571428571429;2.28571428571429;1;0.772841594474126;0;0;1;-0.714347452080133;0;2
"5";90;"Small.bee.1.8.6";0;0;0;0;0;0;0.072206526078685;0;0;2.33997466857003e-17;0;0;0
"5";91;"Sphaerophoria_scripta";0;0;0;0;0;0;0.072206526078685;0;0;2.33997466857003e-17;0;0;0
"5";92;"Ulidiidae";0;0;0;0;0;0;0.072206526078685;0;0;2.33997466857003e-17;0;0;0
"5";93;"X1.29.5";0;0;0;0;0;0;0.072206526078685;0;0;2.33997466857003e-17;0;0;0
"Aggr";1;"A1 LEMA";2;1;1;1.02614379084967;0.0261437908496732;1;0.031746148941131;0.00354398105205403;1;0;0.00354622100701728;0;2
"Aggr";2;"A2 CHFU";2;1;1;1.23529411764706;0.235294117647059;1;0.0257853266939458;5.43413340442193e-05;0.0058383166519006;0;6.15157439276751e-05;0;2
"Aggr";3;"A2 LEMA";6;3;3;2.1301247771836;1.1301247771836;1;0.0613651731199059;0.0065012278297604;0.757188384813859;0;0.0065130603772833;0;4
"Aggr";4;"A2 PUPA";2;1;1;1.2;0.2;1;0.0211610206469585;0.0157263065354343;0.000188526745770459;0;0.0157298313686438;0;2
"Aggr";5;"A3 CETE";2;1;1;1.2;0.2;1;0.0257187552765498;0.00885115044423944;0.000123253463062665;0;0.00885727993654142;0;2
"Aggr";6;"A3 CHFU";2;1;1;1.05882352941176;0.0588235294117647;1;0.0135892767126681;1.35853335110611e-05;0.0058383166519006;0;1.53789359819188e-05;0;2
"Aggr";7;"A3 LEMA";6;3;3;1.5517848164907;0.551784816490699;1;0.0483382590131732;0.00585817996869318;0.702574036304005;0;0.00586556967569957;0;4
"Aggr";8;"A4 BEMA";2;1;1;2;1;1;0.0317926008844545;0.000881771253396904;0.023171744921952;0;0.000891100758816602;0;2
"Aggr";9;"A4 LEMA";2;1;1;1.01960784313725;0.0196078431372549;1;0.0261905933855755;0.00265798578904052;1;0;0.00265966575526296;0;2
"Aggr";10;"A5 CETE";2;1;1;1.4;0.4;1;0.0419135838341908;0.0177023008884789;0.000123253463062665;0;0.0177145598730828;0;2
"Aggr";11;"A5 CHFU";2;1;1;1.05882352941176;0.0588235294117647;1;0.0135892767126681;1.3585333511054e-05;0.0058383166519006;0;1.53789359819188e-05;0;2
"Aggr";12;"A5 LEMA";4;2;2;1.51307189542484;0.513071895424837;1;0.0317693749127928;0.00221287615272547;0.67439058164065;0;0.00221866088291694;0;4
"Aggr";13;"A5 PUPA";2;1;1;1.4;0.4;1;0.0327981145750081;0.0314526130708685;0.000188526745770459;0;0.0314596627372876;0;2
"Aggr";14;"A6 LEMA";6;3;3;1.78579916815211;0.785799168152109;1;0.0443736055111482;0.00478860028223619;0.360246911891295;0;0.00480707372759241;0;4
"Aggr";15;"A6 PUPA";2;1;1;1.5;0.5;1;0.0500109981130113;0.0221278761105985;0.000123253463062665;0;0.0221431998413536;0;2
"Aggr";16;"B1 CETE";2;1;1;1.33333333333333;0.333333333333333;1;0.0273825483026412;0.00333373515539021;0.0514994460338169;0;0.00335226547312595;0;2
"Aggr";17;"B1 LEMA";4;2;2;1.1301247771836;0.130124777183601;1;0.0477277932114419;0.00622517207500563;0.864499920861974;0;0.00623358573046936;0;4
"Aggr";18;"B1 PUPA";2;1;1;2;1;1;0.063099791470106;0.0100012054661705;0.0514994460338169;0;0.0100567964193779;0;2
"Aggr";19;"B2 CETE";2;1;1;1.2;0.2;1;0.0257187552765498;0.00885115044423943;0.000123253463062665;0;0.00885727993654142;0;2
"Aggr";20;"B2 CHFU";2;1;1;1.11764705882353;0.117647058823529;1;0.0176546267064273;2.71706670221027e-05;0.0058383166519006;3.54569652077801e-18;3.07578719638376e-05;0;2
"Aggr";21;"B2 LEMA";6;3;3;1.52593811417341;0.525938114173408;1;0.0782232543930658;0.0126212826156583;0.573059207928551;0;0.0126509561512714;0;4
"Aggr";22;"B3 CHFU";2;1;1;1.05882352941176;0.0588235294117647;1;0.0135892767126681;1.35853335110563e-05;0.0058383166519006;0;1.53789359819188e-05;0;2
"Aggr";23;"B3 LEMA";8;4;4;1.8535696329814;0.853569632981398;1;0.0866416628658394;0.0117450601280531;0.649689747760266;0;0.0117542468546788;0;6
"Aggr";24;"B4 LEMA";6;3;3;1.50779286073404;0.507792860734037;1;0.100703605832118;0.017533207199198;0.737078488615557;0;0.0175427232251143;0;4
"Aggr";25;"B5 LEMA";8;4;4;1.65485168426345;0.654851684263449;1;0.100198276996492;0.0154042645283859;0.588827857098287;0;0.0154141439395189;0;6
"Aggr";26;"B6 LEMA";8;4;4;1.8360985419809;0.836098541980895;1;0.0843352244923777;0.00739018665619473;0.480302380738613;0;0.00739918891211597;0;6
"Aggr";27;"C1 CHFU";2;1;1;1.17647058823529;0.176470588235294;1;0.0217199767001866;4.07560005331461e-05;0.0058383166519006;0;4.61368079457564e-05;0;2
"Aggr";28;"C2 CHFU";2;1;1;1.11764705882353;0.117647058823529;1;0.0176546267064273;2.71706670221116e-05;0.0058383166519006;3.54569652077801e-18;3.07578719638376e-05;0;2
"Aggr";29;"C2 LEMA";6;3;3;2.04524886877828;1.04524886877828;1;0.0464566967690442;0.00486159252612773;0.640079606898113;0;0.00486717091168383;0;4
"Aggr";30;"C2 PUPA";2;1;1;2;1;1;0.0634928447927254;0;0;0;6.52866199851487e-06;0;2
"Aggr";31;"C3 LEMA";6;3;3;1.40422322775264;0.404223227752639;1;0.0557942569726724;0.00722955182373221;0.434186716537764;0;0.0072344129458379;0;6
"Aggr";32;"C4 LEMA";8;4;4;2.37858220211161;1.37858220211161;1;0.064232851055418;0.00559376136099641;0.410559836909572;0;0.0056013781396855;0;6
"Aggr";33;"C5 LEMA";6;3;3;1.45832076420312;0.458320764203117;1;0.0564967167597718;0.239437332170542;0.656297467395685;0;0.23943937519981;0;6
"Aggr";34;"C5 PUPA";2;1;1;1.5;0.5;1;0.0266954758111787;0.291417553206917;0.0290536331316997;0;0.291416000814705;0;2
"Aggr";35;"C6 CETE";2;1;1;2;1;1;0.0438670249034485;0.582835106413834;0.0290536331316997;3.54569652077801e-18;0.58283200162941;0;2
"Aggr";36;"C6 LEMA";6;3;3;1.26435394670689;0.264353946706888;1;0.0384192034454665;0.122085638388675;0.482719715787172;0;0.122087107407939;0;6
"Aggr";37;"C6 PUPA";8;4;4;3.15;2.15;1;0.0986786245774639;0.369828233835845;0.00841611835697001;0;0.369845530958309;0;2
"Aggr";38;"D1 CHFU";2;1;1;2;1;1;0.0634928447927254;0;0;0;6.52866199851487e-06;0;2
"Aggr";39;"D1 LEMA";4;2;2;1.0517848164907;0.0517848164906988;1;0.0372039219304004;0.00541729434199473;0.838454494580416;0;0.00542001929629127;0;4
"Aggr";40;"D2 CETE";2;1;1;1.5;0.5;1;0.0247055167943888;0.000838794328209921;0.0224260750253193;0;0.00084465443853583;0;2
"Aggr";41;"D2 LEMA";6;3;3;1.39165409753645;0.39165409753645;1;0.0528805375362759;0.00686248582381485;0.7449569354182;0;0.00686967750706948;0;6
"Aggr";42;"D3 LEMA";2;1;1;1.02614379084967;0.0261437908496732;1;0.031746148941131;0.00354398105205403;1;0;0.00354622100701728;0;2
"Aggr";43;"D4 CHFU";2;1;1;1.05882352941176;0.0588235294117647;1;0.0135892767126681;1.3585333511052e-05;0.0058383166519006;0;1.53789359819188e-05;0;2
"Aggr";44;"D4 LEMA";2;1;1;1.02614379084967;0.0261437908496732;1;0.031746148941131;0.00354398105205403;1;0;0.00354622100701728;0;2
"Aggr";45;"D5 LEMA";6;3;3;1.37858220211161;0.378582202111614;1;0.0417694264251648;0.00509049529778782;0.64293970958548;0;0.00509656700356083;0;6
"Aggr";46;"D6 LEMA";6;3;3;1.48999497234791;0.489994972347914;1;0.0507455960716438;0.240525972961382;0.37641781213852;0;0.240527306023095;0;6
"Aggr";47;"E1 LEMA";4;2;2;1.37908496732026;0.379084967320261;1;0.0566502916528188;0.00649597298738116;0.878020740780073;0;0.00650130906100102;0;4
"Aggr";48;"E2 CETE";2;1;1;2;1;1;0.067709396359157;0.0786315326771713;0.000188526745770459;0;0.0786491568432191;0;2
"Aggr";49;"E2 CHFU";2;1;1;2;1;1;0.0438670249034485;0.582835106413834;0.0290536331316997;3.54569652077801e-18;0.58283200162941;0;2
"Aggr";50;"E2 LEMA";8;4;4;1.81271995977878;0.812719959778783;1;0.0754385302213942;0.00992638689908282;0.586724429162148;0;0.009933972016526;0;6
"Aggr";51;"E3 CHFU";2;1;1;1.05882352941176;0.0588235294117647;1;0.0135892767126681;1.35853335110553e-05;0.0058383166519006;0;1.53789359819188e-05;0;2
"Aggr";52;"E3 LEMA";6;3;3;1.55832076420312;0.558320764203117;1;0.0519664566041971;0.00661711870958842;0.743199579554702;0;0.00662218473414638;0;4
"Aggr";53;"E4 CETE";2;1;1;1.5;0.5;1;0.0247055167943888;0.000838794328209914;0.0224260750253193;0;0.00084465443853583;0;2
"Aggr";54;"E4 LEMA";4;2;2;1.09049773755656;0.0904977375565611;1;0.0537728060307808;0.00906259815796243;0.79806811822552;0;0.0090669280890739;0;4
"Aggr";55;"E5 CETE";2;1;1;1.66666666666667;0.666666666666667;1;0.0452411698863736;0.00666747031078033;0.0514994460338169;0;0.00670453094625191;0;2
"Aggr";56;"E5 LEMA";6;3;3;1.42986425339366;0.429864253393665;1;0.0526849724037035;0.00883712187766922;0.514177641961651;0;0.00884416358210881;0;6
"Aggr";57;"E6 LEMA";4;2;2;1.34640522875817;0.34640522875817;1;0.028872513875041;0.00206599667231364;0.674721975413528;0;0.00206853280222942;0;4
"Aggr";58;"E6 PUPA";2;1;1;1.25;0.25;1;0.02976746241596;0.0110639380552993;0.000123253463062665;0;0.0110715999206768;0;2
"Aggr";59;"F1 LEMA";10;5;5;4.10947712418301;3.10947712418301;1;0.173313263082435;0.00493814607104263;0.369576445848974;0;0.00498337385050442;0;4
"Aggr";60;"F2 CHFU";2;1;1;1.05882352941176;0.0588235294117647;1;0.0135892767126681;1.3585333511047e-05;0.0058383166519006;0;1.53789359819188e-05;0;2
"Aggr";61;"F2 LEMA";8;4;4;3.11051693404635;2.11051693404635;1;0.0789357248635326;0.00439698765601208;0.343633205580365;0;0.00441306847562492;0;4
"Aggr";62;"F3 CETE";2;1;1;1.2;0.2;1;0.0257187552765498;0.00885115044423944;0.000123253463062665;0;0.00885727993654142;0;2
"Aggr";63;"F3 LEMA";4;2;2;1.0517848164907;0.0517848164906988;1;0.0372039219304004;0.00541729434199472;0.838454494580416;0;0.00542001929629127;0;4
"Aggr";64;"F4 LEMA";10;5;5;3.46549773755656;2.46549773755656;1;0.100028162746534;0.0105459344289938;0.497774131956647;0;0.0105589411943664;0;6
"Aggr";65;"F5 LEMA";4;2;2;1.03871292106586;0.0387129210658622;1;0.0260928108192893;0.00364530381596771;0.73075749096736;0;0.00364690879278263;0;4
"Aggr";66;"F6 LEMA";6;3;3;1.15717697335344;0.157176973353444;1;0.0268526440239429;0.0030700401422683;0.406497264606189;0;0.00307185738994972;0;6
"Aggr";67;"Andrena";14;7;7;8.02142857142857;4.02142857142857;4;0.161614579691952;1;0;0.0290536331316996;1;0;6
"Aggr";68;"Bee_4.19.5";2;1;1;1.44444444444444;0.444444444444444;1;0.0393440894451322;0.00113898611928539;1.40736537231252e-17;0.00969397745634542;0.00114435070236856;0;2
"Aggr";69;"Big.bee.2.8.6";2;1;1;2;1;1;0.0634928447927254;0;0;0;6.52866199851487e-06;0;2
"Aggr";70;"Black_small_fly";2;1;1;1.11111111111111;0.111111111111111;1;0.0169789674004647;0.000284746529821346;1.40736537231252e-17;0.00242349436408634;0.000286087675592139;0;2
"Aggr";71;"Bombilus_major";14;7;7;8.14285714285714;6.14285714285714;2;0.190527394795776;0.0759318574570798;0;0.000123253463062239;0.0759805277168978;0;2
"Aggr";72;"Bombylidae";16;8;8;7.26358363858364;4.26358363858364;3;0.189091287357167;0.0171595797097874;1.12589229785002e-16;0.0514994460338166;0.017250459493313;0;4
"Aggr";73;"Brassicogethes";70;35;35;22.816520979021;21.816520979021;1;1;0.232582549934486;0;1;0.232727206846262;0;6
"Aggr";74;"Cerambycidae";2;1;1;1.07692307692308;0.0769230769230769;1;0.0160642296677206;0.000472810831935064;7.0368268615626e-17;0.00243040344139561;0.000473598741543003;0;2
"Aggr";75;"Conophorus";2;1;1;1.28571428571429;0.285714285714286;1;0.0334887355448643;0.0615853937207298;0;0.000152627640393794;0.0615884363913749;0;2
"Aggr";76;"Cryptocephalus";2;1;1;1.09090909090909;0.0909090909090909;1;0.0229163152298243;0.000261647717345689;3.94062304247506e-16;0.00213255872610188;0.000264289068204144;0;2
"Aggr";77;"Cylindromyia";6;3;3;3.5;1.5;2;0.0523968803895193;0.00151290003586512;0;0.023171744921952;0.00152424942537241;0;4
"Aggr";78;"Dilophus";2;1;1;1.125;0.125;1;0.016348667143547;0.000407530062261241;2.11104805846878e-16;0.00325743587654422;0.000408421342993586;0;2
"Aggr";79;"Elateridae";4;2;2;1.24358974358974;0.243589743589744;1;0.0214752193024212;0.000991732523504355;0;0.00698313324631812;0.000994592385259778;0;4
"Aggr";80;"Eristalis_sp.";2;1;1;1.07692307692308;0.0769230769230769;1;0.0160642296677206;0.000472810831935067;7.0368268615626e-17;0.00243040344139561;0.000473598741543003;0;2
"Aggr";81;"Eucera";2;1;1;2;1;1;0.0634928447927254;0;0;0;6.52866199851487e-06;0;2
"Aggr";82;"Fly_jar";2;1;1;1.125;0.125;1;0.0160439763628988;0.000473642976747371;1.40736537231252e-17;0.00600763247706206;0.000474840730538808;0;2
"Aggr";83;"Mordellidae";6;3;3;1.52083333333333;0.520833333333333;1;0.0290734448647804;0.00151332414460558;0;0.0241659262405829;0.00151595563706047;0;4
"Aggr";84;"Musca";8;4;4;1.85128205128205;0.851282051282051;1;0.0594389530372633;0.00426510463621215;0;0.0272193209164883;0.00427107442681351;0;6
"Aggr";85;"Musca.jar";4;2;2;1.54545454545455;0.545454545454545;1;0.0623759549474747;0.00208957188057554;1.40736537231252e-16;0.0153510299308384;0.00209773722678568;0;4
"Aggr";86;"Musca_sp.";8;4;4;2.02272727272727;1.02272727272727;1;0.0659580621478527;0.00424617243744697;0;0.0296495954993167;0.00425292339067209;0;6
"Aggr";87;"Oedemeridae";4;2;2;1.33939393939394;0.339393939393939;1;0.0553789946147897;0.00138348622907901;0;0.00888932303301162;0.00139196973467007;0;4
"Aggr";88;"Psilothrix_viridicoerulea";46;23;23;6.1001998001998;5.1001998001998;1;0.250415466566476;0.125351437316839;0;0.19227247290208;0.125380471547238;0;6
"Aggr";89;"Small.bee.1.18.6";8;4;4;5.28571428571429;3.28571428571429;2;0.136906987388819;0.134912142065341;0;0.000188526745770471;0.134939057176379;0;2
"Aggr";90;"Small.bee.1.8.6";2;1;1;1.2;0.2;1;0.0174215651696463;0.000566701359461272;0;0.00812556158848429;0.000567890655060802;0;2
"Aggr";91;"Sphaerophoria_scripta";4;2;2;1.23376623376623;0.233766233766234;1;0.0216634802782145;0.00107690528976932;0;0.0101245839808327;0.00107835489605361;0;4
"Aggr";92;"Ulidiidae";22;11;11;12.0909090909091;10.0909090909091;2;0.16261399975037;0.000396253875489394;3.37767689355005e-16;0.00583831665189977;0.00044390073524335;0;2
"Aggr";93;"X1.29.5";10;5;5;4.48571428571429;2.48571428571429;2;0.0714427768257881;0.00287832465470721;0;0.0224260750253193;0.00289378961200849;0;6
