"Layer";"Node";"Label";"Degree";"DegreeIn";"DegreeOut";"Strength";"StrengthIn";"StrengthOut";"PageRank";"Eigenvector";"Hub";"Authority";"Katz";"Multiplexity";"Kcore"
"1";1;"A1 LEMA";2;1;1;1.02380952380952;0.0238095238095238;1;0.0403320663961953;0;1;0;0.0909101923863336;0;2
"1";2;"A2 LEMA";2;1;1;1.6;0.6;1;0.101987762445219;0;0.0256725225708652;0;0.272719668460299;0;2
"1";3;"A4 LEMA";2;1;1;1.02380952380952;0.0238095238095238;1;0.0403320663961953;0;1;0;0.0909101923863336;0;2
"1";4;"A4 PUPA";0;0;0;0;0;0;0.0200939711581001;0;0;0;0;0;0
"1";5;"A6 LEMA";4;2;2;1.42380952380952;0.423809523809524;1;0.0949279272542745;0;0.350448348380577;0;0.2727233046932;0;2
"1";6;"B1 LEMA";2;1;1;1.04761904761905;0.0476190476190476;1;0.0605701616342906;0;1;0;0.181820384772667;0;2
"1";7;"B2 LEMA";4;2;2;1.4047619047619;0.404761904761905;1;0.112531545817597;0;0.760445125909259;0;0.363640466396906;0;4
"1";8;"B3 LEMA";2;1;1;2;1;1;0.133959807720667;0;0;0;-5.0000275352671e-06;0;2
"1";9;"B5 LEMA";4;2;2;1.1031746031746;0.103174603174603;1;0.0812271477593107;0;0.741730252772809;0;0.272730541933365;0;4
"1";10;"C1 LEMA";4;2;2;1.4047619047619;0.404761904761905;1;0.112531545817597;0;0.760445125909259;0;0.363640466396906;0;4
"1";11;"C2 LEMA";2;1;1;1.16666666666667;0.166666666666667;1;0.0820649295331605;0;0.225190758318428;0;0.272730471482093;0;2
"1";12;"C3 LEMA";6;3;3;2.33333333333333;1.33333333333333;1;0.257740324838369;0;0.698350705662039;0;1;0;4
"1";13;"C4 LEMA";4;2;2;1.12698412698413;0.126984126984127;1;0.101465242997406;0;0.806297689579607;0;0.363640734319698;0;4
"1";14;"C5 LEMA";4;2;2;1.1031746031746;0.103174603174603;1;0.0812271477593107;0;0.741730252772809;0;0.272730541933365;0;4
"1";15;"D1 LEMA";6;3;3;1.65079365079365;0.650793650793651;1;0.156338463769817;0;0.706163117698842;0;0.545442386492893;0;4
"1";16;"D2 LEMA";4;2;2;2.5;1.5;1;0.138538209987398;0;0.00411017309794993;0;0.272653473071119;0;2
"1";17;"D3 LEMA";2;1;1;2;1;1;0.133959807720667;0;0;0;-5.0000275352671e-06;0;2
"1";18;"D6 LEMA";2;1;1;1.02380952380952;0.0238095238095238;1;0.0403320663961953;0;1;0;0.0909101923863336;0;2
"1";19;"E1 LEMA";6;3;3;1.85714285714286;0.857142857142857;1;0.153511038789959;0;0.286611602699521;0;0.545448286254889;0;4
"1";20;"E2 LEMA";2;1;1;1.05555555555556;0.0555555555555556;1;0.0407509572831202;0;0.225190758318428;0;0.0909101571606975;0;2
"1";21;"E3 LEMA";2;1;1;1.33333333333333;0.333333333333333;1;0.0518172601033117;0;0.0417805036370344;0;0.0909098892379056;0;2
"1";22;"E5 LEMA";4;2;2;1.17460317460317;0.174603174603175;1;0.141941433473596;0;0.870865126386405;0;0.545461119092365;0;4
"1";23;"F1 LEMA";2;1;1;1.11111111111111;0.111111111111111;1;0.0614079434081404;0;0.225190758318428;0;0.181820314321395;0;2
"1";24;"F2 LEMA";6;3;3;2.38095238095238;1.38095238095238;1;0.126015614496448;0;0.508659665071269;0;0.363619837129333;0;4
"1";25;"F3 LEMA";4;2;2;1.07936507936508;0.0793650793650794;1;0.0609890525212155;0;0.612595379159214;0;0.181820349547031;0;4
"1";26;"F4 LEMA";2;1;1;1.07142857142857;0.0714285714285714;1;0.0808082568723858;0;1;0;0.272730577159001;0;2
"1";27;"bee_1.1.2006";2;1;1;1.66666666666667;0.666666666666667;1;0.0985989568176256;0;0;0.000271285709611347;-0.181773831027639;0;2
"1";28;"Big.bee.2.8.6";4;2;2;1.5;0.5;1;0.0814944130219203;0;0;0.0117879478746269;-0.181794737526169;0;2
"1";29;"Black.small.melyridae";2;1;1;2;1;1;0.133959807720667;0;0;0;-5.00002753526299e-06;0;2
"1";30;"Brassicogethes";34;17;17;13.219696969697;12.219696969697;1;1;0;0;1;-3.81827626299372;0;4
"1";31;"Cryptocephalus";2;1;1;1.09090909090909;0.0909090909090909;1;0.0400102689865195;0;0;0.0062854873271402;-0.0909090909095516;0;2
"1";32;"Elateridae";6;3;3;2.5;1.5;1;0.111964549218394;0;0;0.0417805036370344;-0.272742395142739;0;4
"1";33;"Lasioglossum";2;1;1;1.25;0.25;1;0.0468722892385953;0;0;0.0125899896641549;-0.0909065502340079;0;2
"1";34;"Oedemeridae";4;2;2;1.58333333333333;0.583333333333333;1;0.0903670835624169;0;0;0.0220486706209219;-0.272724160826373;0;4
"1";35;"Psilothrix_viridicoerulea";22;11;11;6.52272727272727;5.52272727272727;1;0.437442059118073;0;1.81116863814286e-16;0.225190758318428;-1.63640919298956;0;4
"1";36;"Small.bee.1.16.6";0;0;0;0;0;0;0.0200939711581001;0;0;0;0;0;0
"1";37;"Small.bee.1.8.6";4;2;2;2.66666666666667;1.66666666666667;1;0.160576061347292;0;0;0.0256725225708651;-0.4545473262455;0;2
"1";38;"Ulidiidae";2;1;1;2;1;1;0.133959807720667;0;0;0;-5.00002753526299e-06;0;2
"2";1;"A1 LEMA";0;0;0;0;0;0;0.15;0;0;0;0;0;0
"2";2;"A2 LEMA";0;0;0;0;0;0;0.15;0;0;0;0;0;0
"2";3;"A4 LEMA";0;0;0;0;0;0;0.15;0;0;0;0;0;0
"2";4;"A4 PUPA";2;1;1;2;1;1;1;1;1;0;1;0;2
"2";5;"A6 LEMA";0;0;0;0;0;0;0.15;0;0;0;0;0;0
"2";6;"B1 LEMA";0;0;0;0;0;0;0.15;0;0;0;0;0;0
"2";7;"B2 LEMA";0;0;0;0;0;0;0.15;0;0;0;0;0;0
"2";8;"B3 LEMA";0;0;0;0;0;0;0.15;0;0;0;0;0;0
"2";9;"B5 LEMA";0;0;0;0;0;0;0.15;0;0;0;0;0;0
"2";10;"C1 LEMA";0;0;0;0;0;0;0.15;0;0;0;0;0;0
"2";11;"C2 LEMA";0;0;0;0;0;0;0.15;0;0;0;0;0;0
"2";12;"C3 LEMA";0;0;0;0;0;0;0.15;0;0;0;0;0;0
"2";13;"C4 LEMA";0;0;0;0;0;0;0.15;0;0;0;0;0;0
"2";14;"C5 LEMA";0;0;0;0;0;0;0.15;0;0;0;0;0;0
"2";15;"D1 LEMA";0;0;0;0;0;0;0.15;0;0;0;0;0;0
"2";16;"D2 LEMA";0;0;0;0;0;0;0.15;0;0;0;0;0;0
"2";17;"D3 LEMA";0;0;0;0;0;0;0.15;0;0;0;0;0;0
"2";18;"D6 LEMA";0;0;0;0;0;0;0.15;0;0;0;0;0;0
"2";19;"E1 LEMA";0;0;0;0;0;0;0.15;0;0;0;0;0;0
"2";20;"E2 LEMA";0;0;0;0;0;0;0.15;0;0;0;0;0;0
"2";21;"E3 LEMA";0;0;0;0;0;0;0.15;0;0;0;0;0;0
"2";22;"E5 LEMA";0;0;0;0;0;0;0.15;0;0;0;0;0;0
"2";23;"F1 LEMA";0;0;0;0;0;0;0.15;0;0;0;0;0;0
"2";24;"F2 LEMA";0;0;0;0;0;0;0.15;0;0;0;0;0;0
"2";25;"F3 LEMA";0;0;0;0;0;0;0.15;0;0;0;0;0;0
"2";26;"F4 LEMA";0;0;0;0;0;0;0.15;0;0;0;0;0;0
"2";27;"bee_1.1.2006";0;0;0;0;0;0;0.15;0;0;0;0;0;0
"2";28;"Big.bee.2.8.6";0;0;0;0;0;0;0.15;0;0;0;0;0;0
"2";29;"Black.small.melyridae";0;0;0;0;0;0;0.15;0;0;0;0;0;0
"2";30;"Brassicogethes";0;0;0;0;0;0;0.15;0;0;0;0;0;0
"2";31;"Cryptocephalus";0;0;0;0;0;0;0.15;0;0;0;0;0;0
"2";32;"Elateridae";0;0;0;0;0;0;0.15;0;0;0;0;0;0
"2";33;"Lasioglossum";0;0;0;0;0;0;0.15;0;0;0;0;0;0
"2";34;"Oedemeridae";0;0;0;0;0;0;0.15;0;0;0;0;0;0
"2";35;"Psilothrix_viridicoerulea";0;0;0;0;0;0;0.15;0;0;0;0;0;0
"2";36;"Small.bee.1.16.6";2;1;1;2;1;1;1;1;0;1;1;0;2
"2";37;"Small.bee.1.8.6";0;0;0;0;0;0;0.15;0;0;0;0;0;0
"2";38;"Ulidiidae";0;0;0;0;0;0;0.15;0;0;0;0;0;0
"Aggr";1;"A1 LEMA";2;1;1;1.02380952380952;0.0238095238095238;1;0.0403320663961953;0;1;0;0.031044130375681;0;2
"Aggr";2;"A2 LEMA";2;1;1;1.6;0.6;1;0.101987762445219;0;0.0256725225708652;0;-0.47437474499103;0;2
"Aggr";3;"A4 LEMA";2;1;1;1.02380952380952;0.0238095238095238;1;0.0403320663961953;0;1;0;0.0310441303756809;0;2
"Aggr";4;"A4 PUPA";2;1;1;2;1;1;0.133959807720667;0;6.79188239303573e-17;0;-1.35882803394702e-05;0;2
"Aggr";5;"A6 LEMA";4;2;2;1.42380952380952;0.423809523809524;1;0.0949279272542745;0;0.350448348380577;0;-0.285205699618339;0;2
"Aggr";6;"B1 LEMA";2;1;1;1.04761904761905;0.0476190476190476;1;0.0605701616342906;0;1;0;0.0620882607513619;0;2
"Aggr";7;"B2 LEMA";4;2;2;1.4047619047619;0.404761904761905;1;0.112531545817597;0;0.760445125909259;0;0.13873803364697;0;4
"Aggr";8;"B3 LEMA";2;1;1;2;1;1;0.133959807720667;0;6.79188239303573e-17;0;-1.35882803394702e-05;0;2
"Aggr";9;"B5 LEMA";4;2;2;1.1031746031746;0.103174603174603;1;0.0812271477593107;0;0.741730252772809;0;0.104729224524066;0;4
"Aggr";10;"C1 LEMA";4;2;2;1.4047619047619;0.404761904761905;1;0.112531545817597;0;0.760445125909259;0;0.13873803364697;0;4
"Aggr";11;"C2 LEMA";2;1;1;1.16666666666667;0.166666666666667;1;0.0820649295331605;0;0.225190758318428;0;0.127922891318113;0;2
"Aggr";12;"C3 LEMA";6;3;3;2.33333333333333;1.33333333333333;1;0.257740324838369;0;0.698350705662039;0;0.387074174507552;0;4
"Aggr";13;"C4 LEMA";4;2;2;1.12698412698413;0.126984126984127;1;0.101465242997406;0;0.806297689579607;0;0.135773354899747;0;4
"Aggr";14;"C5 LEMA";4;2;2;1.1031746031746;0.103174603174603;1;0.0812271477593107;0;0.741730252772809;0;0.104729224524066;0;4
"Aggr";15;"D1 LEMA";6;3;3;1.65079365079365;0.650793650793651;1;0.156338463769817;0;0.706163117698843;0;-0.117545861987014;0;4
"Aggr";16;"D2 LEMA";4;2;2;2.5;1.5;1;0.138538209987398;0;0.00411017309794998;0;-1.3751792841933;0;2
"Aggr";17;"D3 LEMA";2;1;1;2;1;1;0.133959807720667;0;6.79188239303573e-17;0;-1.35882803394702e-05;0;2
"Aggr";18;"D6 LEMA";2;1;1;1.02380952380952;0.0238095238095238;1;0.0403320663961953;0;1;0;0.0310441303756809;0;2
"Aggr";19;"E1 LEMA";6;3;3;1.85714285714286;0.857142857142857;1;0.153511038789959;0;0.286611602699522;0;0.259131158242868;0;4
"Aggr";20;"E2 LEMA";2;1;1;1.05555555555556;0.0555555555555556;1;0.0407509572831202;0;0.225190758318428;0;0.0426409637727043;0;2
"Aggr";21;"E3 LEMA";2;1;1;1.33333333333333;0.333333333333333;1;0.0518172601033117;0;0.0417805036370346;0;0.0456056425199276;0;2
"Aggr";22;"E5 LEMA";4;2;2;1.17460317460317;0.174603174603175;1;0.141941433473596;0;0.870865126386405;0;0.197861615651109;0;4
"Aggr";23;"F1 LEMA";2;1;1;1.11111111111111;0.111111111111111;1;0.0614079434081404;0;0.225190758318428;0;0.0852819275454086;0;2
"Aggr";24;"F2 LEMA";6;3;3;2.38095238095238;1.38095238095238;1;0.126015614496448;0;0.508659665071269;0;0.159633281238544;0;4
"Aggr";25;"F3 LEMA";4;2;2;1.07936507936508;0.0793650793650794;1;0.0609890525212155;0;0.612595379159214;0;0.0736850941483852;0;4
"Aggr";26;"F4 LEMA";2;1;1;1.07142857142857;0.0714285714285714;1;0.0808082568723858;0;1;0;0.0931323911270428;0;2
"Aggr";27;"bee_1.1.2006";2;1;1;1.66666666666667;0.666666666666667;1;0.0985989568176256;0;9.0558431907143e-17;0.000271285709611311;1;0;2
"Aggr";28;"Big.bee.2.8.6";4;2;2;1.5;0.5;1;0.0814944130219203;0;1.35837647860715e-16;0.0117879478746269;0.521364858311065;0;2
"Aggr";29;"Black.small.melyridae";2;1;1;2;1;1;0.133959807720667;0;6.79188239303573e-17;0;-1.35882803394702e-05;0;2
"Aggr";30;"Brassicogethes";34;17;17;13.219696969697;12.219696969697;1;1;0;1.08670118288572e-15;1;-1.19535826551102;0;4
"Aggr";31;"Cryptocephalus";2;1;1;1.09090909090909;0.0909090909090909;1;0.0400102689865195;0;6.79188239303573e-17;0.00628548732714018;-0.0383858265160727;0;2
"Aggr";32;"Elateridae";6;3;3;2.5;1.5;1;0.111964549218394;0;1.81116863814286e-16;0.0417805036370344;-0.12545553961168;0;4
"Aggr";33;"Lasioglossum";2;1;1;1.25;0.25;1;0.0468722892385953;0;6.79188239303573e-17;0.0125899896641549;-0.0435386005580106;0;2
"Aggr";34;"Oedemeridae";4;2;2;1.58333333333333;0.583333333333333;1;0.0903670835624169;0;9.0558431907143e-17;0.0220486706209219;-0.137767082359297;0;4
"Aggr";35;"Psilothrix_viridicoerulea";22;11;11;6.52272727272727;5.52272727272727;1;0.437442059118073;0;3.62233727628572e-16;0.225190758318427;-0.703680358741455;0;4
"Aggr";36;"Small.bee.1.16.6";2;1;1;2;1;1;0.133959807720667;0;6.79188239303573e-17;0;-1.35882803394702e-05;0;2
"Aggr";37;"Small.bee.1.8.6";4;2;2;2.66666666666667;1.66666666666667;1;0.160576061347292;0;9.0558431907143e-17;0.0256725225708651;0.724793917613418;0;2
"Aggr";38;"Ulidiidae";2;1;1;2;1;1;0.133959807720667;0;6.79188239303573e-17;0;-1.35882803394702e-05;0;2
