"Layer";"Node";"Label";"Strength";"StrengthIn";"StrengthOut";"Degree";"DegreeIn";"DegreeOut";"PageRank";"Eigenvector";"Hub";"Authority";"Katz";"Multiplexity";"Kcore"
"1-Multi";1;"A6 LEMA";1.20833333333333;0.208333333333333;1;2;1;1;0.167178487910046;1;0.492592191824093;0;0.999999999991601;0.5;2
"1-Multi";2;"A6 PUPA";2;1;1;2;1;1;0.196241800777884;1;0;0;1;0.5;2
"1-Multi";3;"B4 LEMA";1.04166666666667;0.0416666666666667;1;2;1;1;0.0743905081791329;1;0.492592191824093;0;0.999999999991601;0.5;2
"1-Multi";4;"B5 LEMA";2.10833333333333;1.10833333333333;1;6;3;3;0.165281343704987;1;0.500281041579183;0;0.999999999991601;0.5;4
"1-Multi";5;"B6 LEMA";1.04166666666667;0.0416666666666667;1;2;1;1;0.0743905081791328;1;0.492592191824093;0;0.999999999991601;0.5;2
"1-Multi";6;"C2 LEMA";1.025;0.025;1;2;1;1;0.0718995821681613;1;1;0;0.999999999991601;0.5;2
"1-Multi";7;"C4 LEMA";1.075;0.075;1;2;1;1;0.113311720011675;1;1;0;0.999999999991601;0.5;2
"1-Multi";8;"C5 LEMA";2;1;1;2;1;1;0.196241800777885;1;0;0;1;0.5;2
"1-Multi";9;"C6 LEMA";1.06666666666667;0.0666666666666667;1;4;2;2;0.0950965771008898;1;0.746296095912046;0;0.999999999991601;0.5;4
"1-Multi";10;"D1 LEMA";1.04166666666667;0.0416666666666667;1;2;1;1;0.0743905081791329;1;0.492592191824093;0;0.999999999991601;0.5;2
"1-Multi";11;"D2 LEMA";2.15;1.15;1;6;3;3;0.206915378102281;1;0.418894618768197;0;0.999999999991601;0.5;4
"1-Multi";12;"D5 LEMA";1.05;0.05;1;2;1;1;0.0926056510899183;1;0.999999999999999;0;0.999999999991601;0.5;2
"1-Multi";13;"E1 LEMA";2.18333333333333;1.18333333333333;1;6;3;3;0.222491357521308;1;0.714026345591367;0;0.999999999991601;0.5;4
"1-Multi";14;"F1 LEMA";1.55;0.55;1;4;2;2;0.124560058107653;1;0.679980165675372;0;0.999999999991601;0.5;4
"1-Multi";15;"F2 LEMA";1.24166666666667;0.241666666666667;1;4;2;2;0.240039059553188;1;0.943621354647122;0;0.999999999991601;0.5;4
"1-Multi";16;"F3 LEMA";1.225;0.225;1;4;2;2;0.203608773731617;1;0.782539510781754;0;0.999999999991601;0.5;4
"1-Multi";17;"F4 LEMA";1.20833333333333;0.208333333333333;1;4;2;2;0.201117847720646;1;0.855026340521169;0;0.999999999991601;0.5;4
"1-Multi";18;"F5 LEMA";1.05;0.05;1;2;1;1;0.0926056510899183;1;1;0;0.999999999991601;0.5;2
"1-Multi";19;"F6 LEMA";1.73333333333333;0.733333333333333;1;6;3;3;0.253778323660138;1;0.780569431186033;0;0.999999999991601;0.5;4
"1-Multi";20;"bee_1.1.2006";1.33333333333333;0.333333333333333;1;2;1;1;0.102567122665477;1;0;0.0177955685684524;0.999999999991601;0.5;2
"1-Multi";21;"Brassicogethes";9.99603174603175;8.99603174603175;1;26;13;13;1;1;0;1;0.999999999991601;0.5;4
"1-Multi";22;"Elateridae";1.14285714285714;0.142857142857143;1;2;1;1;0.0751021433554602;1;0;0.0130000354913853;0.999999999991601;0.5;2
"1-Multi";23;"Musca_sp.";1.25;0.25;1;2;1;1;0.0808764880012835;1;0;0.0159397826685481;0.999999999991601;0.5;2
"1-Multi";24;"Psilothrix_viridicoerulea";7.83333333333333;6.83333333333333;1;24;12;12;0.680570731194356;1;0;0.492592191824093;0.999999999991602;0.5;4
"1-Multi";25;"Small.bee.1.16.6";2;1;1;2;1;1;0.196241800777884;1;0;0;1;0.5;2
"1-Multi";26;"Tachinidae";2;1;1;2;1;1;0.196241800777885;1;0;0;1;0.5;2
"1-Multi";27;"Ulidiidae";1.44444444444444;0.444444444444444;1;4;2;2;0.100783596664932;1;0;0.0399404970261149;0.999999999991601;0.5;4
"2-Multi";1;"A6 LEMA";1.20833333333333;0.208333333333333;1;2;1;1;0.167178487910046;1;0.492592191824093;0;0.999999999991601;0.5;2
"2-Multi";2;"A6 PUPA";2;1;1;2;1;1;0.196241800777884;1;0;0;1;0.5;2
"2-Multi";3;"B4 LEMA";1.04166666666667;0.0416666666666667;1;2;1;1;0.0743905081791329;1;0.492592191824093;0;0.999999999991601;0.5;2
"2-Multi";4;"B5 LEMA";2.10833333333333;1.10833333333333;1;6;3;3;0.165281343704987;1;0.500281041579183;0;0.999999999991601;0.5;4
"2-Multi";5;"B6 LEMA";1.04166666666667;0.0416666666666667;1;2;1;1;0.0743905081791328;1;0.492592191824093;0;0.999999999991601;0.5;2
"2-Multi";6;"C2 LEMA";1.025;0.025;1;2;1;1;0.0718995821681613;1;1;0;0.999999999991601;0.5;2
"2-Multi";7;"C4 LEMA";1.075;0.075;1;2;1;1;0.113311720011675;1;1;0;0.999999999991601;0.5;2
"2-Multi";8;"C5 LEMA";2;1;1;2;1;1;0.196241800777885;1;0;0;1;0.5;2
"2-Multi";9;"C6 LEMA";1.06666666666667;0.0666666666666667;1;4;2;2;0.0950965771008898;1;0.746296095912046;0;0.999999999991601;0.5;4
"2-Multi";10;"D1 LEMA";1.04166666666667;0.0416666666666667;1;2;1;1;0.0743905081791329;1;0.492592191824093;0;0.999999999991601;0.5;2
"2-Multi";11;"D2 LEMA";2.15;1.15;1;6;3;3;0.206915378102281;1;0.418894618768197;0;0.999999999991601;0.5;4
"2-Multi";12;"D5 LEMA";1.05;0.05;1;2;1;1;0.0926056510899183;1;0.999999999999999;0;0.999999999991601;0.5;2
"2-Multi";13;"E1 LEMA";2.18333333333333;1.18333333333333;1;6;3;3;0.222491357521308;1;0.714026345591367;0;0.999999999991601;0.5;4
"2-Multi";14;"F1 LEMA";1.55;0.55;1;4;2;2;0.124560058107653;1;0.679980165675372;0;0.999999999991601;0.5;4
"2-Multi";15;"F2 LEMA";1.24166666666667;0.241666666666667;1;4;2;2;0.240039059553188;1;0.943621354647122;0;0.999999999991601;0.5;4
"2-Multi";16;"F3 LEMA";1.225;0.225;1;4;2;2;0.203608773731617;1;0.782539510781754;0;0.999999999991601;0.5;4
"2-Multi";17;"F4 LEMA";1.20833333333333;0.208333333333333;1;4;2;2;0.201117847720646;1;0.855026340521169;0;0.999999999991601;0.5;4
"2-Multi";18;"F5 LEMA";1.05;0.05;1;2;1;1;0.0926056510899183;1;1;0;0.999999999991601;0.5;2
"2-Multi";19;"F6 LEMA";1.73333333333333;0.733333333333333;1;6;3;3;0.253778323660138;1;0.780569431186033;0;0.999999999991601;0.5;4
"2-Multi";20;"bee_1.1.2006";1.33333333333333;0.333333333333333;1;2;1;1;0.102567122665477;1;0;0.0177955685684524;0.999999999991601;0.5;2
"2-Multi";21;"Brassicogethes";9.99603174603175;8.99603174603175;1;26;13;13;1;1;0;1;0.999999999991601;0.5;4
"2-Multi";22;"Elateridae";1.14285714285714;0.142857142857143;1;2;1;1;0.0751021433554602;1;0;0.0130000354913853;0.999999999991601;0.5;2
"2-Multi";23;"Musca_sp.";1.25;0.25;1;2;1;1;0.0808764880012835;1;0;0.0159397826685481;0.999999999991601;0.5;2
"2-Multi";24;"Psilothrix_viridicoerulea";7.83333333333333;6.83333333333333;1;24;12;12;0.680570731194356;1;0;0.492592191824093;0.999999999991602;0.5;4
"2-Multi";25;"Small.bee.1.16.6";2;1;1;2;1;1;0.196241800777884;1;0;0;1;0.5;2
"2-Multi";26;"Tachinidae";2;1;1;2;1;1;0.196241800777885;1;0;0;1;0.5;2
"2-Multi";27;"Ulidiidae";1.44444444444444;0.444444444444444;1;4;2;2;0.100783596664932;1;0;0.0399404970261149;0.999999999991601;0.5;4
"Aggr";1;"A6 LEMA";1.20833333333333;0.208333333333333;1;2;1;1;0.145300964717843;1;0.492592191824093;0;1;0;2
"Aggr";2;"A6 PUPA";2;1;1;2;1;1;0.175127746458757;1;0;0;0.999999999990952;0;2
"Aggr";3;"B4 LEMA";1.04166666666667;0.0416666666666667;1;2;1;1;0.0500755225186195;1;0.492592191824093;0;1;0;2
"Aggr";4;"B5 LEMA";2.10833333333333;1.10833333333333;1;6;3;3;0.143353984124384;1;0.500281041579184;0;1;0;4
"Aggr";5;"B6 LEMA";1.04166666666667;0.0416666666666667;1;2;1;1;0.0500755225186195;1;0.492592191824093;0;1;0;2
"Aggr";6;"C2 LEMA";1.025;0.025;1;2;1;1;0.0475191619688135;1;1;0;1;0;2
"Aggr";7;"C4 LEMA";1.075;0.075;1;2;1;1;0.0900191619688135;1;1;0;1;0;2
"Aggr";8;"C5 LEMA";2;1;1;2;1;1;0.175127746458758;1;0;0;0.999999999990952;0;2
"Aggr";9;"C6 LEMA";1.06666666666667;0.0666666666666667;1;4;2;2;0.0713255225186195;1;0.746296095912046;0;1;0;4
"Aggr";10;"D1 LEMA";1.04166666666667;0.0416666666666667;1;2;1;1;0.0500755225186195;1;0.492592191824092;0;1;0;2
"Aggr";11;"D2 LEMA";2.15;1.15;1;6;3;3;0.186081709714673;1;0.418894618768197;0;1;0;4
"Aggr";12;"D5 LEMA";1.05;0.05;1;2;1;1;0.0687691619688135;1;1;0;1;0;2
"Aggr";13;"E1 LEMA";2.18333333333333;1.18333333333333;1;6;3;3;0.202066857059884;1;0.714026345591367;0;1;0;4
"Aggr";14;"F1 LEMA";1.55;0.55;1;4;2;2;0.101562984480115;1;0.679980165675372;0;1;0;4
"Aggr";15;"F2 LEMA";1.24166666666667;0.241666666666667;1;4;2;2;0.22007552251862;1;0.943621354647121;0;1;0;4
"Aggr";16;"F3 LEMA";1.225;0.225;1;4;2;2;0.182688243618231;1;0.782539510781754;0;1;0;4
"Aggr";17;"F4 LEMA";1.20833333333333;0.208333333333333;1;4;2;2;0.180131883068425;1;0.855026340521169;0;1;0;4
"Aggr";18;"F5 LEMA";1.05;0.05;1;2;1;1;0.0687691619688135;1;1;0;1;0;2
"Aggr";19;"F6 LEMA";1.73333333333333;0.733333333333333;1;6;3;3;0.234175705579727;1;0.780569431186033;0;1;0;4
"Aggr";20;"bee_1.1.2006";1.33333333333333;0.333333333333333;1;2;1;1;0.0789923130546376;1;0;0.0177955685684525;1;0;2
"Aggr";21;"Brassicogethes";9.99603174603175;8.99603174603175;1;26;13;13;1;1;0;1;1;0;4
"Aggr";22;"Elateridae";1.14285714285714;0.142857142857143;1;2;1;1;0.0508058517546565;1;0;0.0130000354913853;1;0;2
"Aggr";23;"Musca_sp.";1.25;0.25;1;2;1;1;0.0567318835952451;1;0;0.0159397826685481;1;0;2
"Aggr";24;"Psilothrix_viridicoerulea";7.83333333333333;6.83333333333333;1;24;12;12;0.672179591994522;1;0;0.492592191824093;1;0;4
"Aggr";25;"Small.bee.1.16.6";2;1;1;2;1;1;0.175127746458757;1;0;0;0.999999999990952;0;2
"Aggr";26;"Tachinidae";2;1;1;2;1;1;0.175127746458758;1;0;0;0.999999999990952;0;2
"Aggr";27;"Ulidiidae";1.44444444444444;0.444444444444444;1;4;2;2;0.0771619353207091;1;0;0.0399404970261149;1;0;4
