"Layer";"Node";"Label";"Degree";"DegreeIn";"DegreeOut";"Strength";"StrengthIn";"StrengthOut";"PageRank";"Eigenvector";"Hub";"Authority";"Katz";"Multiplexity";"Kcore"
"1";1;"A1 CHFU";0;0;0;0;0;0;0.15;0;0;0;0;0;0
"1";2;"A1 LEMA";0;0;0;0;0;0;0.15;0;0;0;0;0;0
"1";3;"A2 CHFU";0;0;0;0;0;0;0.15;0;0;0;0;0;0
"1";4;"A2 LEMA";0;0;0;0;0;0;0.15;0;0;0;0;0;0
"1";5;"A3 LEMA";0;0;0;0;0;0;0.15;0;0;0;0;0;0
"1";6;"A4 LEMA";0;0;0;0;0;0;0.15;0;0;0;0;0;0
"1";7;"A5 CHFU";0;0;0;0;0;0;0.15;0;0;0;0;0;0
"1";8;"A5 LEMA";0;0;0;0;0;0;0.15;0;0;0;0;0;0
"1";9;"A6 CHFU";0;0;0;0;0;0;0.15;0;1.96261557335472e-17;0;0;0;0
"1";10;"B1 CHFU";0;0;0;0;0;0;0.15;0;0;0;0;0;0
"1";11;"B1 LEMA";0;0;0;0;0;0;0.15;0;0;0;0;0;0
"1";12;"B2 CHFU";0;0;0;0;0;0;0.15;0;0;0;0;0;0
"1";13;"B2 LEMA";0;0;0;0;0;0;0.15;0;0;0;0;0;0
"1";14;"B3 CHFU";0;0;0;0;0;0;0.15;0;0;0;0;0;0
"1";15;"B3 LEMA";0;0;0;0;0;0;0.15;0;0;0;0;0;0
"1";16;"B4 CHFU";0;0;0;0;0;0;0.15;0;0;0;0;0;0
"1";17;"B4 CHMI";0;0;0;0;0;0;0.15;0;0;0;0;0;0
"1";18;"B4 LEMA";0;0;0;0;0;0;0.15;0;0;0;0;0;0
"1";19;"B5 LEMA";0;0;0;0;0;0;0.15;0;1.96261557335472e-17;0;0;0;0
"1";20;"B6 CHFU";0;0;0;0;0;0;0.15;0;0;0;0;0;0
"1";21;"B6 PUPA";0;0;0;0;0;0;0.15;0;0;0;0;0;0
"1";22;"C1 CHFU";0;0;0;0;0;0;0.15;0;0;0;0;0;0
"1";23;"C1 LEMA";0;0;0;0;0;0;0.15;0;0;0;0;0;0
"1";24;"C2 CHFU";0;0;0;0;0;0;0.15;0;0;0;0;0;0
"1";25;"C2 LEMA";0;0;0;0;0;0;0.15;0;0;0;0;0;0
"1";26;"C3 BEMA";2;1;1;2;1;1;1;1;1;1;1;0;2
"1";27;"C3 CHFU";0;0;0;0;0;0;0.15;0;0;0;0;0;0
"1";28;"C3 LEMA";0;0;0;0;0;0;0.15;0;0;0;0;0;0
"1";29;"C3 SCLA";0;0;0;0;0;0;0.15;0;0;0;0;0;0
"1";30;"C4 CHFU";0;0;0;0;0;0;0.15;0;0;0;0;0;0
"1";31;"C4 LEMA";0;0;0;0;0;0;0.15;0;0;0;0;0;0
"1";32;"C5 CHFU";0;0;0;0;0;0;0.15;0;0;0;0;0;0
"1";33;"C5 LEMA";0;0;0;0;0;0;0.15;0;0;0;0;0;0
"1";34;"C6 LEMA";0;0;0;0;0;0;0.15;0;0;0;0;0;0
"1";35;"C6 SOAS";0;0;0;0;0;0;0.15;0;0;0;0;0;0
"1";36;"D1 CHFU";0;0;0;0;0;0;0.15;0;0;0;0;0;0
"1";37;"D1 LEMA";0;0;0;0;0;0;0.15;0;0;0;0;0;0
"1";38;"D1 SOAS";0;0;0;0;0;0;0.15;0;0;0;0;0;0
"1";39;"D2 CHFU";0;0;0;0;0;0;0.15;0;0;0;0;0;0
"1";40;"D2 LEMA";0;0;0;0;0;0;0.15;0;0;0;0;0;0
"1";41;"D3 CHFU";0;0;0;0;0;0;0.15;0;0;0;0;0;0
"1";42;"D3 LEMA";0;0;0;0;0;0;0.15;0;0;0;0;0;0
"1";43;"D4 CHFU";0;0;0;0;0;0;0.15;0;0;0;0;0;0
"1";44;"D4 LEMA";0;0;0;0;0;0;0.15;0;0;0;0;0;0
"1";45;"D5 CHFU";0;0;0;0;0;0;0.15;0;0;0;0;0;0
"1";46;"D5 LEMA";0;0;0;0;0;0;0.15;0;0;0;0;0;0
"1";47;"D5 PUPA";0;0;0;0;0;0;0.15;0;0;0;0;0;0
"1";48;"D6 CHFU";0;0;0;0;0;0;0.15;0;0;0;0;0;0
"1";49;"D6 LEMA";0;0;0;0;0;0;0.15;0;0;0;0;0;0
"1";50;"D6 PUPA";0;0;0;0;0;0;0.15;0;0;0;0;0;0
"1";51;"E1 CHFU";0;0;0;0;0;0;0.15;0;1.96261557335472e-17;0;0;0;0
"1";52;"E1 LEMA";0;0;0;0;0;0;0.15;0;0;0;0;0;0
"1";53;"E1 PUPA";0;0;0;0;0;0;0.15;0;0;0;0;0;0
"1";54;"E2 CHFU";0;0;0;0;0;0;0.15;0;0;0;0;0;0
"1";55;"E2 LEMA";0;0;0;0;0;0;0.15;0;0;0;0;0;0
"1";56;"E2 SCLA";0;0;0;0;0;0;0.15;0;0;0;0;0;0
"1";57;"E3 CHFU";0;0;0;0;0;0;0.15;0;0;0;0;0;0
"1";58;"E3 LEMA";0;0;0;0;0;0;0.15;0;0;0;0;0;0
"1";59;"E4 CHFU";0;0;0;0;0;0;0.15;0;0;0;0;0;0
"1";60;"E4 LEMA";0;0;0;0;0;0;0.15;0;0;0;0;0;0
"1";61;"E4 PUPA";0;0;0;0;0;0;0.15;0;0;0;0;0;0
"1";62;"E5 CHFU";0;0;0;0;0;0;0.15;0;0;0;0;0;0
"1";63;"E5 LEMA";0;0;0;0;0;0;0.15;0;0;0;0;0;0
"1";64;"E6 CETE";0;0;0;0;0;0;0.15;0;1.96261557335472e-17;0;0;0;0
"1";65;"E6 CHFU";0;0;0;0;0;0;0.15;0;0;0;0;0;0
"1";66;"E6 LEMA";0;0;0;0;0;0;0.15;0;0;0;0;0;0
"1";67;"F1 CHFU";0;0;0;0;0;0;0.15;0;0;0;0;0;0
"1";68;"F1 LEMA";0;0;0;0;0;0;0.15;0;0;0;0;0;0
"1";69;"F2 CHFU";0;0;0;0;0;0;0.15;0;0;0;0;0;0
"1";70;"F3 CHFU";0;0;0;0;0;0;0.15;0;0;0;0;0;0
"1";71;"F4 CHFU";0;0;0;0;0;0;0.15;0;0;0;0;0;0
"1";72;"F5 CHFU";0;0;0;0;0;0;0.15;0;0;0;0;0;0
"1";73;"F6 CHFU";0;0;0;0;0;0;0.15;0;1.96261557335472e-17;0;0;0;0
"1";74;"F6 LEMA";0;0;0;0;0;0;0.15;0;0;0;0;0;0
"1";75;"Andrena";0;0;0;0;0;0;0.15;0;0;0;0;0;0
"1";76;"Andrena_2_10_3";0;0;0;0;0;0;0.15;0;0;0;0;0;0
"1";77;"Bee.picture.26_2";0;0;0;0;0;0;0.15;0;0;0;0;0;0
"1";78;"Bee_9_20_2";0;0;0;0;0;0;0.15;0;0;0;0;0;0
"1";79;"black_Psilothrix";0;0;0;0;0;0;0.15;0;0;0;0;0;0
"1";80;"Black_small_fly";0;0;0;0;0;0;0.15;0;0;0;0;0;0
"1";81;"Bombylidae";2;1;1;2;1;1;1;1;0;1;1;0;2
"1";82;"Brassicogethes";0;0;0;0;0;0;0.15;0;0;0;0;0;0
"1";83;"Cryptocephalus";0;0;0;0;0;0;0.15;0;0;0;0;0;0
"1";84;"Diptera";0;0;0;0;0;0;0.15;0;0;0;0;0;0
"1";85;"Eristalis";0;0;0;0;0;0;0.15;0;0;0;0;0;0
"1";86;"Eucera";0;0;0;0;0;0;0.15;0;0;0;0;0;0
"1";87;"Euchloe_crameri";0;0;0;0;0;0;0.15;0;0;0;0;0;0
"1";88;"Fly_with_red";0;0;0;0;0;0;0.15;0;0;0;0;0;0
"1";89;"Lagorina_sericea";0;0;0;0;0;0;0.15;0;0;0;0;0;0
"1";90;"Lasiocampa.trifolii";0;0;0;0;0;0;0.15;0;0;0;0;0;0
"1";91;"Lasioglossum";0;0;0;0;0;0;0.15;0;0;0;0;0;0
"1";92;"Mordellidae";0;0;0;0;0;0;0.15;0;1.96261557335472e-17;0;0;0;0
"1";93;"Muscidae";0;0;0;0;0;0;0.15;0;1.96261557335472e-17;0;0;0;0
"1";94;"Oedemeridae";0;0;0;0;0;0;0.15;0;0;0;0;0;0
"1";95;"Psilothrix_viridicoerulea";0;0;0;0;0;0;0.15;0;0;0;0;0;0
"1";96;"Small.bee.1.16.6";0;0;0;0;0;0;0.15;0;0;0;0;0;0
"1";97;"Small.bee.1.8.6";0;0;0;0;0;0;0.15;0;0;0;0;0;0
"1";98;"Small.fly_green";0;0;0;0;0;0;0.15;0;0;0;0;0;0
"1";99;"Sphaerophoria";0;0;0;0;0;0;0.15;0;0;0;0;0;0
"1";100;"Sphaerophoria_scripta";0;0;0;0;0;0;0.15;0;0;0;0;0;0
"1";101;"Syrphidae";0;0;0;0;0;0;0.15;0;0;0;0;0;0
"1";102;"Tachinidae";0;0;0;0;0;0;0.15;0;0;0;0;0;0
"1";103;"Ulidiidae";0;0;0;0;0;0;0.15;0;0;0;0;0;0
"2";1;"A1 CHFU";0;0;0;0;0;0;0.15;0;0;0;0;0;0
"2";2;"A1 LEMA";0;0;0;0;0;0;0.15;0;0;0;0;0;0
"2";3;"A2 CHFU";0;0;0;0;0;0;0.15;0;0;0;0;0;0
"2";4;"A2 LEMA";0;0;0;0;0;0;0.15;0;0;0;0;0;0
"2";5;"A3 LEMA";0;0;0;0;0;0;0.15;0;0;0;0;0;0
"2";6;"A4 LEMA";0;0;0;0;0;0;0.15;0;0;0;0;0;0
"2";7;"A5 CHFU";0;0;0;0;0;0;0.15;0;0;0;0;0;0
"2";8;"A5 LEMA";0;0;0;0;0;0;0.15;0;0;0;0;0;0
"2";9;"A6 CHFU";0;0;0;0;0;0;0.15;0;0;0;0;0;0
"2";10;"B1 CHFU";0;0;0;0;0;0;0.15;0;0;0;0;0;0
"2";11;"B1 LEMA";0;0;0;0;0;0;0.15;0;0;0;0;0;0
"2";12;"B2 CHFU";0;0;0;0;0;0;0.15;0;0;0;0;0;0
"2";13;"B2 LEMA";0;0;0;0;0;0;0.15;0;0;0;0;0;0
"2";14;"B3 CHFU";0;0;0;0;0;0;0.15;0;0;0;0;0;0
"2";15;"B3 LEMA";0;0;0;0;0;0;0.15;0;0;0;0;0;0
"2";16;"B4 CHFU";0;0;0;0;0;0;0.15;0;0;0;0;0;0
"2";17;"B4 CHMI";0;0;0;0;0;0;0.15;0;0;0;0;0;0
"2";18;"B4 LEMA";0;0;0;0;0;0;0.15;0;0;0;0;0;0
"2";19;"B5 LEMA";0;0;0;0;0;0;0.15;0;0;0;0;0;0
"2";20;"B6 CHFU";0;0;0;0;0;0;0.15;0;0;0;0;0;0
"2";21;"B6 PUPA";0;0;0;0;0;0;0.15;0;0;0;0;0;0
"2";22;"C1 CHFU";0;0;0;0;0;0;0.15;0;0;0;0;0;0
"2";23;"C1 LEMA";0;0;0;0;0;0;0.15;0;0;0;0;0;0
"2";24;"C2 CHFU";0;0;0;0;0;0;0.15;0;0;0;0;0;0
"2";25;"C2 LEMA";0;0;0;0;0;0;0.15;0;0;0;0;0;0
"2";26;"C3 BEMA";0;0;0;0;0;0;0.15;0;0;0;0;0;0
"2";27;"C3 CHFU";0;0;0;0;0;0;0.15;0;0;0;0;0;0
"2";28;"C3 LEMA";0;0;0;0;0;0;0.15;0;0;0;0;0;0
"2";29;"C3 SCLA";0;0;0;0;0;0;0.15;0;0;0;0;0;0
"2";30;"C4 CHFU";0;0;0;0;0;0;0.15;0;0;0;0;0;0
"2";31;"C4 LEMA";0;0;0;0;0;0;0.15;0;0;0;0;0;0
"2";32;"C5 CHFU";0;0;0;0;0;0;0.15;0;0;0;0;0;0
"2";33;"C5 LEMA";0;0;0;0;0;0;0.15;0;0;0;0;0;0
"2";34;"C6 LEMA";0;0;0;0;0;0;0.15;0;0;0;0;0;0
"2";35;"C6 SOAS";0;0;0;0;0;0;0.15;0;0;0;0;0;0
"2";36;"D1 CHFU";0;0;0;0;0;0;0.15;0;0;0;0;0;0
"2";37;"D1 LEMA";0;0;0;0;0;0;0.15;0;0;0;0;0;0
"2";38;"D1 SOAS";0;0;0;0;0;0;0.15;0;0;0;0;0;0
"2";39;"D2 CHFU";0;0;0;0;0;0;0.15;0;0;0;0;0;0
"2";40;"D2 LEMA";0;0;0;0;0;0;0.15;0;0;0;0;0;0
"2";41;"D3 CHFU";0;0;0;0;0;0;0.15;0;0;0;0;0;0
"2";42;"D3 LEMA";0;0;0;0;0;0;0.15;0;0;0;0;0;0
"2";43;"D4 CHFU";0;0;0;0;0;0;0.15;0;0;0;0;0;0
"2";44;"D4 LEMA";0;0;0;0;0;0;0.15;0;0;0;0;0;0
"2";45;"D5 CHFU";0;0;0;0;0;0;0.15;0;0;0;0;0;0
"2";46;"D5 LEMA";0;0;0;0;0;0;0.15;0;0;0;0;0;0
"2";47;"D5 PUPA";0;0;0;0;0;0;0.15;0;0;0;0;0;0
"2";48;"D6 CHFU";0;0;0;0;0;0;0.15;0;0;0;0;0;0
"2";49;"D6 LEMA";0;0;0;0;0;0;0.15;0;0;0;0;0;0
"2";50;"D6 PUPA";0;0;0;0;0;0;0.15;0;0;0;0;0;0
"2";51;"E1 CHFU";0;0;0;0;0;0;0.15;0;0;0;0;0;0
"2";52;"E1 LEMA";0;0;0;0;0;0;0.15;0;0;0;0;0;0
"2";53;"E1 PUPA";0;0;0;0;0;0;0.15;0;0;0;0;0;0
"2";54;"E2 CHFU";0;0;0;0;0;0;0.15;0;0;0;0;0;0
"2";55;"E2 LEMA";0;0;0;0;0;0;0.15;0;0;0;0;0;0
"2";56;"E2 SCLA";0;0;0;0;0;0;0.15;0;0;0;0;0;0
"2";57;"E3 CHFU";0;0;0;0;0;0;0.15;0;0;0;0;0;0
"2";58;"E3 LEMA";0;0;0;0;0;0;0.15;0;0;0;0;0;0
"2";59;"E4 CHFU";0;0;0;0;0;0;0.15;0;0;0;0;0;0
"2";60;"E4 LEMA";0;0;0;0;0;0;0.15;0;0;0;0;0;0
"2";61;"E4 PUPA";0;0;0;0;0;0;0.15;0;0;0;0;0;0
"2";62;"E5 CHFU";0;0;0;0;0;0;0.15;0;0;0;0;0;0
"2";63;"E5 LEMA";0;0;0;0;0;0;0.15;0;0;0;0;0;0
"2";64;"E6 CETE";2;1;1;2;1;1;1;1;1;1;1;0;2
"2";65;"E6 CHFU";0;0;0;0;0;0;0.15;0;0;0;0;0;0
"2";66;"E6 LEMA";0;0;0;0;0;0;0.15;0;0;0;0;0;0
"2";67;"F1 CHFU";0;0;0;0;0;0;0.15;0;0;0;0;0;0
"2";68;"F1 LEMA";0;0;0;0;0;0;0.15;0;0;0;0;0;0
"2";69;"F2 CHFU";0;0;0;0;0;0;0.15;0;0;0;0;0;0
"2";70;"F3 CHFU";0;0;0;0;0;0;0.15;0;0;0;0;0;0
"2";71;"F4 CHFU";0;0;0;0;0;0;0.15;0;0;0;0;0;0
"2";72;"F5 CHFU";0;0;0;0;0;0;0.15;0;0;0;0;0;0
"2";73;"F6 CHFU";0;0;0;0;0;0;0.15;0;0;0;0;0;0
"2";74;"F6 LEMA";0;0;0;0;0;0;0.15;0;0;0;0;0;0
"2";75;"Andrena";0;0;0;0;0;0;0.15;0;0;0;0;0;0
"2";76;"Andrena_2_10_3";0;0;0;0;0;0;0.15;0;0;0;0;0;0
"2";77;"Bee.picture.26_2";0;0;0;0;0;0;0.15;0;0;0;0;0;0
"2";78;"Bee_9_20_2";0;0;0;0;0;0;0.15;0;0;0;0;0;0
"2";79;"black_Psilothrix";0;0;0;0;0;0;0.15;0;0;0;0;0;0
"2";80;"Black_small_fly";0;0;0;0;0;0;0.15;0;0;0;0;0;0
"2";81;"Bombylidae";0;0;0;0;0;0;0.15;0;0;0;0;0;0
"2";82;"Brassicogethes";0;0;0;0;0;0;0.15;0;0;0;0;0;0
"2";83;"Cryptocephalus";0;0;0;0;0;0;0.15;0;0;0;0;0;0
"2";84;"Diptera";0;0;0;0;0;0;0.15;0;0;0;0;0;0
"2";85;"Eristalis";2;1;1;2;1;1;1;1;1;1;1;0;2
"2";86;"Eucera";0;0;0;0;0;0;0.15;0;0;0;0;0;0
"2";87;"Euchloe_crameri";0;0;0;0;0;0;0.15;0;0;0;0;0;0
"2";88;"Fly_with_red";0;0;0;0;0;0;0.15;0;0;0;0;0;0
"2";89;"Lagorina_sericea";0;0;0;0;0;0;0.15;0;0;0;0;0;0
"2";90;"Lasiocampa.trifolii";0;0;0;0;0;0;0.15;0;0;0;0;0;0
"2";91;"Lasioglossum";0;0;0;0;0;0;0.15;0;0;0;0;0;0
"2";92;"Mordellidae";0;0;0;0;0;0;0.15;0;0;0;0;0;0
"2";93;"Muscidae";0;0;0;0;0;0;0.15;0;0;0;0;0;0
"2";94;"Oedemeridae";0;0;0;0;0;0;0.15;0;0;0;0;0;0
"2";95;"Psilothrix_viridicoerulea";0;0;0;0;0;0;0.15;0;0;0;0;0;0
"2";96;"Small.bee.1.16.6";0;0;0;0;0;0;0.15;0;0;0;0;0;0
"2";97;"Small.bee.1.8.6";0;0;0;0;0;0;0.15;0;0;0;0;0;0
"2";98;"Small.fly_green";0;0;0;0;0;0;0.15;0;0;0;0;0;0
"2";99;"Sphaerophoria";0;0;0;0;0;0;0.15;0;0;0;0;0;0
"2";100;"Sphaerophoria_scripta";0;0;0;0;0;0;0.15;0;0;0;0;0;0
"2";101;"Syrphidae";0;0;0;0;0;0;0.15;0;0;0;0;0;0
"2";102;"Tachinidae";0;0;0;0;0;0;0.15;0;0;0;0;0;0
"2";103;"Ulidiidae";0;0;0;0;0;0;0.15;0;0;0;0;0;0
"3";1;"A1 CHFU";4;2;2;2.06666666666667;1.06666666666667;1;0.0929556234524291;0.08;0.834717007651228;0;0.080000064000714;0;2
"3";2;"A1 LEMA";0;0;0;0;0;0;0.0135651624117292;0;0;0;0;0;0
"3";3;"A2 CHFU";2;1;1;1.04;0.04;1;0.0475651624117292;0.04;1;0;0.0399996320000263;0;2
"3";4;"A2 LEMA";0;0;0;0;0;0;0.0135651624117292;0;0;0;0;0;0
"3";5;"A3 LEMA";0;0;0;0;0;0;0.0135651624117292;0;0;0;0;0;0
"3";6;"A4 LEMA";0;0;0;0;0;0;0.0135651624117292;0;0;0;0;0;0
"3";7;"A5 CHFU";2;1;1;1.01333333333333;0.0133333333333333;1;0.0248984957450626;0.0133333333333333;1;0;0.0133332106666754;0;2
"3";8;"A5 LEMA";0;0;0;0;0;0;0.0135651624117292;0;0;0;0;0;0
"3";9;"A6 CHFU";2;1;1;1.08;0.08;1;0.0815651624117292;0.08;1;3.48122856334235e-18;0.0799992640000526;0;2
"3";10;"B1 CHFU";4;2;2;2.10666666666667;1.10666666666667;1;0.125866500048963;0.12;0.889544248473813;0;0.119999596002408;0;2
"3";11;"B1 LEMA";0;0;0;0;0;0;0.0135651624117292;0;0;0;0;0;0
"3";12;"B2 CHFU";4;2;2;1.12666666666667;0.126666666666667;1;0.0480333422244234;0.04;0.677986087492727;0;0.0399995876911789;0;4
"3";13;"B2 LEMA";0;0;0;0;0;0;0.0135651624117292;0;0;0;0;0;0
"3";14;"B3 CHFU";2;1;1;1.01333333333333;0.0133333333333333;1;0.0248984957450626;0.0133333333333333;1;0;0.0133332106666754;0;2
"3";15;"B3 LEMA";0;0;0;0;0;0;0.0135651624117292;0;0;0;0;0;0
"3";16;"B4 CHFU";2;1;1;1.01333333333333;0.0133333333333333;1;0.0248984957450626;0.0133333333333333;1;0;0.0133332106666754;0;2
"3";17;"B4 CHMI";0;0;0;0;0;0;0.0135651624117292;0;0;0;0;0;0
"3";18;"B4 LEMA";0;0;0;0;0;0;0.0135651624117292;0;0;0;0;0;0
"3";19;"B5 LEMA";0;0;0;0;0;0;0.0135651624117292;0;0;0;0;0;0
"3";20;"B6 CHFU";2;1;1;1.01333333333333;0.0133333333333333;1;0.0248984957450626;0.0133333333333333;1;0;0.0133332106666754;0;2
"3";21;"B6 PUPA";0;0;0;0;0;0;0.0135651624117292;0;0;0;0;0;0
"3";22;"C1 CHFU";4;2;2;2.09333333333333;1.09333333333333;1;0.114796437012746;0.106666666666667;0.87581663941344;0;0.106666409144886;0;2
"3";23;"C1 LEMA";0;0;0;0;0;0;0.0135651624117292;0;0;0;0;0;0
"3";24;"C2 CHFU";2;1;1;1.05333333333333;0.0533333333333333;1;0.0588984957450626;0.0533333333333333;1;0;0.0533328426667017;0;2
"3";25;"C2 LEMA";0;0;0;0;0;0;0.0135651624117292;0;0;0;0;0;0
"3";26;"C3 BEMA";0;0;0;0;0;0;0.0135651624117292;0;0;0;0;0;0
"3";27;"C3 CHFU";2;1;1;1.04;0.04;1;0.0475651624117292;0.04;1;0;0.0399996320000263;0;2
"3";28;"C3 LEMA";0;0;0;0;0;0;0.0135651624117292;0;0;0;0;0;0
"3";29;"C3 SCLA";0;0;0;0;0;0;0.0135651624117292;0;0;0;0;0;0
"3";30;"C4 CHFU";2;1;1;1.01333333333333;0.0133333333333333;1;0.0248984957450626;0.0133333333333333;1;0;0.0133332106666754;0;2
"3";31;"C4 LEMA";0;0;0;0;0;0;0.0135651624117292;0;0;0;0;0;0
"3";32;"C5 CHFU";2;1;1;1.02666666666667;0.0266666666666667;1;0.0362318290783959;0.0266666666666667;1;0;0.0266664213333509;0;2
"3";33;"C5 LEMA";0;0;0;0;0;0;0.0135651624117292;0;0;0;0;0;0
"3";34;"C6 LEMA";0;0;0;0;0;0;0.0135651624117292;0;0;0;0;0;0
"3";35;"C6 SOAS";0;0;0;0;0;0;0.0135651624117292;0;0;0;0;0;0
"3";36;"D1 CHFU";4;2;2;1.34666666666667;0.346666666666667;1;0.0585124260678458;0.0266666666666665;0.50861637842438;0;0.026670420920701;0;2
"3";37;"D1 LEMA";0;0;0;0;0;0;0.0135651624117292;0;0;0;0;0;0
"3";38;"D1 SOAS";0;0;0;0;0;0;0.0135651624117292;0;0;0;0;0;0
"3";39;"D2 CHFU";8;4;4;2.54781609195402;1.54781609195402;1;0.0789226748996911;0.0533333333333333;0.269782928520836;0;0.0533343079127231;0;4
"3";40;"D2 LEMA";0;0;0;0;0;0;0.0135651624117292;0;0;0;0;0;0
"3";41;"D3 CHFU";4;2;2;1.30344827586207;0.303448275862069;1;0.0657922566962382;0.0666666666666667;0.0551740743097956;0;0.0666652649393186;0;4
"3";42;"D3 LEMA";0;0;0;0;0;0;0.0135651624117292;0;0;0;0;0;0
"3";43;"D4 CHFU";4;2;2;1.10896551724138;0.108965517241379;1;0.0666478744066986;0.0666666666666667;0.627727179545682;0;0.0666655868158013;0;4
"3";44;"D4 LEMA";0;0;0;0;0;0;0.0135651624117292;0;0;0;0;0;0
"3";45;"D5 CHFU";2;1;1;1.1;0.1;1;0.0253666755577567;0.0133333333333333;0.0339582624781822;0;0.013333166357828;0;2
"3";46;"D5 LEMA";0;0;0;0;0;0;0.0135651624117292;0;0;0;0;0;0
"3";47;"D5 PUPA";0;0;0;0;0;0;0.0135651624117292;0;0;0;0;0;0
"3";48;"D6 CHFU";2;1;1;1.04;0.04;1;0.0475651624117292;0.04;1;0;0.0399996320000263;0;2
"3";49;"D6 LEMA";0;0;0;0;0;0;0.0135651624117292;0;0;0;0;0;0
"3";50;"D6 PUPA";0;0;0;0;0;0;0.0135651624117292;0;0;0;0;0;0
"3";51;"E1 CHFU";4;2;2;1.38666666666667;0.386666666666667;1;0.0721999442970977;0.0666666666666667;0.802261110060264;0;0.0666661105695479;0;4
"3";52;"E1 LEMA";0;0;0;0;0;0;0.0135651624117292;0;0;0;0;0;0
"3";53;"E1 PUPA";0;0;0;0;0;0;0.0135651624117292;0;0;0;0;0;0
"3";54;"E2 CHFU";6;3;3;1.33900383141762;0.339003831417624;1;0.0799251803942616;0.0799999999999999;0.206190809194522;0;0.0799989590653325;0;6
"3";55;"E2 LEMA";0;0;0;0;0;0;0.0135651624117292;0;0;0;0;0;0
"3";56;"E2 SCLA";0;0;0;0;0;0;0.0135651624117292;0;0;0;0;0;0
"3";57;"E3 CHFU";4;2;2;1.14344827586207;0.143448275862069;1;0.0761892304041833;0.08;0.534658974432102;0;0.0799985642236888;0;4
"3";58;"E3 LEMA";0;0;0;0;0;0;0.0135651624117292;0;0;0;0;0;0
"3";59;"E4 CHFU";4;2;2;1.14;0.14;1;0.0593666755577567;0.0533333333333333;0.758489565619546;0;0.0533327983578543;0;4
"3";60;"E4 LEMA";0;0;0;0;0;0;0.0135651624117292;0;0;0;0;0;0
"3";61;"E4 PUPA";0;0;0;0;0;0;0.0135651624117292;0;0;0;0;0;0
"3";62;"E5 CHFU";4;2;2;1.35816091954023;0.35816091954023;1;0.120312055719909;0.146666666666667;0.153925408058368;0;0.146662984745551;0;4
"3";63;"E5 LEMA";0;0;0;0;0;0;0.0135651624117292;0;0;0;0;0;0
"3";64;"E6 CETE";0;0;0;0;0;0;0.0135651624117292;0;0;0;0;0;0
"3";65;"E6 CHFU";4;2;2;1.08781609195402;0.087816091954023;1;0.0684398517425473;0.0666666666666666;0.813863589772841;0;0.0666658200745892;0;4
"3";66;"E6 LEMA";0;0;0;0;0;0;0.0135651624117292;0;0;0;0;0;0
"3";67;"F1 CHFU";4;2;2;2.11111111111111;1.11111111111111;1;0.0599559433112666;0.0266666666666666;0.00740827554820574;0;0.0266686827979713;0;2
"3";68;"F1 LEMA";0;0;0;0;0;0;0.0135651624117292;0;0;0;0;0;0
"3";69;"F2 CHFU";2;1;1;1.33333333333333;0.333333333333333;1;0.0471790927345125;0.0133333333333331;0.0172327568487604;0;0.0133372102540255;0;2
"3";70;"F3 CHFU";2;1;1;1.33333333333333;0.333333333333333;1;0.0471790927345125;0.0133333333333331;0.0172327568487604;0;0.0133372102540255;0;2
"3";71;"F4 CHFU";6;3;3;1.95777777777778;0.957777777777778;1;0.0964007560119697;0.0799999999999999;0.177361819138583;0;0.080000652548031;0;4
"3";72;"F5 CHFU";10;5;5;2.3423754789272;1.3423754789272;1;0.161407511084887;0.173333333333333;0.188485496173803;0;0.173330940289403;0;6
"3";73;"F6 CHFU";12;6;6;3.32007662835249;2.32007662835249;1;0.136651654246108;0.12;0.354654759050854;0;0.120000093052503;0;6
"3";74;"F6 LEMA";0;0;0;0;0;0;0.0135651624117292;0;0;0;0;0;0
"3";75;"Andrena";18;9;9;4.88900543900544;3.88900543900544;1;0.325528616384771;0.386666666666666;0;0.0693179488642044;0.386659411422196;0;6
"3";76;"Andrena_2_10_3";2;1;1;1.125;0.125;1;0.0257622838443335;0.0133333333333333;1.42506272013353e-17;0.00653311530752044;0.0133332678101813;0;2
"3";77;"Bee.picture.26_2";6;3;3;3.5;2.5;1;0.118637401139235;0.0399999999999994;0;0.0172327568487604;0.0400112308737301;0;2
"3";78;"Bee_9_20_2";4;2;2;1.35384615384615;0.353846153846154;1;0.0469462890071826;0.04;0;0.0113055503013172;0.0399994037019203;0;4
"3";79;"black_Psilothrix";0;0;0;0;0;0;0.0135651624117292;0;0;0;0;0;0
"3";80;"Black_small_fly";2;1;1;1.5;0.5;1;0.0390464383190176;0.0133333333333333;1.42506272013353e-17;0.000221046809152759;0.0133346080558993;0;2
"3";81;"Bombylidae";0;0;0;0;0;0;0.0135651624117292;0;0;0;0;0;0
"3";82;"Brassicogethes";2;1;1;1.25;0.25;1;0.0303362308279136;0.0133333333333333;0;0.00402486753667428;0.0133336436425748;0;2
"3";83;"Cryptocephalus";0;0;0;0;0;0;0.0135651624117292;0;0;0;0;0;0
"3";84;"Diptera";0;0;0;0;0;0;0.0135651624117292;0;0;0;0;0;0
"3";85;"Eristalis";2;1;1;1.11111111111111;0.111111111111111;1;0.0264711519794172;0.0133333333333333;0;0.00235158348192035;0.0133332992280254;0;2
"3";86;"Eucera";2;1;1;1.16666666666667;0.166666666666667;1;0.0267338757341567;0.0133333333333333;1.42506272013353e-17;0.00830204590736574;0.0133333440001216;0;2
"3";87;"Euchloe_crameri";0;0;0;0;0;0;0.0135651624117292;0;0;0;0;0;0
"3";88;"Fly_with_red";0;0;0;0;0;0;0.0135651624117292;0;0;0;0;0;0
"3";89;"Lagorina_sericea";0;0;0;0;0;0;0.0135651624117292;0;0;0;0;0;0
"3";90;"Lasiocampa.trifolii";0;0;0;0;0;0;0.0135651624117292;0;0;0;0;0;0
"3";91;"Lasioglossum";0;0;0;0;0;0;0.0135651624117292;0;0;0;0;0;0
"3";92;"Mordellidae";2;1;1;1.11111111111111;0.111111111111111;1;0.0254525540830202;0.0133333333333333;0;0.00589823626432243;0.0133332440007893;0;2
"3";93;"Muscidae";10;5;5;2.68803418803419;1.68803418803419;1;0.139778558771003;0.12;2.28010035221365e-16;0.0145955042872584;0.120001072797548;0;6
"3";94;"Oedemeridae";0;0;0;0;0;0;0.0135651624117292;0;0;0;0;0;0
"3";95;"Psilothrix_viridicoerulea";54;27;27;20.3753108003108;19.3753108003108;1;1;1;0;1;1;0;6
"3";96;"Small.bee.1.16.6";0;0;0;0;0;0;0.0135651624117292;0;0;0;0;0;0
"3";97;"Small.bee.1.8.6";0;0;0;0;0;0;0.0135651624117292;0;0;0;0;0;0
"3";98;"Small.fly_green";0;0;0;0;0;0;0.0135651624117292;0;0;0;0;0;0
"3";99;"Sphaerophoria";0;0;0;0;0;0;0.0135651624117292;0;0;0;0;0;0
"3";100;"Sphaerophoria_scripta";0;0;0;0;0;0;0.0135651624117292;0;0;0;0;0;0
"3";101;"Syrphidae";4;2;2;1.41666666666667;0.416666666666667;1;0.043993004596276;0.0266666666666666;0;0.00578889768246671;0.026667085732935;0;4
"3";102;"Tachinidae";2;1;1;1.11111111111111;0.111111111111111;1;0.0264711519794172;0.0133333333333333;0;0.00235158348192035;0.0133332992280254;0;2
"3";103;"Ulidiidae";12;6;6;3.40213675213675;2.40213675213675;1;0.138841331129735;0.133333333333333;1.14005017610682e-16;0.0339582624781821;0.133332196899594;0;4
"4";1;"A1 CHFU";0;0;0;0;0;0;0.15;1.96261557335472e-17;0;0;0;0;0
"4";2;"A1 LEMA";0;0;0;0;0;0;0.15;1.96261557335472e-17;1.96261557335472e-17;0;0;0;0
"4";3;"A2 CHFU";0;0;0;0;0;0;0.15;1.96261557335472e-17;0;0;0;0;0
"4";4;"A2 LEMA";0;0;0;0;0;0;0.15;1.96261557335472e-17;1.96261557335472e-17;0;0;0;0
"4";5;"A3 LEMA";0;0;0;0;0;0;0.15;1.96261557335472e-17;0;0;0;0;0
"4";6;"A4 LEMA";0;0;0;0;0;0;0.15;1.96261557335472e-17;0;0;0;0;0
"4";7;"A5 CHFU";0;0;0;0;0;0;0.15;1.96261557335472e-17;0;0;0;0;0
"4";8;"A5 LEMA";0;0;0;0;0;0;0.15;1.96261557335472e-17;0;0;0;0;0
"4";9;"A6 CHFU";0;0;0;0;0;0;0.15;1.96261557335472e-17;1.96261557335472e-17;0;0;0;0
"4";10;"B1 CHFU";0;0;0;0;0;0;0.15;1.96261557335472e-17;0;0;0;0;0
"4";11;"B1 LEMA";0;0;0;0;0;0;0.15;1.96261557335472e-17;1.96261557335472e-17;0;0;0;0
"4";12;"B2 CHFU";0;0;0;0;0;0;0.15;1.96261557335472e-17;1.96261557335472e-17;0;0;0;0
"4";13;"B2 LEMA";0;0;0;0;0;0;0.15;1.96261557335472e-17;0;0;0;0;0
"4";14;"B3 CHFU";0;0;0;0;0;0;0.15;1.96261557335472e-17;0;0;0;0;0
"4";15;"B3 LEMA";0;0;0;0;0;0;0.15;1.96261557335472e-17;0;0;0;0;0
"4";16;"B4 CHFU";0;0;0;0;0;0;0.15;1.96261557335472e-17;0;0;0;0;0
"4";17;"B4 CHMI";2;1;1;2;1;1;1;1;1;1;1;0;2
"4";18;"B4 LEMA";0;0;0;0;0;0;0.15;1.96261557335472e-17;0;0;0;0;0
"4";19;"B5 LEMA";0;0;0;0;0;0;0.15;1.96261557335472e-17;0;0;0;0;0
"4";20;"B6 CHFU";0;0;0;0;0;0;0.15;1.96261557335472e-17;0;0;0;0;0
"4";21;"B6 PUPA";0;0;0;0;0;0;0.15;1.96261557335472e-17;0;0;0;0;0
"4";22;"C1 CHFU";0;0;0;0;0;0;0.15;1.96261557335472e-17;0;0;0;0;0
"4";23;"C1 LEMA";0;0;0;0;0;0;0.15;1.96261557335472e-17;0;0;0;0;0
"4";24;"C2 CHFU";0;0;0;0;0;0;0.15;1.96261557335472e-17;0;0;0;0;0
"4";25;"C2 LEMA";0;0;0;0;0;0;0.15;1.96261557335472e-17;0;0;0;0;0
"4";26;"C3 BEMA";0;0;0;0;0;0;0.15;1.96261557335472e-17;0;0;0;0;0
"4";27;"C3 CHFU";0;0;0;0;0;0;0.15;1.96261557335472e-17;0;0;0;0;0
"4";28;"C3 LEMA";0;0;0;0;0;0;0.15;1.96261557335472e-17;0;0;0;0;0
"4";29;"C3 SCLA";0;0;0;0;0;0;0.15;1.96261557335472e-17;0;0;0;0;0
"4";30;"C4 CHFU";0;0;0;0;0;0;0.15;1.96261557335472e-17;0;0;0;0;0
"4";31;"C4 LEMA";0;0;0;0;0;0;0.15;1.96261557335472e-17;0;0;0;0;0
"4";32;"C5 CHFU";0;0;0;0;0;0;0.15;1.96261557335472e-17;0;0;0;0;0
"4";33;"C5 LEMA";0;0;0;0;0;0;0.15;1.96261557335472e-17;0;0;0;0;0
"4";34;"C6 LEMA";0;0;0;0;0;0;0.15;1.96261557335472e-17;0;0;0;0;0
"4";35;"C6 SOAS";0;0;0;0;0;0;0.15;1.96261557335472e-17;0;0;0;0;0
"4";36;"D1 CHFU";0;0;0;0;0;0;0.15;1.96261557335472e-17;0;0;0;0;0
"4";37;"D1 LEMA";0;0;0;0;0;0;0.15;1.96261557335472e-17;0;0;0;0;0
"4";38;"D1 SOAS";0;0;0;0;0;0;0.15;1.96261557335472e-17;0;0;0;0;0
"4";39;"D2 CHFU";0;0;0;0;0;0;0.15;1.96261557335472e-17;0;0;0;0;0
"4";40;"D2 LEMA";0;0;0;0;0;0;0.15;1.96261557335472e-17;0;0;0;0;0
"4";41;"D3 CHFU";0;0;0;0;0;0;0.15;1.96261557335472e-17;0;1.96261557335472e-17;0;0;0
"4";42;"D3 LEMA";0;0;0;0;0;0;0.15;1.96261557335472e-17;0;0;0;0;0
"4";43;"D4 CHFU";0;0;0;0;0;0;0.15;1.96261557335472e-17;0;0;0;0;0
"4";44;"D4 LEMA";0;0;0;0;0;0;0.15;1.96261557335472e-17;0;0;0;0;0
"4";45;"D5 CHFU";0;0;0;0;0;0;0.15;1.96261557335472e-17;0;0;0;0;0
"4";46;"D5 LEMA";0;0;0;0;0;0;0.15;1.96261557335472e-17;0;0;0;0;0
"4";47;"D5 PUPA";0;0;0;0;0;0;0.15;1.96261557335472e-17;0;0;0;0;0
"4";48;"D6 CHFU";0;0;0;0;0;0;0.15;1.96261557335472e-17;0;0;0;0;0
"4";49;"D6 LEMA";0;0;0;0;0;0;0.15;1.96261557335472e-17;0;0;0;0;0
"4";50;"D6 PUPA";0;0;0;0;0;0;0.15;1.96261557335472e-17;0;0;0;0;0
"4";51;"E1 CHFU";0;0;0;0;0;0;0.15;1.96261557335472e-17;0;0;0;0;0
"4";52;"E1 LEMA";0;0;0;0;0;0;0.15;1.96261557335472e-17;0;0;0;0;0
"4";53;"E1 PUPA";0;0;0;0;0;0;0.15;1.96261557335472e-17;0;0;0;0;0
"4";54;"E2 CHFU";0;0;0;0;0;0;0.15;1.96261557335472e-17;0;0;0;0;0
"4";55;"E2 LEMA";0;0;0;0;0;0;0.15;1.96261557335472e-17;0;0;0;0;0
"4";56;"E2 SCLA";0;0;0;0;0;0;0.15;1.96261557335472e-17;0;0;0;0;0
"4";57;"E3 CHFU";0;0;0;0;0;0;0.15;1.96261557335472e-17;0;0;0;0;0
"4";58;"E3 LEMA";0;0;0;0;0;0;0.15;1.96261557335472e-17;0;0;0;0;0
"4";59;"E4 CHFU";0;0;0;0;0;0;0.15;1.96261557335472e-17;0;0;0;0;0
"4";60;"E4 LEMA";0;0;0;0;0;0;0.15;1.96261557335472e-17;0;0;0;0;0
"4";61;"E4 PUPA";0;0;0;0;0;0;0.15;1.96261557335472e-17;0;0;0;0;0
"4";62;"E5 CHFU";0;0;0;0;0;0;0.15;1.96261557335472e-17;0;0;0;0;0
"4";63;"E5 LEMA";0;0;0;0;0;0;0.15;1.96261557335472e-17;1.96261557335472e-17;0;0;0;0
"4";64;"E6 CETE";0;0;0;0;0;0;0.15;1.96261557335472e-17;0;0;0;0;0
"4";65;"E6 CHFU";0;0;0;0;0;0;0.15;1.96261557335472e-17;0;0;0;0;0
"4";66;"E6 LEMA";0;0;0;0;0;0;0.15;1.96261557335472e-17;0;0;0;0;0
"4";67;"F1 CHFU";0;0;0;0;0;0;0.15;1.96261557335472e-17;0;0;0;0;0
"4";68;"F1 LEMA";0;0;0;0;0;0;0.15;1.96261557335472e-17;0;0;0;0;0
"4";69;"F2 CHFU";0;0;0;0;0;0;0.15;1.96261557335472e-17;0;0;0;0;0
"4";70;"F3 CHFU";0;0;0;0;0;0;0.15;1.96261557335472e-17;0;0;0;0;0
"4";71;"F4 CHFU";0;0;0;0;0;0;0.15;1.96261557335472e-17;0;0;0;0;0
"4";72;"F5 CHFU";0;0;0;0;0;0;0.15;1.96261557335472e-17;0;0;0;0;0
"4";73;"F6 CHFU";0;0;0;0;0;0;0.15;1.96261557335472e-17;0;0;0;0;0
"4";74;"F6 LEMA";0;0;0;0;0;0;0.15;1.96261557335472e-17;0;0;0;0;0
"4";75;"Andrena";0;0;0;0;0;0;0.15;1.96261557335472e-17;1.96261557335472e-17;0;0;0;0
"4";76;"Andrena_2_10_3";0;0;0;0;0;0;0.15;1.96261557335472e-17;0;0;0;0;0
"4";77;"Bee.picture.26_2";0;0;0;0;0;0;0.15;1.96261557335472e-17;0;0;0;0;0
"4";78;"Bee_9_20_2";0;0;0;0;0;0;0.15;1.96261557335472e-17;0;0;0;0;0
"4";79;"black_Psilothrix";2;1;1;2;1;1;1;1;0;0;1;0;2
"4";80;"Black_small_fly";0;0;0;0;0;0;0.15;1.96261557335472e-17;0;0;0;0;0
"4";81;"Bombylidae";0;0;0;0;0;0;0.15;1.96261557335472e-17;0;0;0;0;0
"4";82;"Brassicogethes";0;0;0;0;0;0;0.15;1.96261557335472e-17;0;0;0;0;0
"4";83;"Cryptocephalus";0;0;0;0;0;0;0.15;1.96261557335472e-17;0;0;0;0;0
"4";84;"Diptera";0;0;0;0;0;0;0.15;1.96261557335472e-17;1.96261557335472e-17;0;0;0;0
"4";85;"Eristalis";0;0;0;0;0;0;0.15;1.96261557335472e-17;1.96261557335472e-17;0;0;0;0
"4";86;"Eucera";0;0;0;0;0;0;0.15;1.96261557335472e-17;0;0;0;0;0
"4";87;"Euchloe_crameri";0;0;0;0;0;0;0.15;1.96261557335472e-17;1.96261557335472e-17;0;0;0;0
"4";88;"Fly_with_red";0;0;0;0;0;0;0.15;1.96261557335472e-17;0;0;0;0;0
"4";89;"Lagorina_sericea";0;0;0;0;0;0;0.15;1.96261557335472e-17;0;0;0;0;0
"4";90;"Lasiocampa.trifolii";0;0;0;0;0;0;0.15;1.96261557335472e-17;0;0;0;0;0
"4";91;"Lasioglossum";0;0;0;0;0;0;0.15;1.96261557335472e-17;0;0;0;0;0
"4";92;"Mordellidae";0;0;0;0;0;0;0.15;1.96261557335472e-17;0;0;0;0;0
"4";93;"Muscidae";0;0;0;0;0;0;0.15;1.96261557335472e-17;0;0;0;0;0
"4";94;"Oedemeridae";0;0;0;0;0;0;0.15;1.96261557335472e-17;0;0;0;0;0
"4";95;"Psilothrix_viridicoerulea";0;0;0;0;0;0;0.15;1.96261557335472e-17;0;0;0;0;0
"4";96;"Small.bee.1.16.6";0;0;0;0;0;0;0.15;1.96261557335472e-17;0;0;0;0;0
"4";97;"Small.bee.1.8.6";0;0;0;0;0;0;0.15;1.96261557335472e-17;0;0;0;0;0
"4";98;"Small.fly_green";0;0;0;0;0;0;0.15;1.96261557335472e-17;0;0;0;0;0
"4";99;"Sphaerophoria";0;0;0;0;0;0;0.15;1.96261557335472e-17;0;0;0;0;0
"4";100;"Sphaerophoria_scripta";0;0;0;0;0;0;0.15;1.96261557335472e-17;1.96261557335472e-17;0;0;0;0
"4";101;"Syrphidae";0;0;0;0;0;0;0.15;1.96261557335472e-17;0;0;0;0;0
"4";102;"Tachinidae";0;0;0;0;0;0;0.15;1.96261557335472e-17;0;0;0;0;0
"4";103;"Ulidiidae";0;0;0;0;0;0;0.15;1.96261557335472e-17;1.96261557335472e-17;0;0;0;0
"5";1;"A1 CHFU";0;0;0;0;0;0;0.0124747326149321;1.27302932097501e-17;1.41467320442445e-17;0;0;0;0
"5";2;"A1 LEMA";2;1;1;1.02380952380952;0.0238095238095238;1;0.0327128278530274;0.0238095238095238;1;0;0.0238093028560834;0;2
"5";3;"A2 CHFU";0;0;0;0;0;0;0.0124747326149321;1.27302932097501e-17;1.41467320442445e-17;0;0;0;0
"5";4;"A2 LEMA";2;1;1;1.1;0.1;1;0.0246072774640397;0.0119047619047625;0.033316861986373;0;0.0119048747484269;0;2
"5";5;"A3 LEMA";4;2;2;1.0952380952381;0.0952380952380952;1;0.0432976990752933;0.0357142857142857;0.705387318218469;1.39872648296933e-17;0.0357139876930576;0;4
"5";6;"A4 LEMA";2;1;1;1.02380952380952;0.0238095238095238;1;0.0327128278530274;0.0238095238095238;1;0;0.0238093028560834;0;2
"5";7;"A5 CHFU";0;0;0;0;0;0;0.0124747326149321;1.27302932097501e-17;1.41467320442445e-17;0;0;0;0
"5";8;"A5 LEMA";2;1;1;1.01190476190476;0.0119047619047619;1;0.0225937802339798;0.0119047619047619;1;0;0.0119046514280417;0;2
"5";9;"A6 CHFU";0;0;0;0;0;0;0.0124747326149321;1.27302932097501e-17;1.41467320442445e-17;0;0;0;0
"5";10;"B1 CHFU";0;0;0;0;0;0;0.0124747326149321;1.27302932097501e-17;1.41467320442445e-17;0;0;0;0
"5";11;"B1 LEMA";10;5;5;4.01190476190476;3.01190476190476;1;0.162898809129076;0.130952380952387;0.111644783353437;0;0.130954729120453;0;4
"5";12;"B2 CHFU";0;0;0;0;0;0;0.0124747326149321;1.27302932097501e-17;1.41467320442445e-17;0;0;0;0
"5";13;"B2 LEMA";6;3;3;1.20714285714286;0.207142857142857;1;0.0655492915434485;0.0595238095238101;0.629895763328356;1.39872648296933e-17;0.0595235138695262;0;4
"5";14;"B3 CHFU";0;0;0;0;0;0;0.0124747326149321;1.27302932097501e-17;1.41467320442445e-17;0;0;0;0
"5";15;"B3 LEMA";8;4;4;2.3047619047619;1.3047619047619;1;0.115189648293905;0.0952380952380978;0.158863170015664;0;0.0952392998907785;0;4
"5";16;"B4 CHFU";0;0;0;0;0;0;0.0124747326149321;1.27302932097501e-17;1.41467320442445e-17;0;0;0;0
"5";17;"B4 CHMI";0;0;0;0;0;0;0.0124747326149321;1.27302932097501e-17;1.41467320442445e-17;0;0;0;0
"5";18;"B4 LEMA";4;2;2;1.1952380952381;0.195238095238095;1;0.105559658416421;0.107142857142858;0.892590762442931;0;0.10714208617276;0;4
"5";19;"B5 LEMA";4;2;2;2.02380952380952;1.02380952380952;1;0.0570577614608822;0.0357142857142856;0.67122344566622;0;0.0357150370429443;0;2
"5";20;"B6 CHFU";0;0;0;0;0;0;0.0124747326149321;1.27302932097501e-17;1.41467320442445e-17;0;0;0;0
"5";21;"B6 PUPA";0;0;0;0;0;0;0.0124747326149321;1.27302932097501e-17;1.41467320442445e-17;0;0;0;0
"5";22;"C1 CHFU";0;0;0;0;0;0;0.0124747326149321;1.27302932097501e-17;1.41467320442445e-17;0;0;0;0
"5";23;"C1 LEMA";6;3;3;2.1547619047619;1.1547619047619;1;0.113617413354155;0.107142857142857;0.79128153110223;1.39872648296933e-17;0.10714253252591;0;4
"5";24;"C2 CHFU";0;0;0;0;0;0;0.0124747326149321;1.27302932097501e-17;1.41467320442445e-17;0;0;0;0
"5";25;"C2 LEMA";2;1;1;1.04761904761905;0.0476190476190476;1;0.0529509230911226;0.0476190476190476;1;0;0.0476186057121668;0;2
"5";26;"C3 BEMA";0;0;0;0;0;0;0.0124747326149321;1.27302932097501e-17;1.41467320442445e-17;0;0;0;0
"5";27;"C3 CHFU";0;0;0;0;0;0;0.0124747326149321;1.27302932097501e-17;1.41467320442445e-17;0;0;0;0
"5";28;"C3 LEMA";2;1;1;1.04761904761905;0.0476190476190476;1;0.0529509230911226;0.0476190476190476;1;0;0.0476186057121668;0;2
"5";29;"C3 SCLA";0;0;0;0;0;0;0.0124747326149321;1.27302932097501e-17;1.41467320442445e-17;0;0;0;0
"5";30;"C4 CHFU";0;0;0;0;0;0;0.0124747326149321;1.27302932097501e-17;1.41467320442445e-17;0;0;0;0
"5";31;"C4 LEMA";4;2;2;1.19047619047619;0.19047619047619;1;0.0741206655356546;0.0714285714285714;0.705387318218469;0;0.0714279753861152;0;4
"5";32;"C5 CHFU";0;0;0;0;0;0;0.0124747326149321;1.27302932097501e-17;1.41467320442445e-17;0;0;0;0
"5";33;"C5 LEMA";4;2;2;1.19047619047619;0.19047619047619;1;0.0741206655356546;0.0714285714285714;0.705387318218469;0;0.0714279753861152;0;4
"5";34;"C6 LEMA";4;2;2;1.17857142857143;0.178571428571429;1;0.0640016179166069;0.0595238095238096;0.646464781862162;1.39872648296933e-17;0.0595233239580735;0;4
"5";35;"C6 SOAS";0;0;0;0;0;0;0.0124747326149321;1.27302932097501e-17;1.41467320442445e-17;0;0;0;0
"5";36;"D1 CHFU";0;0;0;0;0;0;0.0124747326149321;1.27302932097501e-17;1.41467320442445e-17;0;0;0;0
"5";37;"D1 LEMA";6;3;3;1.44047619047619;0.44047619047619;1;0.0663577282235875;0.0595238095238094;0.627713531000585;2.79745296593865e-17;0.0595234648728859;0;4
"5";38;"D1 SOAS";0;0;0;0;0;0;0.0124747326149321;1.27302932097501e-17;1.41467320442445e-17;0;0;0;0
"5";39;"D2 CHFU";0;0;0;0;0;0;0.0124747326149321;1.27302932097501e-17;1.41467320442445e-17;0;0;0;0
"5";40;"D2 LEMA";4;2;2;1.24761904761905;0.247619047619048;1;0.0654027903054049;0.0595238095238099;0.802695119534716;1.39872648296933e-17;0.0595234976314747;0;4
"5";41;"D3 CHFU";0;0;0;0;0;0;0.0124747326149321;1.27302932097501e-17;1.41467320442445e-17;0;0;0;0
"5";42;"D3 LEMA";4;2;2;2.07142857142857;1.07142857142857;1;0.0934365252669647;0.0833333333333331;0.858212976832113;0;0.083333242159676;0;2
"5";43;"D4 CHFU";0;0;0;0;0;0;0.0124747326149321;1.27302932097501e-17;1.41467320442445e-17;0;0;0;0
"5";44;"D4 LEMA";2;1;1;1.01190476190476;0.0119047619047619;1;0.0225937802339798;0.0119047619047619;1;0;0.0119046514280417;0;2
"5";45;"D5 CHFU";0;0;0;0;0;0;0.0124747326149321;1.27302932097501e-17;1.41467320442445e-17;0;0;0;0
"5";46;"D5 LEMA";4;2;2;2.01190476190476;1.01190476190476;1;0.0519722942570209;0.0238095238095235;0.507755830068459;0;0.0238109864980404;0;2
"5";47;"D5 PUPA";0;0;0;0;0;0;0.0124747326149321;1.27302932097501e-17;1.41467320442445e-17;0;0;0;0
"5";48;"D6 CHFU";0;0;0;0;0;0;0.0124747326149321;1.27302932097501e-17;1.41467320442445e-17;0;0;0;0
"5";49;"D6 LEMA";2;1;1;1.02380952380952;0.0238095238095238;1;0.0327128278530274;0.0238095238095238;1;0;0.0238093028560834;0;2
"5";50;"D6 PUPA";0;0;0;0;0;0;0.0124747326149321;1.27302932097501e-17;1.41467320442445e-17;0;0;0;0
"5";51;"E1 CHFU";0;0;0;0;0;0;0.0124747326149321;1.27302932097501e-17;1.41467320442445e-17;0;0;0;0
"5";52;"E1 LEMA";4;2;2;1.08333333333333;0.0833333333333333;1;0.0331786514562457;0.0238095238095239;0.558080977327703;0;0.0238093362650159;0;4
"5";53;"E1 PUPA";0;0;0;0;0;0;0.0124747326149321;1.27302932097501e-17;1.41467320442445e-17;0;0;0;0
"5";54;"E2 CHFU";0;0;0;0;0;0;0.0124747326149321;1.27302932097501e-17;1.41467320442445e-17;0;0;0;0
"5";55;"E2 LEMA";2;1;1;2;1;1;0.0831648840995476;0.0719887705683507;0;6.99363241484663e-18;0.0719955501853686;0;2
"5";56;"E2 SCLA";0;0;0;0;0;0;0.0124747326149321;1.27302932097501e-17;1.41467320442445e-17;0;0;0;0
"5";57;"E3 CHFU";0;0;0;0;0;0;0.0124747326149321;1.27302932097501e-17;1.41467320442445e-17;0;0;0;0
"5";58;"E3 LEMA";4;2;2;1.12380952380952;0.123809523809524;1;0.0448453727021349;0.0357142857142862;0.677772287328791;0;0.0357141776045103;0;4
"5";59;"E4 CHFU";0;0;0;0;0;0;0.0124747326149321;1.27302932097501e-17;1.41467320442445e-17;0;0;0;0
"5";60;"E4 LEMA";4;2;2;1.08333333333333;0.0833333333333333;1;0.0331786514562457;0.0238095238095238;0.558080977327703;0;0.0238093362650159;0;4
"5";61;"E4 PUPA";0;0;0;0;0;0;0.0124747326149321;1.27302932097501e-17;1.41467320442445e-17;0;0;0;0
"5";62;"E5 CHFU";0;0;0;0;0;0;0.0124747326149321;1.27302932097501e-17;1.41467320442445e-17;0;0;0;0
"5";63;"E5 LEMA";2;1;1;1.03571428571429;0.0357142857142857;1;0.042831875472075;0.0357142857142856;1;0;0.0357139542841251;0;2
"5";64;"E6 CETE";0;0;0;0;0;0;0.0124747326149321;1.27302932097501e-17;1.41467320442445e-17;0;0;0;0
"5";65;"E6 CHFU";0;0;0;0;0;0;0.0124747326149321;1.27302932097501e-17;1.41467320442445e-17;0;0;0;0
"5";66;"E6 LEMA";6;3;3;2.42857142857143;1.42857142857143;1;0.126080967738348;0.119047619047619;0.802731029825804;0;0.119047323369995;0;4
"5";67;"F1 CHFU";0;0;0;0;0;0;0.0124747326149321;1.27302932097501e-17;1.41467320442445e-17;0;0;0;0
"5";68;"F1 LEMA";2;1;1;1.25;0.25;1;0.0279821963438752;0.0119047619047624;0.00387675182244935;0;0.0119051649833909;0;2
"5";69;"F2 CHFU";0;0;0;0;0;0;0.0124747326149321;1.27302932097501e-17;1.41467320442445e-17;0;0;0;0
"5";70;"F3 CHFU";0;0;0;0;0;0;0.0124747326149321;1.27302932097501e-17;1.41467320442445e-17;0;0;0;0
"5";71;"F4 CHFU";0;0;0;0;0;0;0.0124747326149321;1.27302932097501e-17;1.41467320442445e-17;0;0;0;0
"5";72;"F5 CHFU";0;0;0;0;0;0;0.0124747326149321;1.27302932097501e-17;1.41467320442445e-17;0;0;0;0
"5";73;"F6 CHFU";0;0;0;0;0;0;0.0124747326149321;1.27302932097501e-17;1.41467320442445e-17;0;0;0;0
"5";74;"F6 LEMA";4;2;2;1.38095238095238;0.380952380952381;1;0.0658919046203692;0.0595238095238094;0.804481140069504;0;0.0595234314639533;0;4
"5";75;"Andrena";2;1;1;1.33333333333333;0.333333333333333;1;0.0286410983621821;0.0119047619047618;0;0.0136703369986593;0.0119051332826919;0;2
"5";76;"Andrena_2_10_3";0;0;0;0;0;0;0.0124747326149321;1.27302932097501e-17;1.41467320442445e-17;0;0;0;0
"5";77;"Bee.picture.26_2";0;0;0;0;0;0;0.0124747326149321;1.27302932097501e-17;1.41467320442445e-17;0;0;0;0
"5";78;"Bee_9_20_2";0;0;0;0;0;0;0.0124747326149321;1.27302932097501e-17;1.41467320442445e-17;0;0;0;0
"5";79;"black_Psilothrix";0;0;0;0;0;0;0.0124747326149321;1.27302932097501e-17;1.41467320442445e-17;0;0;0;0
"5";80;"Black_small_fly";0;0;0;0;0;0;0.0124747326149321;1.27302932097501e-17;1.41467320442445e-17;0;0;0;0
"5";81;"Bombylidae";2;1;1;1.09090909090909;0.0909090909090909;1;0.0250623678658153;0.0119047619047625;0;0.000620124811209046;0.0119049217753331;0;2
"5";82;"Brassicogethes";54;27;27;20.7730519480519;19.773051948052;1;1;1;4.52695425415824e-16;1;1;0;4
"5";83;"Cryptocephalus";2;1;1;1.09090909090909;0.0909090909090909;1;0.0250623678658152;0.0119047619047625;0;0.000620124811209046;0.0119049217753331;0;2
"5";84;"Diptera";0;0;0;0;0;0;0.0124747326149321;1.27302932097501e-17;1.41467320442445e-17;0;0;0;0
"5";85;"Eristalis";0;0;0;0;0;0;0.0124747326149321;1.27302932097501e-17;1.41467320442445e-17;0;0;0;0
"5";86;"Eucera";0;0;0;0;0;0;0.0124747326149321;1.27302932097501e-17;1.41467320442445e-17;0;0;0;0
"5";87;"Euchloe_crameri";2;1;1;1.14285714285714;0.142857142857143;1;0.0238205963973493;0.0119047619047619;0;0.00749083782478485;0.0119047326832509;0;2
"5";88;"Fly_with_red";2;1;1;2;1;1;0.0831648840995476;0.0719887705683507;0;6.99363241484663e-18;0.0719955501853686;0;2
"5";89;"Lagorina_sericea";2;1;1;1.11111111111111;0.111111111111111;1;0.0232052660983801;0.0119047619047619;0;0.00537182526465838;0.0119046867840096;0;2
"5";90;"Lasiocampa.trifolii";0;0;0;0;0;0;0.0124747326149321;1.27302932097501e-17;1.41467320442445e-17;0;0;0;0
"5";91;"Lasioglossum";2;1;1;1.1;0.1;1;0.0231916148726917;0.0119047619047619;0;0.00490459791051;0.0119046852852264;0;2
"5";92;"Mordellidae";10;5;5;3.18989898989899;2.18989898989899;1;0.142735821754207;0.119047619047624;0;0.0333168619863731;0.119049218020948;0;4
"5";93;"Muscidae";0;0;0;0;0;0;0.0124747326149321;1.27302932097501e-17;1.41467320442445e-17;0;0;0;0
"5";94;"Oedemeridae";4;2;2;2.375;1.375;1;0.0729762999009083;0.0476190476190493;0;0.00387675182244935;0.0476204161822234;0;2
"5";95;"Psilothrix_viridicoerulea";20;10;10;4.16111111111111;3.16111111111111;1;0.174339055425557;0.166666666666668;2.26347712707912e-16;0.116161954655406;0.166666534427481;0;4
"5";96;"Small.bee.1.16.6";0;0;0;0;0;0;0.0124747326149321;1.27302932097501e-17;1.41467320442445e-17;0;0;0;0
"5";97;"Small.bee.1.8.6";2;1;1;1.5;0.5;1;0.034562957674166;0.0119047619047617;0;0.0155116601369169;0.0119057341718386;0;2
"5";98;"Small.fly_green";0;0;0;0;0;0;0.0124747326149321;1.27302932097501e-17;1.41467320442445e-17;0;0;0;0
"5";99;"Sphaerophoria";6;3;3;1.63181818181818;0.631818181818182;1;0.0732462777310721;0.0595238095238116;0;0.0134755976735754;0.0595243348843866;0;4
"5";100;"Sphaerophoria_scripta";6;3;3;1.5;0.5;1;0.0456740524561643;0.0357142857142856;0;0.0224057003475199;0.0357141144410023;0;4
"5";101;"Syrphidae";0;0;0;0;0;0;0.0124747326149321;1.27302932097501e-17;1.41467320442445e-17;0;0;0;0
"5";102;"Tachinidae";0;0;0;0;0;0;0.0124747326149321;1.27302932097501e-17;1.41467320442445e-17;0;0;0;0
"5";103;"Ulidiidae";0;0;0;0;0;0;0.0124747326149321;1.27302932097501e-17;1.41467320442445e-17;0;0;0;0
"6";1;"A1 CHFU";0;0;0;0;0;0;0.0963588243824624;0;7.97465867586493e-17;0;0;0;0
"6";2;"A1 LEMA";0;0;0;0;0;0;0.0963588243824624;0;7.97465867586493e-17;0;0;0;0
"6";3;"A2 CHFU";0;0;0;0;0;0;0.0963588243824624;0;7.97465867586493e-17;0;0;0;0
"6";4;"A2 LEMA";0;0;0;0;0;0;0.0963588243824624;0;7.97465867586493e-17;0;0;0;0
"6";5;"A3 LEMA";0;0;0;0;0;0;0.0963588243824624;0;7.97465867586493e-17;0;0;0;0
"6";6;"A4 LEMA";0;0;0;0;0;0;0.0963588243824624;0;7.97465867586493e-17;0;0;0;0
"6";7;"A5 CHFU";0;0;0;0;0;0;0.0963588243824624;0;7.97465867586493e-17;0;0;0;0
"6";8;"A5 LEMA";0;0;0;0;0;0;0.0963588243824624;0;7.97465867586493e-17;0;0;0;0
"6";9;"A6 CHFU";0;0;0;0;0;0;0.0963588243824624;0;7.97465867586493e-17;0;0;0;0
"6";10;"B1 CHFU";0;0;0;0;0;0;0.0963588243824624;0;7.97465867586493e-17;0;0;0;0
"6";11;"B1 LEMA";0;0;0;0;0;0;0.0963588243824624;0;7.97465867586493e-17;0;0;0;0
"6";12;"B2 CHFU";0;0;0;0;0;0;0.0963588243824624;0;7.97465867586493e-17;0;0;0;0
"6";13;"B2 LEMA";0;0;0;0;0;0;0.0963588243824624;0;7.97465867586493e-17;0;0;0;0
"6";14;"B3 CHFU";0;0;0;0;0;0;0.0963588243824624;0;7.97465867586493e-17;0;0;0;0
"6";15;"B3 LEMA";0;0;0;0;0;0;0.0963588243824624;0;7.97465867586493e-17;0;0;0;0
"6";16;"B4 CHFU";0;0;0;0;0;0;0.0963588243824624;0;7.97465867586493e-17;0;0;0;0
"6";17;"B4 CHMI";0;0;0;0;0;0;0.0963588243824624;0;7.97465867586493e-17;0;0;0;0
"6";18;"B4 LEMA";0;0;0;0;0;0;0.0963588243824624;0;7.97465867586493e-17;0;0;0;0
"6";19;"B5 LEMA";0;0;0;0;0;0;0.0963588243824624;0;7.97465867586493e-17;0;0;0;0
"6";20;"B6 CHFU";0;0;0;0;0;0;0.0963588243824624;0;7.97465867586493e-17;0;0;0;0
"6";21;"B6 PUPA";2;1;1;2;1;1;0.642392162549749;0;7.97465867586493e-17;1.67415528454907e-16;-1.3334155588633e-05;0;2
"6";22;"C1 CHFU";0;0;0;0;0;0;0.0963588243824624;0;7.97465867586493e-17;0;0;0;0
"6";23;"C1 LEMA";0;0;0;0;0;0;0.0963588243824624;0;7.97465867586493e-17;0;0;0;0
"6";24;"C2 CHFU";0;0;0;0;0;0;0.0963588243824624;0;7.97465867586493e-17;0;0;0;0
"6";25;"C2 LEMA";0;0;0;0;0;0;0.0963588243824624;0;7.97465867586493e-17;0;0;0;0
"6";26;"C3 BEMA";0;0;0;0;0;0;0.0963588243824624;0;7.97465867586493e-17;0;0;0;0
"6";27;"C3 CHFU";0;0;0;0;0;0;0.0963588243824624;0;7.97465867586493e-17;0;0;0;0
"6";28;"C3 LEMA";0;0;0;0;0;0;0.0963588243824624;0;7.97465867586493e-17;0;0;0;0
"6";29;"C3 SCLA";0;0;0;0;0;0;0.0963588243824624;0;7.97465867586493e-17;0;0;0;0
"6";30;"C4 CHFU";0;0;0;0;0;0;0.0963588243824624;0;7.97465867586493e-17;0;0;0;0
"6";31;"C4 LEMA";0;0;0;0;0;0;0.0963588243824624;0;7.97465867586493e-17;0;0;0;0
"6";32;"C5 CHFU";0;0;0;0;0;0;0.0963588243824624;0;7.97465867586493e-17;0;0;0;0
"6";33;"C5 LEMA";0;0;0;0;0;0;0.0963588243824624;0;7.97465867586493e-17;0;0;0;0
"6";34;"C6 LEMA";0;0;0;0;0;0;0.0963588243824624;0;7.97465867586493e-17;0;0;0;0
"6";35;"C6 SOAS";0;0;0;0;0;0;0.0963588243824624;0;7.97465867586493e-17;0;0;0;0
"6";36;"D1 CHFU";0;0;0;0;0;0;0.0963588243824624;0;7.97465867586493e-17;0;0;0;0
"6";37;"D1 LEMA";0;0;0;0;0;0;0.0963588243824624;0;7.97465867586493e-17;0;0;0;0
"6";38;"D1 SOAS";0;0;0;0;0;0;0.0963588243824624;0;7.97465867586493e-17;0;0;0;0
"6";39;"D2 CHFU";0;0;0;0;0;0;0.0963588243824624;0;7.97465867586493e-17;0;0;0;0
"6";40;"D2 LEMA";0;0;0;0;0;0;0.0963588243824624;0;7.97465867586493e-17;0;0;0;0
"6";41;"D3 CHFU";0;0;0;0;0;0;0.0963588243824624;0;7.97465867586493e-17;0;0;0;0
"6";42;"D3 LEMA";0;0;0;0;0;0;0.0963588243824624;0;7.97465867586493e-17;0;0;0;0
"6";43;"D4 CHFU";0;0;0;0;0;0;0.0963588243824624;0;7.97465867586493e-17;0;0;0;0
"6";44;"D4 LEMA";0;0;0;0;0;0;0.0963588243824624;0;7.97465867586493e-17;0;0;0;0
"6";45;"D5 CHFU";0;0;0;0;0;0;0.0963588243824624;0;7.97465867586493e-17;0;0;0;0
"6";46;"D5 LEMA";0;0;0;0;0;0;0.0963588243824624;0;7.97465867586493e-17;0;0;0;0
"6";47;"D5 PUPA";2;1;1;1.33333333333333;0.333333333333333;1;0.316011665941574;0.447213595499958;1;2.79025880758179e-17;0.166687778168541;0;2
"6";48;"D6 CHFU";0;0;0;0;0;0;0.0963588243824624;0;7.97465867586493e-17;0;0;0;0
"6";49;"D6 LEMA";0;0;0;0;0;0;0.0963588243824624;0;7.97465867586493e-17;0;0;0;0
"6";50;"D6 PUPA";4;2;2;2.33333333333333;1.33333333333333;1;1;0;0.252550224043754;5.02246585364722e-16;1;0;2
"6";51;"E1 CHFU";0;0;0;0;0;0;0.0963588243824624;0;7.97465867586493e-17;0;0;0;0
"6";52;"E1 LEMA";0;0;0;0;0;0;0.0963588243824624;0;7.97465867586493e-17;0;0;0;0
"6";53;"E1 PUPA";2;1;1;1.33333333333333;0.333333333333333;1;0.316011665941574;0.447213595499958;1;2.79025880758179e-17;0.166687778168541;0;2
"6";54;"E2 CHFU";0;0;0;0;0;0;0.0963588243824624;0;7.97465867586493e-17;0;0;0;0
"6";55;"E2 LEMA";0;0;0;0;0;0;0.0963588243824624;0;7.97465867586493e-17;0;0;0;0
"6";56;"E2 SCLA";0;0;0;0;0;0;0.0963588243824624;0;7.97465867586493e-17;0;0;0;0
"6";57;"E3 CHFU";0;0;0;0;0;0;0.0963588243824624;0;7.97465867586493e-17;0;0;0;0
"6";58;"E3 LEMA";0;0;0;0;0;0;0.0963588243824624;0;7.97465867586493e-17;0;0;0;0
"6";59;"E4 CHFU";0;0;0;0;0;0;0.0963588243824624;0;7.97465867586493e-17;0;0;0;0
"6";60;"E4 LEMA";0;0;0;0;0;0;0.0963588243824624;0;7.97465867586493e-17;0;0;0;0
"6";61;"E4 PUPA";2;1;1;2;1;1;0.642392162549749;6.45458879844291e-16;7.97465867586493e-17;1.67415528454907e-16;-1.3334155588633e-05;0;2
"6";62;"E5 CHFU";0;0;0;0;0;0;0.0963588243824624;0;7.97465867586493e-17;0;0;0;0
"6";63;"E5 LEMA";0;0;0;0;0;0;0.0963588243824624;0;7.97465867586493e-17;0;0;0;0
"6";64;"E6 CETE";0;0;0;0;0;0;0.0963588243824624;0;7.97465867586493e-17;0;0;0;0
"6";65;"E6 CHFU";0;0;0;0;0;0;0.0963588243824624;0;7.97465867586493e-17;0;0;0;0
"6";66;"E6 LEMA";0;0;0;0;0;0;0.0963588243824624;0;7.97465867586493e-17;0;0;0;0
"6";67;"F1 CHFU";0;0;0;0;0;0;0.0963588243824624;0;7.97465867586493e-17;0;0;0;0
"6";68;"F1 LEMA";0;0;0;0;0;0;0.0963588243824624;0;7.97465867586493e-17;0;0;0;0
"6";69;"F2 CHFU";0;0;0;0;0;0;0.0963588243824624;0;7.97465867586493e-17;0;0;0;0
"6";70;"F3 CHFU";0;0;0;0;0;0;0.0963588243824624;0;7.97465867586493e-17;0;0;0;0
"6";71;"F4 CHFU";0;0;0;0;0;0;0.0963588243824624;0;7.97465867586493e-17;0;0;0;0
"6";72;"F5 CHFU";0;0;0;0;0;0;0.0963588243824624;0;7.97465867586493e-17;0;0;0;0
"6";73;"F6 CHFU";0;0;0;0;0;0;0.0963588243824624;0;7.97465867586493e-17;0;0;0;0
"6";74;"F6 LEMA";0;0;0;0;0;0;0.0963588243824624;0;7.97465867586493e-17;0;0;0;0
"6";75;"Andrena";0;0;0;0;0;0;0.0963588243824624;0;7.97465867586493e-17;0;0;0;0
"6";76;"Andrena_2_10_3";0;0;0;0;0;0;0.0963588243824624;0;7.97465867586493e-17;0;0;0;0
"6";77;"Bee.picture.26_2";0;0;0;0;0;0;0.0963588243824624;0;7.97465867586493e-17;0;0;0;0
"6";78;"Bee_9_20_2";0;0;0;0;0;0;0.0963588243824624;0;7.97465867586493e-17;0;0;0;0
"6";79;"black_Psilothrix";0;0;0;0;0;0;0.0963588243824624;0;7.97465867586493e-17;0;0;0;0
"6";80;"Black_small_fly";0;0;0;0;0;0;0.0963588243824624;0;7.97465867586493e-17;0;0;0;0
"6";81;"Bombylidae";0;0;0;0;0;0;0.0963588243824624;0;7.97465867586493e-17;0;0;0;0
"6";82;"Brassicogethes";0;0;0;0;0;0;0.0963588243824624;0;7.97465867586493e-17;0;0;0;0
"6";83;"Cryptocephalus";0;0;0;0;0;0;0.0963588243824624;0;7.97465867586493e-17;0;0;0;0
"6";84;"Diptera";0;0;0;0;0;0;0.0963588243824624;0;7.97465867586493e-17;0;0;0;0
"6";85;"Eristalis";0;0;0;0;0;0;0.0963588243824624;0;7.97465867586493e-17;0;0;0;0
"6";86;"Eucera";0;0;0;0;0;0;0.0963588243824624;0;7.97465867586493e-17;0;0;0;0
"6";87;"Euchloe_crameri";0;0;0;0;0;0;0.0963588243824624;0;7.97465867586493e-17;0;0;0;0
"6";88;"Fly_with_red";0;0;0;0;0;0;0.0963588243824624;0;7.97465867586493e-17;0;0;0;0
"6";89;"Lagorina_sericea";0;0;0;0;0;0;0.0963588243824624;0;7.97465867586493e-17;0;0;0;0
"6";90;"Lasiocampa.trifolii";2;1;1;2;1;1;0.642392162549749;6.95109562909236e-16;7.97465867586493e-17;1.67415528454907e-16;-1.33341555886219e-05;0;2
"6";91;"Lasioglossum";0;0;0;0;0;0;0.0963588243824624;0;7.97465867586493e-17;0;0;0;0
"6";92;"Mordellidae";0;0;0;0;0;0;0.0963588243824624;0;7.97465867586493e-17;0;0;0;0
"6";93;"Muscidae";0;0;0;0;0;0;0.0963588243824624;0;7.97465867586493e-17;0;0;0;0
"6";94;"Oedemeridae";0;0;0;0;0;0;0.0963588243824624;0;7.97465867586493e-17;0;0;0;0
"6";95;"Psilothrix_viridicoerulea";0;0;0;0;0;0;0.0963588243824624;0;7.97465867586493e-17;0;0;0;0
"6";96;"Small.bee.1.16.6";2;1;1;1.83333333333333;0.833333333333333;1;0.804692157715796;0;5.1835281393122e-16;0.103060268852505;-0.833347223481529;0;2
"6";97;"Small.bee.1.8.6";6;3;3;3.16666666666667;2.16666666666667;1;0.775245323149804;1;3.98732933793246e-16;1;-0.500095003633497;0;2
"6";98;"Small.fly_green";2;1;1;2;1;1;0.642392162549749;0;7.97465867586493e-17;1.67415528454907e-16;-1.33341555886219e-05;0;2
"6";99;"Sphaerophoria";0;0;0;0;0;0;0.0963588243824624;0;7.97465867586493e-17;0;0;0;0
"6";100;"Sphaerophoria_scripta";0;0;0;0;0;0;0.0963588243824624;0;7.97465867586493e-17;0;0;0;0
"6";101;"Syrphidae";0;0;0;0;0;0;0.0963588243824624;0;7.97465867586493e-17;0;0;0;0
"6";102;"Tachinidae";0;0;0;0;0;0;0.0963588243824624;0;7.97465867586493e-17;0;0;0;0
"6";103;"Ulidiidae";0;0;0;0;0;0;0.0963588243824624;0;7.97465867586493e-17;0;0;0;0
"7";1;"A1 CHFU";0;0;0;0;0;0;0.15;0;0;0;0;0;0
"7";2;"A1 LEMA";0;0;0;0;0;0;0.15;0;0;0;0;0;0
"7";3;"A2 CHFU";0;0;0;0;0;0;0.15;0;0;0;0;0;0
"7";4;"A2 LEMA";0;0;0;0;0;0;0.15;0;1.97329864110308e-17;0;0;0;0
"7";5;"A3 LEMA";0;0;0;0;0;0;0.15;0;0;0;0;0;0
"7";6;"A4 LEMA";0;0;0;0;0;0;0.15;0;0;0;0;0;0
"7";7;"A5 CHFU";0;0;0;0;0;0;0.15;0;0;1.82334963430713e-17;0;0;0
"7";8;"A5 LEMA";0;0;0;0;0;0;0.15;0;0;0;0;0;0
"7";9;"A6 CHFU";0;0;0;0;0;0;0.15;0;0;0;0;0;0
"7";10;"B1 CHFU";0;0;0;0;0;0;0.15;0;0;0;0;0;0
"7";11;"B1 LEMA";0;0;0;0;0;0;0.15;0;0;0;0;0;0
"7";12;"B2 CHFU";0;0;0;0;0;0;0.15;0;0;0;0;0;0
"7";13;"B2 LEMA";0;0;0;0;0;0;0.15;0;0;1.82334963430713e-17;0;0;0
"7";14;"B3 CHFU";0;0;0;0;0;0;0.15;0;1.97329864110308e-17;0;0;0;0
"7";15;"B3 LEMA";0;0;0;0;0;0;0.15;0;1.97329864110308e-17;0;0;0;0
"7";16;"B4 CHFU";0;0;0;0;0;0;0.15;0;0;0;0;0;0
"7";17;"B4 CHMI";0;0;0;0;0;0;0.15;0;0;0;0;0;0
"7";18;"B4 LEMA";0;0;0;0;0;0;0.15;0;0;0;0;0;0
"7";19;"B5 LEMA";0;0;0;0;0;0;0.15;0;1.97329864110308e-17;0;0;0;0
"7";20;"B6 CHFU";0;0;0;0;0;0;0.15;0;0;0;0;0;0
"7";21;"B6 PUPA";0;0;0;0;0;0;0.15;0;0;0;0;0;0
"7";22;"C1 CHFU";0;0;0;0;0;0;0.15;0;0;1.82334963430713e-17;0;0;0
"7";23;"C1 LEMA";0;0;0;0;0;0;0.15;0;0;0;0;0;0
"7";24;"C2 CHFU";0;0;0;0;0;0;0.15;0;1.97329864110308e-17;0;0;0;0
"7";25;"C2 LEMA";0;0;0;0;0;0;0.15;0;1.97329864110308e-17;0;0;0;0
"7";26;"C3 BEMA";0;0;0;0;0;0;0.15;0;0;0;0;0;0
"7";27;"C3 CHFU";0;0;0;0;0;0;0.15;0;0;1.82334963430713e-17;0;0;0
"7";28;"C3 LEMA";0;0;0;0;0;0;0.15;0;0;0;0;0;0
"7";29;"C3 SCLA";2;1;1;2;1;1;1;0;1;0;1;0;2
"7";30;"C4 CHFU";0;0;0;0;0;0;0.15;0;0;1.82334963430713e-17;0;0;0
"7";31;"C4 LEMA";0;0;0;0;0;0;0.15;0;0;0;0;0;0
"7";32;"C5 CHFU";0;0;0;0;0;0;0.15;0;0;0;0;0;0
"7";33;"C5 LEMA";0;0;0;0;0;0;0.15;0;0;0;0;0;0
"7";34;"C6 LEMA";0;0;0;0;0;0;0.15;0;1.97329864110308e-17;0;0;0;0
"7";35;"C6 SOAS";0;0;0;0;0;0;0.15;0;0;0;0;0;0
"7";36;"D1 CHFU";0;0;0;0;0;0;0.15;0;0;0;0;0;0
"7";37;"D1 LEMA";0;0;0;0;0;0;0.15;0;0;0;0;0;0
"7";38;"D1 SOAS";0;0;0;0;0;0;0.15;0;0;0;0;0;0
"7";39;"D2 CHFU";0;0;0;0;0;0;0.15;0;1.97329864110308e-17;0;0;0;0
"7";40;"D2 LEMA";0;0;0;0;0;0;0.15;0;0;0;0;0;0
"7";41;"D3 CHFU";0;0;0;0;0;0;0.15;0;0;0;0;0;0
"7";42;"D3 LEMA";0;0;0;0;0;0;0.15;0;0;0;0;0;0
"7";43;"D4 CHFU";0;0;0;0;0;0;0.15;0;1.97329864110308e-17;0;0;0;0
"7";44;"D4 LEMA";0;0;0;0;0;0;0.15;0;0;0;0;0;0
"7";45;"D5 CHFU";0;0;0;0;0;0;0.15;0;0;0;0;0;0
"7";46;"D5 LEMA";0;0;0;0;0;0;0.15;0;0;0;0;0;0
"7";47;"D5 PUPA";0;0;0;0;0;0;0.15;0;0;0;0;0;0
"7";48;"D6 CHFU";0;0;0;0;0;0;0.15;0;1.97329864110308e-17;0;0;0;0
"7";49;"D6 LEMA";0;0;0;0;0;0;0.15;0;0;0;0;0;0
"7";50;"D6 PUPA";0;0;0;0;0;0;0.15;0;0;0;0;0;0
"7";51;"E1 CHFU";0;0;0;0;0;0;0.15;0;1.97329864110308e-17;0;0;0;0
"7";52;"E1 LEMA";0;0;0;0;0;0;0.15;0;0;0;0;0;0
"7";53;"E1 PUPA";0;0;0;0;0;0;0.15;0;0;0;0;0;0
"7";54;"E2 CHFU";0;0;0;0;0;0;0.15;0;1.97329864110308e-17;0;0;0;0
"7";55;"E2 LEMA";0;0;0;0;0;0;0.15;0;0;0;0;0;0
"7";56;"E2 SCLA";2;1;1;2;1;1;1;0;0;0.113644476145585;1;0;2
"7";57;"E3 CHFU";0;0;0;0;0;0;0.15;0;0;0;0;0;0
"7";58;"E3 LEMA";0;0;0;0;0;0;0.15;0;0;0;0;0;0
"7";59;"E4 CHFU";0;0;0;0;0;0;0.15;0;0;0;0;0;0
"7";60;"E4 LEMA";0;0;0;0;0;0;0.15;0;1.97329864110308e-17;0;0;0;0
"7";61;"E4 PUPA";0;0;0;0;0;0;0.15;0;0;0;0;0;0
"7";62;"E5 CHFU";0;0;0;0;0;0;0.15;0;0;0;0;0;0
"7";63;"E5 LEMA";0;0;0;0;0;0;0.15;0;1.97329864110308e-17;0;0;0;0
"7";64;"E6 CETE";0;0;0;0;0;0;0.15;0;0;0;0;0;0
"7";65;"E6 CHFU";0;0;0;0;0;0;0.15;0;0;0;0;0;0
"7";66;"E6 LEMA";0;0;0;0;0;0;0.15;0;0;1.82334963430713e-17;0;0;0
"7";67;"F1 CHFU";0;0;0;0;0;0;0.15;0;0;0;0;0;0
"7";68;"F1 LEMA";0;0;0;0;0;0;0.15;0;0;0;0;0;0
"7";69;"F2 CHFU";0;0;0;0;0;0;0.15;0;1.97329864110308e-17;0;0;0;0
"7";70;"F3 CHFU";0;0;0;0;0;0;0.15;0;0;0;0;0;0
"7";71;"F4 CHFU";0;0;0;0;0;0;0.15;0;0;0;0;0;0
"7";72;"F5 CHFU";0;0;0;0;0;0;0.15;0;0;1.82334963430713e-17;0;0;0
"7";73;"F6 CHFU";0;0;0;0;0;0;0.15;0;0;1.82334963430713e-17;0;0;0
"7";74;"F6 LEMA";0;0;0;0;0;0;0.15;0;0;0;0;0;0
"7";75;"Andrena";0;0;0;0;0;0;0.15;0;0;0;0;0;0
"7";76;"Andrena_2_10_3";0;0;0;0;0;0;0.15;0;0;0;0;0;0
"7";77;"Bee.picture.26_2";0;0;0;0;0;0;0.15;0;0;0;0;0;0
"7";78;"Bee_9_20_2";0;0;0;0;0;0;0.15;0;0;0;0;0;0
"7";79;"black_Psilothrix";0;0;0;0;0;0;0.15;0;0;0;0;0;0
"7";80;"Black_small_fly";0;0;0;0;0;0;0.15;0;0;1.82334963430713e-17;0;0;0
"7";81;"Bombylidae";0;0;0;0;0;0;0.15;0;0;0;0;0;0
"7";82;"Brassicogethes";2;1;1;2;1;1;1;0;0.337645859149277;1;1;0;2
"7";83;"Cryptocephalus";0;0;0;0;0;0;0.15;0;0;0;0;0;0
"7";84;"Diptera";2;1;1;2;1;1;1;0;0;0;1;0;2
"7";85;"Eristalis";0;0;0;0;0;0;0.15;0;0;0;0;0;0
"7";86;"Eucera";0;0;0;0;0;0;0.15;0;0;0;0;0;0
"7";87;"Euchloe_crameri";0;0;0;0;0;0;0.15;0;0;0;0;0;0
"7";88;"Fly_with_red";0;0;0;0;0;0;0.15;0;0;0;0;0;0
"7";89;"Lagorina_sericea";0;0;0;0;0;0;0.15;0;0;0;0;0;0
"7";90;"Lasiocampa.trifolii";0;0;0;0;0;0;0.15;0;1.97329864110308e-17;0;0;0;0
"7";91;"Lasioglossum";0;0;0;0;0;0;0.15;0;0;0;0;0;0
"7";92;"Mordellidae";0;0;0;0;0;0;0.15;0;0;0;0;0;0
"7";93;"Muscidae";0;0;0;0;0;0;0.15;0;0;0;0;0;0
"7";94;"Oedemeridae";0;0;0;0;0;0;0.15;0;0;0;0;0;0
"7";95;"Psilothrix_viridicoerulea";0;0;0;0;0;0;0.15;0;0;0;0;0;0
"7";96;"Small.bee.1.16.6";0;0;0;0;0;0;0.15;0;0;0;0;0;0
"7";97;"Small.bee.1.8.6";0;0;0;0;0;0;0.15;0;0;0;0;0;0
"7";98;"Small.fly_green";0;0;0;0;0;0;0.15;0;1.97329864110308e-17;0;0;0;0
"7";99;"Sphaerophoria";0;0;0;0;0;0;0.15;0;0;0;0;0;0
"7";100;"Sphaerophoria_scripta";0;0;0;0;0;0;0.15;0;0;1.82334963430713e-17;0;0;0
"7";101;"Syrphidae";0;0;0;0;0;0;0.15;0;0;0;0;0;0
"7";102;"Tachinidae";0;0;0;0;0;0;0.15;0;0;0;0;0;0
"7";103;"Ulidiidae";0;0;0;0;0;0;0.15;0;0;0;0;0;0
"8";1;"A1 CHFU";0;0;0;0;0;0;0.115540540540541;2.19427091786043e-17;0;2.0165606074023e-17;0;0;0
"8";2;"A1 LEMA";0;0;0;0;0;0;0.115540540540541;2.19427091786043e-17;0;0;0;0;0
"8";3;"A2 CHFU";0;0;0;0;0;0;0.115540540540541;2.19427091786043e-17;0;0;0;0;0
"8";4;"A2 LEMA";0;0;0;0;0;0;0.115540540540541;2.19427091786043e-17;0;0;0;0;0
"8";5;"A3 LEMA";0;0;0;0;0;0;0.115540540540541;2.19427091786043e-17;0;0;0;0;0
"8";6;"A4 LEMA";0;0;0;0;0;0;0.115540540540541;2.19427091786043e-17;0;0;0;0;0
"8";7;"A5 CHFU";0;0;0;0;0;0;0.115540540540541;2.19427091786043e-17;0;0;0;0;0
"8";8;"A5 LEMA";0;0;0;0;0;0;0.115540540540541;2.19427091786043e-17;0;0;0;0;0
"8";9;"A6 CHFU";0;0;0;0;0;0;0.115540540540541;2.19427091786043e-17;0;2.0165606074023e-17;0;0;0
"8";10;"B1 CHFU";0;0;0;0;0;0;0.115540540540541;2.19427091786043e-17;0;0;0;0;0
"8";11;"B1 LEMA";0;0;0;0;0;0;0.115540540540541;2.19427091786043e-17;0;0;0;0;0
"8";12;"B2 CHFU";0;0;0;0;0;0;0.115540540540541;2.19427091786043e-17;0;0;0;0;0
"8";13;"B2 LEMA";0;0;0;0;0;0;0.115540540540541;2.19427091786043e-17;0;0;0;0;0
"8";14;"B3 CHFU";0;0;0;0;0;0;0.115540540540541;2.19427091786043e-17;0;0;0;0;0
"8";15;"B3 LEMA";0;0;0;0;0;0;0.115540540540541;2.19427091786043e-17;0;0;0;0;0
"8";16;"B4 CHFU";0;0;0;0;0;0;0.115540540540541;2.19427091786043e-17;0;2.0165606074023e-17;0;0;0
"8";17;"B4 CHMI";0;0;0;0;0;0;0.115540540540541;2.19427091786043e-17;0;0;0;0;0
"8";18;"B4 LEMA";0;0;0;0;0;0;0.115540540540541;2.19427091786043e-17;0;0;0;0;0
"8";19;"B5 LEMA";0;0;0;0;0;0;0.115540540540541;2.19427091786043e-17;0;0;0;0;0
"8";20;"B6 CHFU";0;0;0;0;0;0;0.115540540540541;2.19427091786043e-17;0;0;0;0;0
"8";21;"B6 PUPA";0;0;0;0;0;0;0.115540540540541;2.19427091786043e-17;0;0;0;0;0
"8";22;"C1 CHFU";0;0;0;0;0;0;0.115540540540541;2.19427091786043e-17;0;0;0;0;0
"8";23;"C1 LEMA";0;0;0;0;0;0;0.115540540540541;2.19427091786043e-17;0;0;0;0;0
"8";24;"C2 CHFU";0;0;0;0;0;0;0.115540540540541;2.19427091786043e-17;0;0;0;0;0
"8";25;"C2 LEMA";0;0;0;0;0;0;0.115540540540541;2.19427091786043e-17;0;0;0;0;0
"8";26;"C3 BEMA";0;0;0;0;0;0;0.115540540540541;2.19427091786043e-17;0;0;0;0;0
"8";27;"C3 CHFU";0;0;0;0;0;0;0.115540540540541;2.19427091786043e-17;0;0;0;0;0
"8";28;"C3 LEMA";0;0;0;0;0;0;0.115540540540541;2.19427091786043e-17;0;0;0;0;0
"8";29;"C3 SCLA";0;0;0;0;0;0;0.115540540540541;2.19427091786043e-17;0;2.0165606074023e-17;0;0;0
"8";30;"C4 CHFU";0;0;0;0;0;0;0.115540540540541;2.19427091786043e-17;0;0;0;0;0
"8";31;"C4 LEMA";0;0;0;0;0;0;0.115540540540541;2.19427091786043e-17;0;0;0;0;0
"8";32;"C5 CHFU";0;0;0;0;0;0;0.115540540540541;2.19427091786043e-17;0;0;0;0;0
"8";33;"C5 LEMA";0;0;0;0;0;0;0.115540540540541;2.19427091786043e-17;0;2.0165606074023e-17;0;0;0
"8";34;"C6 LEMA";0;0;0;0;0;0;0.115540540540541;2.19427091786043e-17;0;0;0;0;0
"8";35;"C6 SOAS";2;1;1;1.5;0.5;1;0.54054054054054;0.5;1;0.23606797749979;0.499998749996875;0;2
"8";36;"D1 CHFU";0;0;0;0;0;0;0.115540540540541;2.19427091786043e-17;0;0;0;0;0
"8";37;"D1 LEMA";0;0;0;0;0;0;0.115540540540541;2.19427091786043e-17;0;0;0;0;0
"8";38;"D1 SOAS";4;2;2;2.5;1.5;1;1;0.999999999999999;0.618033988749895;1;1;0;2
"8";39;"D2 CHFU";0;0;0;0;0;0;0.115540540540541;2.19427091786043e-17;0;2.0165606074023e-17;0;0;0
"8";40;"D2 LEMA";0;0;0;0;0;0;0.115540540540541;2.19427091786043e-17;0;0;0;0;0
"8";41;"D3 CHFU";0;0;0;0;0;0;0.115540540540541;2.19427091786043e-17;0;0;0;0;0
"8";42;"D3 LEMA";0;0;0;0;0;0;0.115540540540541;2.19427091786043e-17;0;0;0;0;0
"8";43;"D4 CHFU";0;0;0;0;0;0;0.115540540540541;2.19427091786043e-17;0;0;0;0;0
"8";44;"D4 LEMA";0;0;0;0;0;0;0.115540540540541;2.19427091786043e-17;0;0;0;0;0
"8";45;"D5 CHFU";0;0;0;0;0;0;0.115540540540541;2.19427091786043e-17;0;0;0;0;0
"8";46;"D5 LEMA";0;0;0;0;0;0;0.115540540540541;2.19427091786043e-17;0;0;0;0;0
"8";47;"D5 PUPA";0;0;0;0;0;0;0.115540540540541;2.19427091786043e-17;0;0;0;0;0
"8";48;"D6 CHFU";0;0;0;0;0;0;0.115540540540541;2.19427091786043e-17;0;0;0;0;0
"8";49;"D6 LEMA";0;0;0;0;0;0;0.115540540540541;2.19427091786043e-17;0;2.0165606074023e-17;0;0;0
"8";50;"D6 PUPA";0;0;0;0;0;0;0.115540540540541;2.19427091786043e-17;0;0;0;0;0
"8";51;"E1 CHFU";0;0;0;0;0;0;0.115540540540541;2.19427091786043e-17;0;0;0;0;0
"8";52;"E1 LEMA";0;0;0;0;0;0;0.115540540540541;2.19427091786043e-17;0;0;0;0;0
"8";53;"E1 PUPA";0;0;0;0;0;0;0.115540540540541;2.19427091786043e-17;0;0;0;0;0
"8";54;"E2 CHFU";0;0;0;0;0;0;0.115540540540541;2.19427091786043e-17;0;0;0;0;0
"8";55;"E2 LEMA";0;0;0;0;0;0;0.115540540540541;2.19427091786043e-17;0;2.0165606074023e-17;0;0;0
"8";56;"E2 SCLA";0;0;0;0;0;0;0.115540540540541;2.19427091786043e-17;0;0;0;0;0
"8";57;"E3 CHFU";0;0;0;0;0;0;0.115540540540541;2.19427091786043e-17;0;0;0;0;0
"8";58;"E3 LEMA";0;0;0;0;0;0;0.115540540540541;2.19427091786043e-17;0;0;0;0;0
"8";59;"E4 CHFU";0;0;0;0;0;0;0.115540540540541;2.19427091786043e-17;0;0;0;0;0
"8";60;"E4 LEMA";0;0;0;0;0;0;0.115540540540541;2.19427091786043e-17;0;2.0165606074023e-17;0;0;0
"8";61;"E4 PUPA";0;0;0;0;0;0;0.115540540540541;2.19427091786043e-17;0;0;0;0;0
"8";62;"E5 CHFU";0;0;0;0;0;0;0.115540540540541;2.19427091786043e-17;0;0;0;0;0
"8";63;"E5 LEMA";0;0;0;0;0;0;0.115540540540541;2.19427091786043e-17;0;0;0;0;0
"8";64;"E6 CETE";0;0;0;0;0;0;0.115540540540541;2.19427091786043e-17;0;0;0;0;0
"8";65;"E6 CHFU";0;0;0;0;0;0;0.115540540540541;2.19427091786043e-17;0;0;0;0;0
"8";66;"E6 LEMA";0;0;0;0;0;0;0.115540540540541;2.19427091786043e-17;0;0;0;0;0
"8";67;"F1 CHFU";0;0;0;0;0;0;0.115540540540541;2.19427091786043e-17;0;0;0;0;0
"8";68;"F1 LEMA";0;0;0;0;0;0;0.115540540540541;2.19427091786043e-17;0;0;0;0;0
"8";69;"F2 CHFU";0;0;0;0;0;0;0.115540540540541;2.19427091786043e-17;0;0;0;0;0
"8";70;"F3 CHFU";0;0;0;0;0;0;0.115540540540541;2.19427091786043e-17;0;0;0;0;0
"8";71;"F4 CHFU";0;0;0;0;0;0;0.115540540540541;2.19427091786043e-17;0;0;0;0;0
"8";72;"F5 CHFU";0;0;0;0;0;0;0.115540540540541;2.19427091786043e-17;0;0;0;0;0
"8";73;"F6 CHFU";0;0;0;0;0;0;0.115540540540541;2.19427091786043e-17;0;0;0;0;0
"8";74;"F6 LEMA";0;0;0;0;0;0;0.115540540540541;2.19427091786043e-17;0;0;0;0;0
"8";75;"Andrena";0;0;0;0;0;0;0.115540540540541;2.19427091786043e-17;0;0;0;0;0
"8";76;"Andrena_2_10_3";0;0;0;0;0;0;0.115540540540541;2.19427091786043e-17;0;0;0;0;0
"8";77;"Bee.picture.26_2";0;0;0;0;0;0;0.115540540540541;2.19427091786043e-17;0;0;0;0;0
"8";78;"Bee_9_20_2";0;0;0;0;0;0;0.115540540540541;2.19427091786043e-17;0;0;0;0;0
"8";79;"black_Psilothrix";0;0;0;0;0;0;0.115540540540541;2.19427091786043e-17;0;0;0;0;0
"8";80;"Black_small_fly";0;0;0;0;0;0;0.115540540540541;2.19427091786043e-17;0;2.0165606074023e-17;0;0;0
"8";81;"Bombylidae";0;0;0;0;0;0;0.115540540540541;2.19427091786043e-17;0;0;0;0;0
"8";82;"Brassicogethes";0;0;0;0;0;0;0.115540540540541;2.19427091786043e-17;0;2.0165606074023e-17;0;0;0
"8";83;"Cryptocephalus";0;0;0;0;0;0;0.115540540540541;2.19427091786043e-17;0;0;0;0;0
"8";84;"Diptera";0;0;0;0;0;0;0.115540540540541;2.19427091786043e-17;0;0;0;0;0
"8";85;"Eristalis";0;0;0;0;0;0;0.115540540540541;2.19427091786043e-17;0;0;0;0;0
"8";86;"Eucera";0;0;0;0;0;0;0.115540540540541;2.19427091786043e-17;0;0;0;0;0
"8";87;"Euchloe_crameri";0;0;0;0;0;0;0.115540540540541;2.19427091786043e-17;0;0;0;0;0
"8";88;"Fly_with_red";0;0;0;0;0;0;0.115540540540541;2.19427091786043e-17;0;0;0;0;0
"8";89;"Lagorina_sericea";0;0;0;0;0;0;0.115540540540541;2.19427091786043e-17;0;2.0165606074023e-17;0;0;0
"8";90;"Lasiocampa.trifolii";0;0;0;0;0;0;0.115540540540541;2.19427091786043e-17;0;0;0;0;0
"8";91;"Lasioglossum";0;0;0;0;0;0;0.115540540540541;2.19427091786043e-17;0;0;0;0;0
"8";92;"Mordellidae";2;1;1;1.5;0.5;1;0.54054054054054;0.5;1;0;0.499998749996875;0;2
"8";93;"Muscidae";0;0;0;0;0;0;0.115540540540541;2.19427091786043e-17;0;2.0165606074023e-17;0;0;0
"8";94;"Oedemeridae";0;0;0;0;0;0;0.115540540540541;2.19427091786043e-17;0;0;0;0;0
"8";95;"Psilothrix_viridicoerulea";4;2;2;2.5;1.5;1;1;1;0.618033988749895;0;1;0;2
"8";96;"Small.bee.1.16.6";0;0;0;0;0;0;0.115540540540541;2.19427091786043e-17;0;0;0;0;0
"8";97;"Small.bee.1.8.6";0;0;0;0;0;0;0.115540540540541;2.19427091786043e-17;0;0;0;0;0
"8";98;"Small.fly_green";0;0;0;0;0;0;0.115540540540541;2.19427091786043e-17;0;0;0;0;0
"8";99;"Sphaerophoria";0;0;0;0;0;0;0.115540540540541;2.19427091786043e-17;0;0;0;0;0
"8";100;"Sphaerophoria_scripta";0;0;0;0;0;0;0.115540540540541;2.19427091786043e-17;0;0;0;0;0
"8";101;"Syrphidae";0;0;0;0;0;0;0.115540540540541;2.19427091786043e-17;0;0;0;0;0
"8";102;"Tachinidae";0;0;0;0;0;0;0.115540540540541;2.19427091786043e-17;0;2.0165606074023e-17;0;0;0
"8";103;"Ulidiidae";0;0;0;0;0;0;0.115540540540541;2.19427091786043e-17;0;0;0;0;0
"Aggr";1;"A1 CHFU";4;2;2;2.06666666666667;1.06666666666667;1;0.0442661159178979;0.0342926859764262;0.834476771966413;4.07084550228098e-17;0.034293624669579;0;2
"Aggr";2;"A1 LEMA";2;1;1;1.02380952380952;0.0238095238095238;1;0.0181417678455577;0.0144848416475017;0.607731110020048;8.14169100456195e-18;0.0144847115865265;0;2
"Aggr";3;"A2 CHFU";2;1;1;1.04;0.04;1;0.0221079117047228;0.0193064188235023;1;1.22125365068429e-17;0.0193065622553041;0;2
"Aggr";4;"A2 LEMA";2;1;1;1.1;0.1;1;0.0165961865482812;0.0100237426921608;0.037085390992633;8.14169100456195e-18;0.0100238322180091;0;2
"Aggr";5;"A3 LEMA";4;2;2;1.0952380952381;0.0952380952380952;1;0.0372706528548378;0.0489605895466131;0.738487406680032;2.44250730136859e-17;0.0489607156138554;0;4
"Aggr";6;"A4 LEMA";2;1;1;1.02380952380952;0.0238095238095238;1;0.0181417678455577;0.0144848416475017;0.607731110020048;8.14169100456195e-18;0.0144847115865265;0;2
"Aggr";7;"A5 CHFU";2;1;1;1.01333333333333;0.0133333333333333;1;0.0149664613012582;0.00643547294116745;1;4.07084550228098e-18;0.00643552075176805;0;2
"Aggr";8;"A5 LEMA";2;1;1;1.01190476190476;0.0119047619047619;1;0.0147687519725418;0.00724242082375085;0.607731110020048;4.07084550228098e-18;0.00724235579326327;0;2
"Aggr";9;"A6 CHFU";2;1;1;1.08;0.08;1;0.0328200873099196;0.0386128376470047;1;4.07084550228098e-18;0.0386131245106083;0;2
"Aggr";10;"B1 CHFU";4;2;2;2.10666666666667;1.10666666666667;1;0.0919660422009366;0.151721210450948;0.893009487888071;2.44250730136859e-17;0.151722488194236;0;4
"Aggr";11;"B1 LEMA";10;5;5;4.01190476190476;3.01190476190476;1;0.101330600407312;0.0810380610464962;0.077284577342196;4.88501460273717e-17;0.0810412762409814;0;4
"Aggr";12;"B2 CHFU";4;2;2;1.12666666666667;0.126666666666667;1;0.0258238816113898;0.014082807625993;0.675846528127166;1.62833820091239e-17;0.0140830784599454;0;4
"Aggr";13;"B2 LEMA";6;3;3;1.20714285714286;0.207142857142857;1;0.0458441191766089;0.0662267530625247;0.572055744210556;3.25667640182478e-17;0.0662269036251278;0;4
"Aggr";14;"B3 CHFU";2;1;1;1.01333333333333;0.0133333333333333;1;0.0149664613012582;0.00643547294116745;1;4.07084550228098e-18;0.00643552075176805;0;2
"Aggr";15;"B3 LEMA";8;4;4;2.3047619047619;1.3047619047619;1;0.118628880624288;0.0935189702487373;0.330776976532939;3.25667640182478e-17;0.0935206790984313;0;4
"Aggr";16;"B4 CHFU";2;1;1;1.01333333333333;0.0133333333333333;1;0.0149664613012582;0.00643547294116745;1;4.07084550228098e-18;0.00643552075176805;0;2
"Aggr";17;"B4 CHMI";2;1;1;2;1;1;0.0759715739968396;8.47080645338256e-17;0;8.14169100456195e-18;1.58581400826606e-06;0;2
"Aggr";18;"B4 LEMA";4;2;2;1.1952380952381;0.195238095238095;1;0.0435803135324082;0.0679631092821676;0.544326030128113;0;0.0679626785641153;0;4
"Aggr";19;"B5 LEMA";4;2;2;2.02380952380952;1.02380952380952;1;0.135463655587019;0.134133043449367;0.427040547637912;1.62833820091239e-17;0.134132756031173;0;4
"Aggr";20;"B6 CHFU";2;1;1;1.01333333333333;0.0133333333333333;1;0.0149664613012582;0.00643547294116745;1;4.07084550228098e-18;0.00643552075176805;0;2
"Aggr";21;"B6 PUPA";2;1;1;2;1;1;0.0759715739968396;8.60161654363891e-17;0;8.14169100456195e-18;1.58581400826606e-06;0;2
"Aggr";22;"C1 CHFU";4;2;2;2.09333333333333;1.09333333333333;1;0.0506516668594973;0.0472334848997094;0.875674938273652;2.44250730136859e-17;0.0472344907032337;0;2
"Aggr";23;"C1 LEMA";6;3;3;2.1547619047619;1.1547619047619;1;0.0693928083528393;0.0888254525313729;0.584146607648698;2.44250730136859e-17;0.0888258602100417;0;4
"Aggr";24;"C2 CHFU";2;1;1;1.05333333333333;0.0533333333333333;1;0.0256786369064551;0.0257418917646698;1;8.14169100456195e-18;0.0257420830070722;0;2
"Aggr";25;"C2 LEMA";2;1;1;1.04761904761905;0.0476190476190476;1;0.0248877995915894;0.0289696832950034;0.607731110020048;8.14169100456195e-18;0.0289694231730531;0;2
"Aggr";26;"C3 BEMA";2;1;1;2;1;1;0.0306328187521382;0.00432867464756448;0.000364561625918389;1.62833820091239e-17;0.00433034928776161;0;2
"Aggr";27;"C3 CHFU";2;1;1;1.04;0.04;1;0.0221079117047228;0.0193064188235023;1;1.22125365068429e-17;0.0193065622553041;0;2
"Aggr";28;"C3 LEMA";2;1;1;1.04761904761905;0.0476190476190476;1;0.0248877995915894;0.0289696832950034;0.607731110020048;8.14169100456195e-18;0.0289694231730531;0;2
"Aggr";29;"C3 SCLA";2;1;1;2;1;1;0.294729069432859;0.608363349195072;0.607731110020048;1.22125365068429e-17;0.608357886634115;0;2
"Aggr";30;"C4 CHFU";2;1;1;1.01333333333333;0.0133333333333333;1;0.0149664613012582;0.00643547294116745;1;4.07084550228098e-18;0.00643552075176805;0;2
"Aggr";31;"C4 LEMA";4;2;2;1.19047619047619;0.19047619047619;1;0.0631455696101496;0.0979211790932261;0.738487406680032;1.62833820091239e-17;0.0979214312277107;0;4
"Aggr";32;"C5 CHFU";2;1;1;1.02666666666667;0.0266666666666667;1;0.0185371865029905;0.0128709458823349;1;8.14169100456195e-18;0.0128710415035361;0;2
"Aggr";33;"C5 LEMA";4;2;2;1.19047619047619;0.19047619047619;1;0.0631455696101496;0.0979211790932262;0.738487406680032;1.62833820091239e-17;0.0979214312277107;0;4
"Aggr";34;"C6 LEMA";4;2;2;1.17857142857143;0.178571428571429;1;0.0597725537371337;0.0906787582694753;0.764638666012029;1.62833820091239e-17;0.0906790754344474;0;4
"Aggr";35;"C6 SOAS";2;1;1;1.5;0.5;1;0.145297931164486;0.24133023529378;1;1.22125365068429e-17;0.241332028191302;0;2
"Aggr";36;"D1 CHFU";4;2;2;1.34666666666667;0.346666666666667;1;0.0414040307198899;0.0070094756015934;0.506935925966425;2.44250730136859e-17;0.00701026570026187;0;2
"Aggr";37;"D1 LEMA";6;3;3;1.44047619047619;0.44047619047619;1;0.0493401495495648;0.0592352815608754;0.567203385914818;1.62833820091239e-17;0.0592355618397548;0;4
"Aggr";38;"D1 SOAS";4;2;2;2.5;1.5;1;0.197302435652039;0.341567662215387;0.518542695496317;4.07084550228098e-17;0.341570350371393;0;4
"Aggr";39;"D2 CHFU";8;4;4;2.54781609195402;1.54781609195402;1;0.344426435061276;0.650417139513992;0.420003674179637;4.88501460273717e-17;0.650411209039998;0;4
"Aggr";40;"D2 LEMA";4;2;2;1.24761904761905;0.247619047619048;1;0.0347778542580005;0.0322686348353624;0.488102463510754;3.25667640182478e-17;0.0322685543955126;0;4
"Aggr";41;"D3 CHFU";4;2;2;1.30344827586207;0.303448275862069;1;0.0381058733240619;0.014801123673716;0.0504114874767814;2.44250730136859e-17;0.0148014578208854;0;4
"Aggr";42;"D3 LEMA";4;2;2;2.07142857142857;1.07142857142857;1;0.0460758979140626;0.0458803222156168;0.521437316960859;1.62833820091239e-17;0.0458805717594972;0;2
"Aggr";43;"D4 CHFU";4;2;2;1.10896551724138;0.108965517241379;1;0.0301990763765477;0.0275580189477689;0.626263769149455;2.44250730136859e-17;0.0275581515273487;0;4
"Aggr";44;"D4 LEMA";2;1;1;1.01190476190476;0.0119047619047619;1;0.0147687519725418;0.00724242082375085;0.607731110020048;4.07084550228098e-18;0.00724235579326327;0;2
"Aggr";45;"D5 CHFU";2;1;1;1.1;0.1;1;0.0186824312079252;0.00121186174365806;0.0275395843814957;1.22125365068429e-17;0.00121203695640928;0;2
"Aggr";46;"D5 LEMA";4;2;2;2.01190476190476;1.01190476190476;1;0.0506216808677425;0.00973134379704439;0.308087471129738;1.62833820091239e-17;0.00973434222311823;0;2
"Aggr";47;"D5 PUPA";2;1;1;1.33333333333333;0.333333333333333;1;0.0233467123979262;0.000829640991097841;0.00844383223942773;1.62833820091239e-17;0.000830662143284987;0;2
"Aggr";48;"D6 CHFU";2;1;1;1.04;0.04;1;0.0221079117047228;0.0193064188235023;1;1.22125365068429e-17;0.0193065622553041;0;2
"Aggr";49;"D6 LEMA";2;1;1;1.02380952380952;0.0238095238095238;1;0.0181417678455577;0.0144848416475017;0.607731110020048;8.14169100456195e-18;0.0144847115865265;0;2
"Aggr";50;"D6 PUPA";4;2;2;2.33333333333333;1.33333333333333;1;0.0830150904691683;0.00119963410616659;0.00145722427416233;2.44250730136859e-17;0.00120245326487488;0;2
"Aggr";51;"E1 CHFU";4;2;2;1.38666666666667;0.386666666666667;1;0.0339350595600086;0.0271505294811608;0.801862799492143;3.25667640182478e-17;0.0271509828943252;0;4
"Aggr";52;"E1 LEMA";4;2;2;1.08333333333333;0.0833333333333333;1;0.0338976369818219;0.0417181687228622;0.803865555010024;1.62833820091239e-17;0.0417183598205921;0;4
"Aggr";53;"E1 PUPA";2;1;1;1.33333333333333;0.333333333333333;1;0.0233467123979262;0.000829640991097838;0.00844383223942773;1.62833820091239e-17;0.000830662143284987;0;2
"Aggr";54;"E2 CHFU";6;3;3;1.33900383141762;0.339003831417624;1;0.0495014513700867;0.0225792783894372;0.20346554926761;2.44250730136859e-17;0.022579616639275;0;6
"Aggr";55;"E2 LEMA";2;1;1;2;1;1;0.0759715739968396;6.15944903250525e-17;0;8.14169100456195e-18;1.58581400826606e-06;0;2
"Aggr";56;"E2 SCLA";2;1;1;2;1;1;0.0759715739968396;5.92057843290671e-17;0;8.14169100456195e-18;1.58581400826606e-06;0;2
"Aggr";57;"E3 CHFU";4;2;2;1.14344827586207;0.143448275862069;1;0.0342446587124601;0.0316838190099022;0.532829711436819;8.14169100456195e-18;0.031683946163371;0;4
"Aggr";58;"E3 LEMA";4;2;2;1.12380952380952;0.123809523809524;1;0.0233422182943129;0.0245085843396625;0.417515870344243;2.44250730136859e-17;0.0245085438045357;0;4
"Aggr";59;"E4 CHFU";4;2;2;1.14;0.14;1;0.0293946068131221;0.0205182805671604;0.756884896095374;1.62833820091239e-17;0.0205185992117134;0;4
"Aggr";60;"E4 LEMA";4;2;2;1.08333333333333;0.0833333333333333;1;0.0338976369818219;0.0417181687228622;0.803865555010024;1.62833820091239e-17;0.0417183598205921;0;4
"Aggr";61;"E4 PUPA";2;1;1;2;1;1;0.0759715739968396;7.31285278485249e-17;0;8.14169100456195e-18;1.58581400826606e-06;0;2
"Aggr";62;"E5 CHFU";4;2;2;1.35816091954023;0.35816091954023;1;0.0554222846603827;0.0476934735625003;0.150599475339671;3.25667640182478e-17;0.0476934671119909;0;4
"Aggr";63;"E5 LEMA";2;1;1;1.03571428571429;0.0357142857142857;1;0.0215147837185736;0.0217272624712526;0.607731110020048;8.14169100456195e-18;0.0217270673797898;0;2
"Aggr";64;"E6 CETE";2;1;1;2;1;1;0.0307323402439794;0.00223950023202929;0.00203372861728295;8.14169100456195e-18;0.00224127718682687;0;2
"Aggr";65;"E6 CHFU";4;2;2;1.08781609195402;0.087816091954023;1;0.0297242192423675;0.0298676918268031;0.813131884574728;3.25667640182478e-17;0.0298678776430945;0;4
"Aggr";66;"E6 LEMA";6;3;3;2.42857142857143;1.42857142857143;1;0.0611832062408635;0.0633149623003752;0.487707828696603;3.25667640182478e-17;0.0633152852402343;0;4
"Aggr";67;"F1 CHFU";4;2;2;2.11111111111111;1.11111111111111;1;0.0505381343478177;0.00231082829936669;0.00602809653398113;2.44250730136859e-17;0.00231199989885294;0;2
"Aggr";68;"F1 LEMA";2;1;1;1.25;0.25;1;0.0266698191996472;0.00357571684868192;0.00643631576543538;8.14169100456195e-18;0.00357601760186382;0;2
"Aggr";69;"F2 CHFU";2;1;1;1.33333333333333;0.333333333333333;1;0.0378333055181576;0.000574002660425937;0.0138718519328505;0;0.000574744948493824;0;2
"Aggr";70;"F3 CHFU";2;1;1;1.33333333333333;0.333333333333333;1;0.0378333055181576;0.000574002660425947;0.0138718519328505;0;0.000574744948493824;0;2
"Aggr";71;"F4 CHFU";6;3;3;1.95777777777778;0.957777777777778;1;0.101844005514212;0.0454608007805266;0.175709036299058;3.25667640182478e-17;0.0454609517287411;0;4
"Aggr";72;"F5 CHFU";10;5;5;2.3423754789272;1.3423754789272;1;0.0915782631178902;0.0389220711694173;0.184871656725718;3.25667640182478e-17;0.0389235236374885;0;6
"Aggr";73;"F6 CHFU";12;6;6;3.32007662835249;2.32007662835249;1;0.0844905896225778;0.0343032313927252;0.352748119926036;8.14169100456195e-17;0.0343062275479963;0;6
"Aggr";74;"F6 LEMA";4;2;2;1.38095238095238;0.380952380952381;1;0.0335842804133006;0.0320019544855149;0.488749607918827;0;0.0320019136056892;0;4
"Aggr";75;"Andrena";20;10;10;6.22233877233877;4.22233877233877;2;0.276051500568144;0.196672271530118;0;0.0656594228736385;0.196672958712286;0;6
"Aggr";76;"Andrena_2_10_3";2;1;1;1.125;0.125;1;0.0167774757033475;0.00359189013346777;0;0.00539950618921443;0.00359200833461846;0;2
"Aggr";77;"Bee.picture.26_2";6;3;3;3.5;2.5;1;0.0933090685363471;0.00283055838843056;0;0.0138718519328506;0.00283322624799406;0;2
"Aggr";78;"Bee_9_20_2";4;2;2;1.35384615384615;0.353846153846154;1;0.0291403152478361;0.00694636380555197;0;0.00931399746071412;0.00694670521494225;0;4
"Aggr";79;"black_Psilothrix";2;1;1;2;1;1;0.0759715739968396;8.10055702400482e-17;0;8.14169100456195e-18;1.58581400826606e-06;0;2
"Aggr";80;"Black_small_fly";2;1;1;1.5;0.5;1;0.0328744431973485;0.000702911621808762;0;0.00014867957559038;0.000703571504489665;0;2
"Aggr";81;"Bombylidae";4;2;2;3.09090909090909;1.09090909090909;2;0.0452637238884993;0.00711527848167006;0;0.000364561625918451;0.00711708145908357;0;2
"Aggr";82;"Brassicogethes";58;29;29;24.023051948052;21.023051948052;3;1;1;0;0.607731110020048;1;0;4
"Aggr";83;"Cryptocephalus";2;1;1;1.09090909090909;0.0909090909090909;1;0.0192258279491819;0.00448187147550191;1.83288013919736e-17;0.000346578215230663;0.00448206093491987;0;2
"Aggr";84;"Diptera";2;1;1;2;1;1;0.0759715739968396;6.2999276946501e-17;0;8.14169100456195e-18;1.58581400826606e-06;0;2
"Aggr";85;"Eristalis";4;2;2;3.11111111111111;1.11111111111111;2;0.0454978921045963;0.00368118861037957;0;0.00203372861728297;0.00368312542831882;0;2
"Aggr";86;"Eucera";2;1;1;1.16666666666667;0.166666666666667;1;0.0176667691878948;0.00347706888225225;0;0.00686063179847872;0.00347723280045246;0;2
"Aggr";87;"Euchloe_crameri";2;1;1;1.14285714285714;0.142857142857143;1;0.0169906665605193;0.00398741521217739;0;0.00367455860572208;0.00398748575007772;0;2
"Aggr";88;"Fly_with_red";2;1;1;2;1;1;0.0759715739968396;6.92155999312917e-17;0;8.14169100456195e-18;1.58581400826606e-06;0;2
"Aggr";89;"Lagorina_sericea";2;1;1;1.11111111111111;0.111111111111111;1;0.0179495013328497;0.00600423886619489;0;0.00320169869794725;0.00600427538900785;0;2
"Aggr";90;"Lasiocampa.trifolii";2;1;1;2;1;1;0.0759715739968396;7.18716135030183e-17;0;8.14169100456195e-18;1.58581400826606e-06;0;2
"Aggr";91;"Lasioglossum";2;1;1;1.1;0.1;1;0.0165963086299993;0.0038518502519216;0;0.00240580729170321;0.00385189348695349;0;2
"Aggr";92;"Mordellidae";14;7;7;5.8010101010101;2.8010101010101;3;0.183545309956067;0.164765722744857;0;0.0370853909926331;0.164767821117459;0;4
"Aggr";93;"Muscidae";10;5;5;2.68803418803419;1.68803418803419;1;0.118578933852835;0.0278597053896154;0;0.011907513492372;0.0278612318689078;0;6
"Aggr";94;"Oedemeridae";4;2;2;2.375;1.375;1;0.0718780381182179;0.0235104028105109;0;0.00643631576543541;0.0235115944932738;0;2
"Aggr";95;"Psilothrix_viridicoerulea";78;39;39;27.0364219114219;24.0364219114219;3;0.945191965164426;0.793375326153636;0;1;0.793388133310971;0;6
"Aggr";96;"Small.bee.1.16.6";2;1;1;1.83333333333333;0.833333333333333;1;0.0701980918485202;0.000608177852196808;0;5.99026811092353e-05;0.00061011854393282;0;2
"Aggr";97;"Small.bee.1.8.6";8;4;4;4.66666666666667;2.66666666666667;2;0.0843598326945899;0.00409117836665635;0;0.00844383223942778;0.00409523399876001;0;2
"Aggr";98;"Small.fly_green";2;1;1;2;1;1;0.0759715739968396;8.3672958602232e-17;0;8.14169100456195e-18;1.58581400826606e-06;0;2
"Aggr";99;"Sphaerophoria";6;3;3;1.63181818181818;0.631818181818182;1;0.0581767921553591;0.0271133323919316;0;0.00958787747357955;0.027114059408062;0;4
"Aggr";100;"Sphaerophoria_scripta";6;3;3;1.5;0.5;1;0.0306934617236865;0.0149529283504183;0;0.0128235995139445;0.0149531381317137;0;4
"Aggr";101;"Syrphidae";4;2;2;1.41666666666667;0.416666666666667;1;0.099014254331227;0.103531934845474;0;0.00662416382485949;0.103530271649687;0;4
"Aggr";102;"Tachinidae";2;1;1;1.11111111111111;0.111111111111111;1;0.0193754028972139;0.00231875874869908;0;0.00193340709589422;0.00231900709504077;0;2
"Aggr";103;"Ulidiidae";12;6;6;3.40213675213675;2.40213675213675;1;0.0857258248046977;0.0199200320870986;0;0.0275395843814958;0.019922090484726;0;4
