"Layer";"Node";"Label";"Degree";"DegreeIn";"DegreeOut";"Strength";"StrengthIn";"StrengthOut";"PageRank";"Eigenvector";"Hub";"Authority";"Katz";"Multiplexity";"Kcore"
"1";1;"A1 CHFU";0;0;0;0;0;0;0.15;2.77547034813345e-17;1.69002586497091e-17;1.7118446324978e-17;0;0;0
"1";2;"A1 LEMA";0;0;0;0;0;0;0.15;2.77547034813345e-17;1.69002586497091e-17;0;0;0;0
"1";3;"A2 CHFU";0;0;0;0;0;0;0.15;2.77547034813345e-17;0;0;0;0;0
"1";4;"A2 PUPA";0;0;0;0;0;0;0.15;2.77547034813345e-17;0;0;0;0;0
"1";5;"A3 CHFU";0;0;0;0;0;0;0.15;2.77547034813345e-17;1.69002586497091e-17;0;0;0;0
"1";6;"A3 PUPA";0;0;0;0;0;0;0.15;2.77547034813345e-17;0;0;0;0;0
"1";7;"A4 CHFU";0;0;0;0;0;0;0.15;2.77547034813345e-17;1.69002586497091e-17;0;0;0;0
"1";8;"A5 CHFU";0;0;0;0;0;0;0.15;2.77547034813345e-17;0;0;0;0;0
"1";9;"A5 LEMA";0;0;0;0;0;0;0.15;2.77547034813345e-17;0;0;0;0;0
"1";10;"A5 SCLA";0;0;0;0;0;0;0.15;2.77547034813345e-17;0;0;0;0;0
"1";11;"A6 CHFU";0;0;0;0;0;0;0.15;2.77547034813345e-17;0;0;0;0;0
"1";12;"A6 LEMA";0;0;0;0;0;0;0.15;2.77547034813345e-17;0;1.7118446324978e-17;0;0;0
"1";13;"A6 SCLA";0;0;0;0;0;0;0.15;2.77547034813345e-17;3.38005172994182e-17;0;0;0;0
"1";14;"B1 CHFU";0;0;0;0;0;0;0.15;2.77547034813345e-17;0;1.7118446324978e-17;0;0;0
"1";15;"B2 CHFU";0;0;0;0;0;0;0.15;2.77547034813345e-17;0;0;0;0;0
"1";16;"B2 LEMA";0;0;0;0;0;0;0.15;2.77547034813345e-17;1.69002586497091e-17;1.7118446324978e-17;0;0;0
"1";17;"B2 PUPA";0;0;0;0;0;0;0.15;2.77547034813345e-17;0;0;0;0;0
"1";18;"B3 LEMA";0;0;0;0;0;0;0.15;2.77547034813345e-17;0;0;0;0;0
"1";19;"B4 CHFU";0;0;0;0;0;0;0.15;2.77547034813345e-17;0;0;0;0;0
"1";20;"B4 LEMA";0;0;0;0;0;0;0.15;2.77547034813345e-17;0;1.7118446324978e-17;0;0;0
"1";21;"B4 MESU";0;0;0;0;0;0;0.15;2.77547034813345e-17;0;1.7118446324978e-17;0;0;0
"1";22;"B4 PUPA";0;0;0;0;0;0;0.15;2.77547034813345e-17;1.69002586497091e-17;1.7118446324978e-17;0;0;0
"1";23;"B5 CHFU";0;0;0;0;0;0;0.15;2.77547034813345e-17;0;1.7118446324978e-17;0;0;0
"1";24;"B5 LEMA";0;0;0;0;0;0;0.15;2.77547034813345e-17;0;0;0;0;0
"1";25;"B5 PUPA";0;0;0;0;0;0;0.15;2.77547034813345e-17;0;0;0;0;0
"1";26;"B6 CHFU";0;0;0;0;0;0;0.15;2.77547034813345e-17;0;0;0;0;0
"1";27;"B6 LEMA";0;0;0;0;0;0;0.15;2.77547034813345e-17;0;1.7118446324978e-17;0;0;0
"1";28;"B6 PUPA";0;0;0;0;0;0;0.15;2.77547034813345e-17;0;0;0;0;0
"1";29;"C1 CHFU";0;0;0;0;0;0;0.15;2.77547034813345e-17;0;0;0;0;0
"1";30;"C1 LEMA";0;0;0;0;0;0;0.15;2.77547034813345e-17;1.69002586497091e-17;0;0;0;0
"1";31;"C1 MESU";0;0;0;0;0;0;0.15;2.77547034813345e-17;0;0;0;0;0
"1";32;"C1 SCLA";0;0;0;0;0;0;0.15;2.77547034813345e-17;0;0;0;0;0
"1";33;"C2 CHFU";0;0;0;0;0;0;0.15;2.77547034813345e-17;0;0;0;0;0
"1";34;"C2 LEMA";0;0;0;0;0;0;0.15;2.77547034813345e-17;0;0;0;0;0
"1";35;"C3 CHFU";0;0;0;0;0;0;0.15;2.77547034813345e-17;0;0;0;0;0
"1";36;"C3 LEMA";0;0;0;0;0;0;0.15;2.77547034813345e-17;1.69002586497091e-17;0;0;0;0
"1";37;"C4 CHFU";0;0;0;0;0;0;0.15;2.77547034813345e-17;0;1.7118446324978e-17;0;0;0
"1";38;"C4 LEMA";0;0;0;0;0;0;0.15;2.77547034813345e-17;0;1.7118446324978e-17;0;0;0
"1";39;"C5 CHFU";0;0;0;0;0;0;0.15;2.77547034813345e-17;0;0;0;0;0
"1";40;"C5 LEMA";0;0;0;0;0;0;0.15;2.77547034813345e-17;0;1.7118446324978e-17;0;0;0
"1";41;"C6 CHFU";0;0;0;0;0;0;0.15;2.77547034813345e-17;0;0;0;0;0
"1";42;"C6 LEMA";0;0;0;0;0;0;0.15;2.77547034813345e-17;0;0;0;0;0
"1";43;"C6 SCLA";0;0;0;0;0;0;0.15;2.77547034813345e-17;0;0;0;0;0
"1";44;"D1 CHFU";0;0;0;0;0;0;0.15;2.77547034813345e-17;1.69002586497091e-17;1.7118446324978e-17;0;0;0
"1";45;"D1 LEMA";0;0;0;0;0;0;0.15;2.77547034813345e-17;0;0;0;0;0
"1";46;"D2 CHFU";0;0;0;0;0;0;0.15;2.77547034813345e-17;0;0;0;0;0
"1";47;"D2 LEMA";0;0;0;0;0;0;0.15;2.77547034813345e-17;0;0;0;0;0
"1";48;"D2 PUPA";0;0;0;0;0;0;0.15;2.77547034813345e-17;0;1.7118446324978e-17;0;0;0
"1";49;"D3 CHFU";0;0;0;0;0;0;0.15;2.77547034813345e-17;0;1.7118446324978e-17;0;0;0
"1";50;"D4 CHFU";0;0;0;0;0;0;0.15;2.77547034813345e-17;0;1.7118446324978e-17;0;0;0
"1";51;"D4 LEMA";0;0;0;0;0;0;0.15;2.77547034813345e-17;0;0;0;0;0
"1";52;"D4 PUPA";0;0;0;0;0;0;0.15;2.77547034813345e-17;0;1.7118446324978e-17;0;0;0
"1";53;"D5 CHFU";0;0;0;0;0;0;0.15;2.77547034813345e-17;0;0;0;0;0
"1";54;"D5 LEMA";0;0;0;0;0;0;0.15;2.77547034813345e-17;0;0;0;0;0
"1";55;"D5 PUPA";0;0;0;0;0;0;0.15;2.77547034813345e-17;0;0;0;0;0
"1";56;"D6 LEMA";0;0;0;0;0;0;0.15;2.77547034813345e-17;0;0;0;0;0
"1";57;"D6 PUPA";0;0;0;0;0;0;0.15;2.77547034813345e-17;0;1.7118446324978e-17;0;0;0
"1";58;"E1 CHFU";0;0;0;0;0;0;0.15;2.77547034813345e-17;5.07007759491272e-17;1.7118446324978e-17;0;0;0
"1";59;"E1 LEMA";0;0;0;0;0;0;0.15;2.77547034813345e-17;0;0;0;0;0
"1";60;"E1 PUPA";0;0;0;0;0;0;0.15;2.77547034813345e-17;3.38005172994182e-17;1.7118446324978e-17;0;0;0
"1";61;"E2 PUPA";0;0;0;0;0;0;0.15;2.77547034813345e-17;0;1.7118446324978e-17;0;0;0
"1";62;"E3 BEMA";2;1;1;2;1;1;1;0.999937155113663;1;0;1;0;2
"1";63;"E3 CHFU";0;0;0;0;0;0;0.15;2.77547034813345e-17;0;0;0;0;0
"1";64;"E3 LEMA";0;0;0;0;0;0;0.15;2.77547034813345e-17;0;0;0;0;0
"1";65;"E3 PUPA";0;0;0;0;0;0;0.15;2.77547034813345e-17;0;1.7118446324978e-17;0;0;0
"1";66;"E4 LEMA";0;0;0;0;0;0;0.15;2.77547034813345e-17;0;0;0;0;0
"1";67;"E5 LEMA";0;0;0;0;0;0;0.15;2.77547034813345e-17;0;0;0;0;0
"1";68;"E5 PUPA";0;0;0;0;0;0;0.15;2.77547034813345e-17;0;0;0;0;0
"1";69;"F1 CHFU";0;0;0;0;0;0;0.15;2.77547034813345e-17;0;0;0;0;0
"1";70;"F1 LEMA";0;0;0;0;0;0;0.15;2.77547034813345e-17;0;0;0;0;0
"1";71;"F1 PUPA";0;0;0;0;0;0;0.15;2.77547034813345e-17;0;0;0;0;0
"1";72;"F2 CHFU";0;0;0;0;0;0;0.15;2.77547034813345e-17;0;0;0;0;0
"1";73;"F2 LEMA";0;0;0;0;0;0;0.15;2.77547034813345e-17;0;3.4236892649956e-17;0;0;0
"1";74;"F3 CHFU";0;0;0;0;0;0;0.15;2.77547034813345e-17;0;3.4236892649956e-17;0;0;0
"1";75;"F3 LEMA";0;0;0;0;0;0;0.15;2.77547034813345e-17;0;0;0;0;0
"1";76;"F4 CHFU";0;0;0;0;0;0;0.15;2.77547034813345e-17;1.69002586497091e-17;0;0;0;0
"1";77;"F4 LEMA";0;0;0;0;0;0;0.15;2.77547034813345e-17;0;1.7118446324978e-17;0;0;0
"1";78;"F5 BEMA";2;1;1;2;1;1;1;1;0;1;1;0;2
"1";79;"F5 CHFU";0;0;0;0;0;0;0.15;2.77547034813345e-17;3.38005172994182e-17;1.7118446324978e-17;0;0;0
"1";80;"F5 LEMA";0;0;0;0;0;0;0.15;2.77547034813345e-17;0;0;0;0;0
"1";81;"F5 MESU";0;0;0;0;0;0;0.15;2.77547034813345e-17;0;1.7118446324978e-17;0;0;0
"1";82;"F5 PUPA";0;0;0;0;0;0;0.15;2.77547034813345e-17;0;1.7118446324978e-17;0;0;0
"1";83;"F6 CHFU";0;0;0;0;0;0;0.15;2.77547034813345e-17;0;1.7118446324978e-17;0;0;0
"1";84;"F6 LEMA";0;0;0;0;0;0;0.15;2.77547034813345e-17;0;1.7118446324978e-17;0;0;0
"1";85;"F6 MESU";0;0;0;0;0;0;0.15;2.77547034813345e-17;0;0;0;0;0
"1";86;"F6 PUPA";0;0;0;0;0;0;0.15;2.77547034813345e-17;0;0;0;0;0
"1";87;"Andrena";0;0;0;0;0;0;0.15;2.77547034813345e-17;0;0;0;0;0
"1";88;"Andrena_2_10_3";0;0;0;0;0;0;0.15;2.77547034813345e-17;0;0;0;0;0
"1";89;"bee_1.1.2006";0;0;0;0;0;0;0.15;2.77547034813345e-17;1.69002586497091e-17;1.7118446324978e-17;0;0;0
"1";90;"Bee_4.19.5";0;0;0;0;0;0;0.15;2.77547034813345e-17;1.69002586497091e-17;0;0;0;0
"1";91;"Black_small_fly";0;0;0;0;0;0;0.15;2.77547034813345e-17;0;1.7118446324978e-17;0;0;0
"1";92;"Bombylidae";0;0;0;0;0;0;0.15;2.77547034813345e-17;0;1.7118446324978e-17;0;0;0
"1";93;"Brassicogethes";0;0;0;0;0;0;0.15;2.77547034813345e-17;0;0;0;0;0
"1";94;"Cryptocephalus";0;0;0;0;0;0;0.15;2.77547034813345e-17;0;0;0;0;0
"1";95;"Dilophus";0;0;0;0;0;0;0.15;2.77547034813345e-17;0;1.7118446324978e-17;0;0;0
"1";96;"Episyrphus_balteatus";0;0;0;0;0;0;0.15;2.77547034813345e-17;0;0;0;0;0
"1";97;"Eupeodes_corollae";0;0;0;0;0;0;0.15;2.77547034813345e-17;0;1.7118446324978e-17;0;0;0
"1";98;"Fly_5_10_3";0;0;0;0;0;0;0.15;2.77547034813345e-17;0;0;0;0;0
"1";99;"Lasiocampa.trifolii";0;0;0;0;0;0;0.15;2.77547034813345e-17;0;0;0;0;0
"1";100;"Lasioglossum";0;0;0;0;0;0;0.15;2.77547034813345e-17;0;0;0;0;0
"1";101;"Lomatia_sp.";2;1;1;2;1;1;1;0.999937155113662;0;0;1;0;2
"1";102;"Malachius_bipustulatus";0;0;0;0;0;0;0.15;2.77547034813345e-17;0;0;0;0;0
"1";103;"Melyridae";0;0;0;0;0;0;0.15;2.77547034813345e-17;0;0;0;0;0
"1";104;"Musca";0;0;0;0;0;0;0.15;2.77547034813345e-17;0;0;0;0;0
"1";105;"Muscidae";0;0;0;0;0;0;0.15;2.77547034813345e-17;0;1.7118446324978e-17;0;0;0
"1";106;"Psilothrix_viridicoerulea";0;0;0;0;0;0;0.15;2.77547034813345e-17;0;0;0;0;0
"1";107;"Sarcophaga";0;0;0;0;0;0;0.15;2.77547034813345e-17;0;0;0;0;0
"1";108;"Small.bee.1.16.6";0;0;0;0;0;0;0.15;2.77547034813345e-17;0;0;0;0;0
"1";109;"Sphaerophoria_scripta";2;1;1;2;1;1;1;1;0;0;1;0;2
"1";110;"Syrphidae";0;0;0;0;0;0;0.15;2.77547034813345e-17;0;0;0;0;0
"1";111;"Tabanidae";0;0;0;0;0;0;0.15;2.77547034813345e-17;0;1.7118446324978e-17;0;0;0
"1";112;"Tachinidae";0;0;0;0;0;0;0.15;2.77547034813345e-17;0;0;0;0;0
"1";113;"Ulidiidae";0;0;0;0;0;0;0.15;2.77547034813345e-17;0;1.7118446324978e-17;0;0;0
"1";114;"Vanessa_cardui";0;0;0;0;0;0;0.15;2.77547034813345e-17;0;0;0;0;0
"1";115;"X2_28_5";0;0;0;0;0;0;0.15;2.77547034813345e-17;0;1.7118446324978e-17;0;0;0
"2";1;"A1 CHFU";2;1;1;1.04651162790698;0.0465116279069767;1;0.0552495697021155;0.0465116279069768;1;0;0.0465112065980367;0;2
"2";2;"A1 LEMA";0;0;0;0;0;0;0.0157146859811853;0;0;0;0;0;0
"2";3;"A2 CHFU";6;3;3;2.10206718346253;1.10206718346253;1;0.106294001990301;0.0930232558139535;0.543184134606213;0;0.0930230887792298;0;4
"2";4;"A2 PUPA";0;0;0;0;0;0;0.0157146859811853;0;0;0;0;0;0
"2";5;"A3 CHFU";2;1;1;1.09302325581395;0.0930232558139535;1;0.0947844534230457;0.0930232558139534;1;0;0.0930224131960734;0;2
"2";6;"A3 PUPA";0;0;0;0;0;0;0.0157146859811853;0;0;0;0;0;0
"2";7;"A4 CHFU";4;2;2;1.18992248062016;0.189922480620155;1;0.0909449131256909;0.0930232558139535;0.371555162134514;0;0.0930217966378805;0;4
"2";8;"A5 CHFU";4;2;2;2.04651162790698;1.04651162790698;1;0.0903715294658042;0.0697674418604651;0.672534311375685;0;0.0697679959314554;0;2
"2";9;"A5 LEMA";0;0;0;0;0;0;0.0157146859811853;0;0;0;0;0;0
"2";10;"A5 SCLA";0;0;0;0;0;0;0.0157146859811853;0;0;0;0;0;0
"2";11;"A6 CHFU";6;3;3;2.10206718346253;1.10206718346253;1;0.106294001990301;0.0930232558139534;0.543184134606213;0;0.0930230887792297;0;4
"2";12;"A6 LEMA";0;0;0;0;0;0;0.0157146859811853;0;0;0;0;0;0
"2";13;"A6 SCLA";0;0;0;0;0;0;0.0157146859811853;0;0;0;0;0;0
"2";14;"B1 CHFU";2;1;1;1.04651162790698;0.0465116279069767;1;0.0552495697021155;0.0465116279069768;1;0;0.0465112065980367;0;2
"2";15;"B2 CHFU";2;1;1;1.02325581395349;0.0232558139534884;1;0.0354821278416504;0.0232558139534884;1;0;0.0232556032990183;0;2
"2";16;"B2 LEMA";0;0;0;0;0;0;0.0157146859811853;0;0;0;0;0;0
"2";17;"B2 PUPA";0;0;0;0;0;0;0.0157146859811853;0;0;0;0;0;0
"2";18;"B3 LEMA";0;0;0;0;0;0;0.0157146859811853;0;0;0;0;0;0
"2";19;"B4 CHFU";2;1;1;1.05555555555556;0.0555555555555556;1;0.0342022810758654;0.0232558139534884;0.162073549512686;0;0.0232553977796207;0;2
"2";20;"B4 LEMA";0;0;0;0;0;0;0.0157146859811853;0;0;0;0;0;0
"2";21;"B4 MESU";0;0;0;0;0;0;0.0157146859811853;0;0;0;0;0;0
"2";22;"B4 PUPA";0;0;0;0;0;0;0.0157146859811853;0;0;0;0;0;0
"2";23;"B5 CHFU";2;1;1;1.02325581395349;0.0232558139534884;1;0.0354821278416504;0.0232558139534884;1;0;0.0232556032990183;0;2
"2";24;"B5 LEMA";0;0;0;0;0;0;0.0157146859811853;0;0;0;0;0;0
"2";25;"B5 PUPA";0;0;0;0;0;0;0.0157146859811853;0;0;0;0;0;0
"2";26;"B6 CHFU";4;2;2;1.12325581395349;0.123255813953488;1;0.0593892271273978;0.0465116279069767;0.576861468245592;0;0.046511614186933;0;4
"2";27;"B6 LEMA";0;0;0;0;0;0;0.0157146859811853;0;0;0;0;0;0
"2";28;"B6 PUPA";0;0;0;0;0;0;0.0157146859811853;0;0;0;0;0;0
"2";29;"C1 CHFU";2;1;1;1.09302325581395;0.0930232558139535;1;0.0947844534230457;0.0930232558139535;1;0;0.0930224131960734;0;2
"2";30;"C1 LEMA";0;0;0;0;0;0;0.0157146859811853;0;0;0;0;0;0
"2";31;"C1 MESU";0;0;0;0;0;0;0.0157146859811853;0;0;0;0;0;0
"2";32;"C1 SCLA";0;0;0;0;0;0;0.0157146859811853;0;0;0;0;0;0
"2";33;"C2 CHFU";4;2;2;1.18087855297158;0.180878552971576;1;0.111992201751941;0.116279069767442;0.664829419805074;0;0.116277605456296;0;4
"2";34;"C2 LEMA";0;0;0;0;0;0;0.0157146859811853;0;0;0;0;0;0
"2";35;"C3 CHFU";6;3;3;2.14651162790698;1.14651162790698;1;0.112908194748278;0.0930232558139534;0.541086185390499;0;0.0930239062515052;0;4
"2";36;"C3 LEMA";0;0;0;0;0;0;0.0157146859811853;0;0;0;0;0;0
"2";37;"C4 CHFU";4;2;2;1.35;0.35;1;0.0614338438303336;0.0465116279069767;0.0860218872970907;0;0.0465117786151182;0;4
"2";38;"C4 LEMA";0;0;0;0;0;0;0.0157146859811853;0;0;0;0;0;0
"2";39;"C5 CHFU";4;2;2;1.14651162790698;0.146511627906977;1;0.0791566689878629;0.0697674418604651;0.717907645497062;0;0.0697672174859513;0;4
"2";40;"C5 LEMA";0;0;0;0;0;0;0.0157146859811853;0;0;0;0;0;0
"2";41;"C6 CHFU";6;3;3;2.84302325581395;1.84302325581395;1;0.190810703892552;0.186046511627907;0.507492961319667;0;0.186046069547054;0;4
"2";42;"C6 LEMA";0;0;0;0;0;0;0.0157146859811853;0;0;0;0;0;0
"2";43;"C6 SCLA";0;0;0;0;0;0;0.0157146859811853;0;0;0;0;0;0
"2";44;"D1 CHFU";4;2;2;2.04651162790698;1.04651162790698;1;0.0903715294658042;0.0697674418604651;0.672534311375685;0;0.0697679959314554;0;2
"2";45;"D1 LEMA";0;0;0;0;0;0;0.0157146859811853;0;0;0;0;0;0
"2";46;"D2 CHFU";2;1;1;1.1;0.1;1;0.0396217852669327;0.0232558139534884;0.153722936491185;0;0.0232560108879146;0;2
"2";47;"D2 LEMA";0;0;0;0;0;0;0.0157146859811853;0;0;0;0;0;0
"2";48;"D2 PUPA";0;0;0;0;0;0;0.0157146859811853;0;0;0;0;0;0
"2";49;"D3 CHFU";4;2;2;1.12325581395349;0.123255813953488;1;0.0593892271273978;0.0465116279069768;0.576861468245592;0;0.046511614186933;0;4
"2";50;"D4 CHFU";2;1;1;1.02325581395349;0.0232558139534884;1;0.0354821278416504;0.0232558139534884;1;0;0.0232556032990183;0;2
"2";51;"D4 LEMA";0;0;0;0;0;0;0.0157146859811853;0;0;0;0;0;0
"2";52;"D4 PUPA";0;0;0;0;0;0;0.0157146859811853;0;0;0;0;0;0
"2";53;"D5 CHFU";4;2;2;1.12325581395349;0.123255813953488;1;0.0593892271273978;0.0465116279069768;0.576861468245592;0;0.046511614186933;0;4
"2";54;"D5 LEMA";0;0;0;0;0;0;0.0157146859811853;0;0;0;0;0;0
"2";55;"D5 PUPA";0;0;0;0;0;0;0.0157146859811853;0;0;0;0;0;0
"2";56;"D6 LEMA";0;0;0;0;0;0;0.0157146859811853;0;0;0;0;0;0
"2";57;"D6 PUPA";0;0;0;0;0;0;0.0157146859811853;0;0;0;0;0;0
"2";58;"E1 CHFU";4;2;2;1.07881136950904;0.0788113695090439;1;0.0539697229363306;0.0465116279069768;0.581036774756343;0;0.046511001078639;0;4
"2";59;"E1 LEMA";0;0;0;0;0;0;0.0157146859811853;0;0;0;0;0;0
"2";60;"E1 PUPA";0;0;0;0;0;0;0.0157146859811853;0;0;0;0;0;0
"2";61;"E2 PUPA";0;0;0;0;0;0;0.0157146859811853;0;0;0;0;0;0
"2";62;"E3 BEMA";0;0;0;0;0;0;0.0157146859811853;0;0;0;0;0;0
"2";63;"E3 CHFU";4;2;2;1.12325581395349;0.123255813953488;1;0.0593892271273978;0.0465116279069768;0.576861468245592;0;0.046511614186933;0;4
"2";64;"E3 LEMA";0;0;0;0;0;0;0.0157146859811853;0;0;0;0;0;0
"2";65;"E3 PUPA";0;0;0;0;0;0;0.0157146859811853;0;0;0;0;0;0
"2";66;"E4 LEMA";0;0;0;0;0;0;0.0157146859811853;0;0;0;0;0;0
"2";67;"E5 LEMA";0;0;0;0;0;0;0.0157146859811853;0;0;0;0;0;0
"2";68;"E5 PUPA";0;0;0;0;0;0;0.0157146859811853;0;0;0;0;0;0
"2";69;"F1 CHFU";2;1;1;1.16666666666667;0.166666666666667;1;0.0711774712652258;0.0697674418604651;0.162073549512686;0;0.0697661933388622;0;2
"2";70;"F1 LEMA";0;0;0;0;0;0;0.0157146859811853;0;0;0;0;0;0
"2";71;"F1 PUPA";0;0;0;0;0;0;0.0157146859811853;0;0;0;0;0;0
"2";72;"F2 CHFU";4;2;2;1.07881136950904;0.0788113695090439;1;0.0539697229363306;0.0465116279069768;0.581036774756343;0;0.046511001078639;0;4
"2";73;"F2 LEMA";0;0;0;0;0;0;0.0157146859811853;0;0;0;0;0;0
"2";74;"F3 CHFU";4;2;2;1.24547803617571;0.245478036175711;1;0.109432508220371;0.116279069767442;0.329658839610149;0;0.116277194417501;0;4
"2";75;"F3 LEMA";0;0;0;0;0;0;0.0157146859811853;0;0;0;0;0;0
"2";76;"F4 CHFU";4;2;2;1.15555555555556;0.155555555555556;1;0.0581093803616128;0.0465116279069768;0.157898243001935;0;0.0465114086675354;0;4
"2";77;"F4 LEMA";0;0;0;0;0;0;0.0157146859811853;0;0;0;0;0;0
"2";78;"F5 BEMA";0;0;0;0;0;0;0.0157146859811853;0;0;0;0;0;0
"2";79;"F5 CHFU";2;1;1;1.02325581395349;0.0232558139534884;1;0.0354821278416504;0.0232558139534884;1;0;0.0232556032990183;0;2
"2";80;"F5 LEMA";0;0;0;0;0;0;0.0157146859811853;0;0;0;0;0;0
"2";81;"F5 MESU";0;0;0;0;0;0;0.0157146859811853;0;0;0;0;0;0
"2";82;"F5 PUPA";0;0;0;0;0;0;0.0157146859811853;0;0;0;0;0;0
"2";83;"F6 CHFU";2;1;1;1.1;0.1;1;0.0396217852669327;0.0232558139534884;0.153722936491185;0;0.0232560108879146;0;2
"2";84;"F6 LEMA";0;0;0;0;0;0;0.0157146859811853;0;0;0;0;0;0
"2";85;"F6 MESU";0;0;0;0;0;0;0.0157146859811853;0;0;0;0;0;0
"2";86;"F6 PUPA";0;0;0;0;0;0;0.0157146859811853;0;0;0;0;0;0
"2";87;"Andrena";2;1;1;1.25;0.25;1;0.0383021614041243;0.0232558139534884;0;0.0106629889121673;0.023255775101533;0;2
"2";88;"Andrena_2_10_3";0;0;0;0;0;0;0.0157146859811853;0;0;0;0;0;0
"2";89;"bee_1.1.2006";0;0;0;0;0;0;0.0157146859811853;0;0;0;0;0;0
"2";90;"Bee_4.19.5";0;0;0;0;0;0;0.0157146859811853;0;0;0;0;0;0
"2";91;"Black_small_fly";20;10;10;6.95;5.95;1;0.391502013769698;0.418604651162791;0;0.162073549512685;0.418600404179425;0;4
"2";92;"Bombylidae";0;0;0;0;0;0;0.0157146859811853;0;0;0;0;0;0
"2";93;"Brassicogethes";0;0;0;0;0;0;0.0157146859811853;0;0;0;0;0;0
"2";94;"Cryptocephalus";0;0;0;0;0;0;0.0157146859811853;0;0;0;0;0;0
"2";95;"Dilophus";2;1;1;1.125;0.125;1;0.035988323269769;0.0232558139534884;2.53887260667838e-17;0.00498117624834308;0.0232556438680186;0;2
"2";96;"Episyrphus_balteatus";0;0;0;0;0;0;0.0157146859811853;0;0;0;0;0;0
"2";97;"Eupeodes_corollae";2;1;1;1.33333333333333;0.333333333333333;1;0.0413199526631631;0.0232558139534884;2.53887260667838e-17;0.0176029341270552;0.0232560800364288;0;2
"2";98;"Fly_5_10_3";2;1;1;1.25;0.25;1;0.0397076773651944;0.0232558139534884;5.07774521335676e-17;0.0106218050708136;0.0232559794675582;0;2
"2";99;"Lasiocampa.trifolii";0;0;0;0;0;0;0.0157146859811853;0;0;0;0;0;0
"2";100;"Lasioglossum";0;0;0;0;0;0;0.0157146859811853;0;0;0;0;0;0
"2";101;"Lomatia_sp.";0;0;0;0;0;0;0.0157146859811853;0;0;0;0;0;0
"2";102;"Malachius_bipustulatus";0;0;0;0;0;0;0.0157146859811853;0;0;0;0;0;0
"2";103;"Melyridae";0;0;0;0;0;0;0.0157146859811853;0;0;0;0;0;0
"2";104;"Musca";2;1;1;1.33333333333333;0.333333333333333;1;0.0413199526631631;0.0232558139534884;2.53887260667838e-17;0.0176029341270552;0.0232560800364288;0;2
"2";105;"Muscidae";20;10;10;6.58333333333333;5.58333333333333;1;0.281259991597028;0.232558139534884;0;0.153722936491184;0.232561492636283;0;4
"2";106;"Psilothrix_viridicoerulea";4;2;2;1.875;0.875;1;0.102644981474828;0.0930232558139534;0;0.018320838102997;0.0930230592816171;0;4
"2";107;"Sarcophaga";0;0;0;0;0;0;0.0157146859811853;0;0;0;0;0;0
"2";108;"Small.bee.1.16.6";0;0;0;0;0;0;0.0157146859811853;0;0;0;0;0;0
"2";109;"Sphaerophoria_scripta";0;0;0;0;0;0;0.0157146859811853;0;0;0;0;0;0
"2";110;"Syrphidae";2;1;1;1.25;0.25;1;0.0383021614041243;0.0232558139534884;0;0.0106629889121673;0.023255775101533;0;2
"2";111;"Tabanidae";0;0;0;0;0;0;0.0157146859811853;0;0;0;0;0;0
"2";112;"Tachinidae";0;0;0;0;0;0;0.0157146859811853;0;0;0;0;0;0
"2";113;"Ulidiidae";48;24;24;17.05;16.05;1;1;1;0;1;1;0;4
"2";114;"Vanessa_cardui";0;0;0;0;0;0;0.0157146859811853;0;0;0;0;0;0
"2";115;"X2_28_5";0;0;0;0;0;0;0.0157146859811853;0;0;0;0;0;0
"3";1;"A1 CHFU";0;0;0;0;0;0;0.0159482840051522;1.58424964581121e-17;2.59594967834708e-17;0;0;0;0
"3";2;"A1 LEMA";2;1;1;1.01960784313725;0.0196078431372549;1;0.0326149506718189;0.0196078431372549;1;0;0.0196076652337185;0;2
"3";3;"A2 CHFU";0;0;0;0;0;0;0.0159482840051522;1.58424964581121e-17;2.59594967834708e-17;0;0;0;0
"3";4;"A2 PUPA";0;0;0;0;0;0;0.0159482840051522;1.58424964581121e-17;2.59594967834708e-17;0;0;0;0
"3";5;"A3 CHFU";0;0;0;0;0;0;0.0159482840051522;1.58424964581121e-17;2.59594967834708e-17;0;0;0;0
"3";6;"A3 PUPA";0;0;0;0;0;0;0.0159482840051522;1.58424964581121e-17;2.59594967834708e-17;0;0;0;0
"3";7;"A4 CHFU";0;0;0;0;0;0;0.0159482840051522;1.58424964581121e-17;2.59594967834708e-17;0;0;0;0
"3";8;"A5 CHFU";0;0;0;0;0;0;0.0159482840051522;1.58424964581121e-17;2.59594967834708e-17;0;0;0;0
"3";9;"A5 LEMA";2;1;1;1.03921568627451;0.0392156862745098;1;0.0492816173384855;0.0392156862745098;1;0;0.039215330467437;0;2
"3";10;"A5 SCLA";0;0;0;0;0;0;0.0159482840051522;1.58424964581121e-17;2.59594967834708e-17;0;0;0;0
"3";11;"A6 CHFU";0;0;0;0;0;0;0.0159482840051522;1.58424964581121e-17;2.59594967834708e-17;0;0;0;0
"3";12;"A6 LEMA";2;1;1;1.01960784313725;0.0196078431372549;1;0.0326149506718189;0.0196078431372549;1;0;0.0196076652337185;0;2
"3";13;"A6 SCLA";0;0;0;0;0;0;0.0159482840051522;1.58424964581121e-17;2.59594967834708e-17;0;0;0;0
"3";14;"B1 CHFU";0;0;0;0;0;0;0.0159482840051522;1.58424964581121e-17;2.59594967834708e-17;0;0;0;0
"3";15;"B2 CHFU";0;0;0;0;0;0;0.0159482840051522;1.58424964581121e-17;2.59594967834708e-17;0;0;0;0
"3";16;"B2 LEMA";4;2;2;1.17647058823529;0.176470588235294;1;0.100769567454315;0.0980392156862744;0.652416428529292;0;0.0980383947072475;0;4
"3";17;"B2 PUPA";0;0;0;0;0;0;0.0159482840051522;1.58424964581121e-17;2.59594967834708e-17;0;0;0;0
"3";18;"B3 LEMA";2;1;1;1.11764705882353;0.117647058823529;1;0.050769567454315;0.0392156862745098;0.131041071323231;0;0.039215399006092;0;2
"3";19;"B4 CHFU";0;0;0;0;0;0;0.0159482840051522;1.58424964581121e-17;2.59594967834708e-17;0;0;0;0
"3";20;"B4 LEMA";2;1;1;1.07843137254902;0.0784313725490196;1;0.0826149506718189;0.0784313725490197;1;0;0.078430660934874;0;2
"3";21;"B4 MESU";0;0;0;0;0;0;0.0159482840051522;1.58424964581121e-17;2.59594967834708e-17;0;0;0;0
"3";22;"B4 PUPA";0;0;0;0;0;0;0.0159482840051522;1.58424964581121e-17;2.59594967834708e-17;0;0;0;0
"3";23;"B5 CHFU";0;0;0;0;0;0;0.0159482840051522;1.58424964581121e-17;2.59594967834708e-17;0;0;0;0
"3";24;"B5 LEMA";4;2;2;2.03921568627451;1.03921568627451;1;0.0827718885745751;0.0588235294117647;0.672102388534749;0;0.0588242612961299;0;2
"3";25;"B5 PUPA";0;0;0;0;0;0;0.0159482840051522;1.58424964581121e-17;2.59594967834708e-17;0;0;0;0
"3";26;"B6 CHFU";0;0;0;0;0;0;0.0159482840051522;1.58424964581121e-17;2.59594967834708e-17;0;0;0;0
"3";27;"B6 LEMA";4;2;2;1.19607843137255;0.196078431372549;1;0.1500255923964;0.156862745098039;0.891380133915404;0;0.156861356139075;0;4
"3";28;"B6 PUPA";0;0;0;0;0;0;0.0159482840051522;1.58424964581121e-17;2.59594967834708e-17;0;0;0;0
"3";29;"C1 CHFU";0;0;0;0;0;0;0.0159482840051522;1.58424964581121e-17;2.59594967834708e-17;0;0;0;0
"3";30;"C1 LEMA";4;2;2;1.09803921568627;0.0980392156862745;1;0.0666922590630669;0.0588235294117647;0.71034702377441;0;0.058823029970483;0;4
"3";31;"C1 MESU";0;0;0;0;0;0;0.0159482840051522;1.58424964581121e-17;2.59594967834708e-17;0;0;0;0
"3";32;"C1 SCLA";0;0;0;0;0;0;0.0159482840051522;1.58424964581121e-17;2.59594967834708e-17;0;0;0;0
"3";33;"C2 CHFU";0;0;0;0;0;0;0.0159482840051522;1.58424964581121e-17;2.59594967834708e-17;0;0;0;0
"3";34;"C2 LEMA";2;1;1;1.01960784313725;0.0196078431372549;1;0.0326149506718189;0.0196078431372549;1;0;0.0196076652337185;0;2
"3";35;"C3 CHFU";0;0;0;0;0;0;0.0159482840051522;1.58424964581121e-17;2.59594967834708e-17;0;0;0;0
"3";36;"C3 LEMA";2;1;1;1.05882352941176;0.0588235294117647;1;0.0333589257297336;0.0196078431372549;0.131041071323231;0;0.019607699503046;0;2
"3";37;"C4 CHFU";0;0;0;0;0;0;0.0159482840051522;1.58424964581121e-17;2.59594967834708e-17;0;0;0;0
"3";38;"C4 LEMA";6;3;3;2.11764705882353;1.11764705882353;1;0.127659671307284;0.117647058823529;0.526095045659186;0;0.117646720179629;0;4
"3";39;"C5 CHFU";0;0;0;0;0;0;0.0159482840051522;1.58424964581121e-17;2.59594967834708e-17;0;0;0;0
"3";40;"C5 LEMA";4;2;2;1.09803921568627;0.0980392156862745;1;0.0666922590630669;0.0588235294117647;0.71034702377441;0;0.058823029970483;0;4
"3";41;"C6 CHFU";0;0;0;0;0;0;0.0159482840051522;1.58424964581121e-17;2.59594967834708e-17;0;0;0;0
"3";42;"C6 LEMA";2;1;1;1.01960784313725;0.0196078431372549;1;0.0326149506718189;0.0196078431372549;1;0;0.0196076652337185;0;2
"3";43;"C6 SCLA";0;0;0;0;0;0;0.0159482840051522;1.58424964581121e-17;2.59594967834708e-17;0;0;0;0
"3";44;"D1 CHFU";0;0;0;0;0;0;0.0159482840051522;1.58424964581121e-17;2.59594967834708e-17;0;0;0;0
"3";45;"D1 LEMA";8;4;4;3.26960784313725;2.26960784313725;1;0.202292634474078;0.215686274509804;0.0954050713653764;0;0.215685969120939;0;4
"3";46;"D2 CHFU";0;0;0;0;0;0;0.0159482840051522;1.58424964581121e-17;2.59594967834708e-17;0;0;0;0
"3";47;"D2 LEMA";4;2;2;2.01960784313725;1.01960784313725;1;0.0722833535439503;0.0392156862745099;0.509267232082554;0;0.0392173268744732;0;2
"3";48;"D2 PUPA";0;0;0;0;0;0;0.0159482840051522;1.58424964581121e-17;2.59594967834708e-17;0;0;0;0
"3";49;"D3 CHFU";0;0;0;0;0;0;0.0159482840051522;1.58424964581121e-17;2.59594967834708e-17;0;0;0;0
"3";50;"D4 CHFU";0;0;0;0;0;0;0.0159482840051522;1.58424964581121e-17;2.59594967834708e-17;0;0;0;0
"3";51;"D4 LEMA";2;1;1;1.03921568627451;0.0392156862745098;1;0.0492816173384855;0.0392156862745098;1;0;0.039215330467437;0;2
"3";52;"D4 PUPA";0;0;0;0;0;0;0.0159482840051522;1.58424964581121e-17;2.59594967834708e-17;0;0;0;0
"3";53;"D5 CHFU";0;0;0;0;0;0;0.0159482840051522;1.58424964581121e-17;2.59594967834708e-17;0;0;0;0
"3";54;"D5 LEMA";4;2;2;1.41960784313725;0.419607843137255;1;0.0696511417165916;0.0588235294117647;0.346537769772701;0;0.0588231492879838;0;4
"3";55;"D5 PUPA";0;0;0;0;0;0;0.0159482840051522;1.58424964581121e-17;2.59594967834708e-17;0;0;0;0
"3";56;"D6 LEMA";6;3;3;1.40686274509804;0.406862745098039;1;0.139675327723141;0.137254901960784;0.734208809732272;0;0.137254908355808;0;4
"3";57;"D6 PUPA";0;0;0;0;0;0;0.0159482840051522;1.58424964581121e-17;2.59594967834708e-17;0;0;0;0
"3";58;"E1 CHFU";0;0;0;0;0;0;0.0159482840051522;1.58424964581121e-17;2.59594967834708e-17;0;0;0;0
"3";59;"E1 LEMA";4;2;2;1.07843137254902;0.0784313725490196;1;0.0500255923964003;0.0392156862745098;0.565520535661616;0;0.0392153647367645;0;4
"3";60;"E1 PUPA";0;0;0;0;0;0;0.0159482840051522;1.58424964581121e-17;2.59594967834708e-17;0;0;0;0
"3";61;"E2 PUPA";0;0;0;0;0;0;0.0159482840051522;1.58424964581121e-17;2.59594967834708e-17;0;0;0;0
"3";62;"E3 BEMA";0;0;0;0;0;0;0.0159482840051522;1.58424964581121e-17;2.59594967834708e-17;0;0;0;0
"3";63;"E3 CHFU";0;0;0;0;0;0;0.0159482840051522;1.58424964581121e-17;2.59594967834708e-17;0;0;0;0
"3";64;"E3 LEMA";4;2;2;1.72549019607843;0.725490196078431;1;0.0781163614151375;0.0588235294117647;0.0545947760349132;0;0.058823909450886;0;4
"3";65;"E3 PUPA";0;0;0;0;0;0;0.0159482840051522;1.58424964581121e-17;2.59594967834708e-17;0;0;0;0
"3";66;"E4 LEMA";4;2;2;1.3921568627451;0.392156862745098;1;0.0883270018478542;0.0784313725490197;0.754092907097689;0;0.0784311006750755;0;4
"3";67;"E5 LEMA";6;3;3;2.45882352941176;1.45882352941176;1;0.131430384624479;0.117647058823529;0.0289695613573251;0;0.117646794940141;0;4
"3";68;"E5 PUPA";0;0;0;0;0;0;0.0159482840051522;1.58424964581121e-17;2.59594967834708e-17;0;0;0;0
"3";69;"F1 CHFU";0;0;0;0;0;0;0.0159482840051522;1.58424964581121e-17;2.59594967834708e-17;0;0;0;0
"3";70;"F1 LEMA";2;1;1;1.11764705882353;0.117647058823529;1;0.050769567454315;0.0392156862745098;0.131041071323231;0;0.039215399006092;0;2
"3";71;"F1 PUPA";0;0;0;0;0;0;0.0159482840051522;1.58424964581121e-17;2.59594967834708e-17;0;0;0;0
"3";72;"F2 CHFU";0;0;0;0;0;0;0.0159482840051522;1.58424964581121e-17;2.59594967834708e-17;0;0;0;0
"3";73;"F2 LEMA";2;1;1;1.03921568627451;0.0392156862745098;1;0.0492816173384855;0.0392156862745098;1;0;0.039215330467437;0;2
"3";74;"F3 CHFU";0;0;0;0;0;0;0.0159482840051522;1.58424964581121e-17;2.59594967834708e-17;0;0;0;0
"3";75;"F3 LEMA";2;1;1;1.01960784313725;0.0196078431372549;1;0.0326149506718189;0.0196078431372549;1;0;0.0196076652337185;0;2
"3";76;"F4 CHFU";0;0;0;0;0;0;0.0159482840051522;1.58424964581121e-17;2.59594967834708e-17;0;0;0;0
"3";77;"F4 LEMA";2;1;1;1.5;0.5;1;0.055412138882733;0.019607843137255;8.3418927651293e-05;0;0.0196112176178684;0;2
"3";78;"F5 BEMA";0;0;0;0;0;0;0.0159482840051522;1.58424964581121e-17;2.59594967834708e-17;0;0;0;0
"3";79;"F5 CHFU";0;0;0;0;0;0;0.0159482840051522;1.58424964581121e-17;2.59594967834708e-17;0;0;0;0
"3";80;"F5 LEMA";6;3;3;3;2;1;0.140270715615268;0.0784313725490198;0.00425048987516746;0;0.0784396659160953;0;2
"3";81;"F5 MESU";0;0;0;0;0;0;0.0159482840051522;1.58424964581121e-17;2.59594967834708e-17;0;0;0;0
"3";82;"F5 PUPA";0;0;0;0;0;0;0.0159482840051522;1.58424964581121e-17;2.59594967834708e-17;0;0;0;0
"3";83;"F6 CHFU";0;0;0;0;0;0;0.0159482840051522;1.58424964581121e-17;2.59594967834708e-17;0;0;0;0
"3";84;"F6 LEMA";10;5;5;3.4156862745098;2.4156862745098;1;0.248898005703789;0.254901960784314;0.408586871339742;0;0.254900289773076;0;4
"3";85;"F6 MESU";0;0;0;0;0;0;0.0159482840051522;1.58424964581121e-17;2.59594967834708e-17;0;0;0;0
"3";86;"F6 PUPA";0;0;0;0;0;0;0.0159482840051522;1.58424964581121e-17;2.59594967834708e-17;0;0;0;0
"3";87;"Andrena";2;1;1;1.33333333333333;0.333333333333333;1;0.0521185242088826;0.0392156862745098;1.81716477484295e-16;0.0127646013159422;0.0392154902106893;0;2
"3";88;"Andrena_2_10_3";6;3;3;2.07692307692308;1.07692307692308;1;0.108929973661096;0.0980392156862745;3.11513961401649e-16;0.0198066546590516;0.0980387636036588;0;4
"3";89;"bee_1.1.2006";0;0;0;0;0;0;0.0159482840051522;1.58424964581121e-17;2.59594967834708e-17;0;0;0;0
"3";90;"Bee_4.19.5";0;0;0;0;0;0;0.0159482840051522;1.58424964581121e-17;2.59594967834708e-17;0;0;0;0
"3";91;"Black_small_fly";0;0;0;0;0;0;0.0159482840051522;1.58424964581121e-17;2.59594967834708e-17;0;0;0;0
"3";92;"Bombylidae";2;1;1;1.5;0.5;1;0.0718061974705557;0.0588235294117647;1.81716477484295e-16;0.00105432916753846;0.0588232726959161;0;2
"3";93;"Brassicogethes";44;22;22;17.2481435231435;16.2481435231435;1;1;1;1.2460558456066e-15;1;1;0;4
"3";94;"Cryptocephalus";2;1;1;1.33333333333333;0.333333333333333;1;0.0394003191012818;0.0196078431372549;1.29797483917354e-16;0.0163071656042476;0.0196081999910525;0;2
"3";95;"Dilophus";0;0;0;0;0;0;0.0159482840051522;1.58424964581121e-17;2.59594967834708e-17;0;0;0;0
"3";96;"Episyrphus_balteatus";2;1;1;1.15384615384615;0.153846153846154;1;0.0484964847510322;0.0392156862745098;2.59594967834708e-16;0.00457546617094204;0.0392151796445876;0;2
"3";97;"Eupeodes_corollae";0;0;0;0;0;0;0.0159482840051522;1.58424964581121e-17;2.59594967834708e-17;0;0;0;0
"3";98;"Fly_5_10_3";0;0;0;0;0;0;0.0159482840051522;1.58424964581121e-17;2.59594967834708e-17;0;0;0;0
"3";99;"Lasiocampa.trifolii";2;1;1;1.23076923076923;0.230769230769231;1;0.0647705851239723;0.0588235294117647;2.59594967834708e-16;0.00686319925641307;0.0588227694668814;0;2
"3";100;"Lasioglossum";2;1;1;1.25;0.25;1;0.0457558110733966;0.019607843137255;1.81716477484295e-16;7.73469676747836e-05;0.0196099521097692;0;2
"3";101;"Lomatia_sp.";4;2;2;1.91666666666667;0.916666666666667;1;0.0789837100330658;0.0588235294117646;2.07675974267766e-16;0.016371628390754;0.058823976241882;0;4
"3";102;"Malachius_bipustulatus";4;2;2;2.25;1.25;1;0.0928561291237196;0.0392156862745099;2.59594967834708e-16;8.34189276511211e-05;0.0392219005351018;0;2
"3";103;"Melyridae";0;0;0;0;0;0;0.0159482840051522;1.58424964581121e-17;2.59594967834708e-17;0;0;0;0
"3";104;"Musca";2;1;1;1.09090909090909;0.0909090909090909;1;0.0315799875781491;0.0196078431372549;1.81716477484295e-16;0.000631310587945591;0.019607703561899;0;2
"3";105;"Muscidae";0;0;0;0;0;0;0.0159482840051522;1.58424964581121e-17;2.59594967834708e-17;0;0;0;0
"3";106;"Psilothrix_viridicoerulea";26;13;13;6.65503663003663;5.65503663003663;1;0.348212834491628;0.333333333333333;1.03837987133883e-15;0.131041071323231;0.33333329796512;0;4
"3";107;"Sarcophaga";0;0;0;0;0;0;0.0159482840051522;1.58424964581121e-17;2.59594967834708e-17;0;0;0;0
"3";108;"Small.bee.1.16.6";0;0;0;0;0;0;0.0159482840051522;1.58424964581121e-17;2.59594967834708e-17;0;0;0;0
"3";109;"Sphaerophoria_scripta";6;3;3;1.73376623376623;0.733766233766234;1;0.108155617223876;0.0784313725490196;4.15351948535532e-16;0.00842059680267159;0.0784353881709181;0;4
"3";110;"Syrphidae";0;0;0;0;0;0;0.0159482840051522;1.58424964581121e-17;2.59594967834708e-17;0;0;0;0
"3";111;"Tabanidae";0;0;0;0;0;0;0.0159482840051522;1.58424964581121e-17;2.59594967834708e-17;0;0;0;0
"3";112;"Tachinidae";2;1;1;1.5;0.5;1;0.0466687092613311;0.0196078431372549;7.78784903504123e-17;0.0185344641651075;0.0196089308104224;0;2
"3";113;"Ulidiidae";0;0;0;0;0;0;0.0159482840051522;1.58424964581121e-17;2.59594967834708e-17;0;0;0;0
"3";114;"Vanessa_cardui";0;0;0;0;0;0;0.0159482840051522;1.58424964581121e-17;2.59594967834708e-17;0;0;0;0
"3";115;"X2_28_5";2;1;1;1.72727272727273;0.727272727272727;1;0.141001912589127;0.156862745098039;1.81716477484295e-16;0.00505048470356486;0.156861628495192;0;2
"4";1;"A1 CHFU";0;0;0;0;0;0;0.0879729729729729;0;2.6469874800386e-17;0;0;0;0
"4";2;"A1 LEMA";0;0;0;0;0;0;0.0879729729729729;0;2.6469874800386e-17;0;0;0;0
"4";3;"A2 CHFU";0;0;0;0;0;0;0.0879729729729729;0;2.6469874800386e-17;0;0;0;0
"4";4;"A2 PUPA";0;0;0;0;0;0;0.0879729729729729;0;2.6469874800386e-17;0;0;0;0
"4";5;"A3 CHFU";0;0;0;0;0;0;0.0879729729729729;0;2.6469874800386e-17;0;0;0;0
"4";6;"A3 PUPA";0;0;0;0;0;0;0.0879729729729729;0;2.6469874800386e-17;0;0;0;0
"4";7;"A4 CHFU";0;0;0;0;0;0;0.0879729729729729;0;2.6469874800386e-17;0;0;0;0
"4";8;"A5 CHFU";0;0;0;0;0;0;0.0879729729729729;0;2.6469874800386e-17;0;0;0;0
"4";9;"A5 LEMA";0;0;0;0;0;0;0.0879729729729729;0;2.6469874800386e-17;0;0;0;0
"4";10;"A5 SCLA";0;0;0;0;0;0;0.0879729729729729;0;2.6469874800386e-17;0;0;0;0
"4";11;"A6 CHFU";0;0;0;0;0;0;0.0879729729729729;0;2.6469874800386e-17;0;0;0;0
"4";12;"A6 LEMA";0;0;0;0;0;0;0.0879729729729729;0;2.6469874800386e-17;0;0;0;0
"4";13;"A6 SCLA";0;0;0;0;0;0;0.0879729729729729;0;2.6469874800386e-17;0;0;0;0
"4";14;"B1 CHFU";0;0;0;0;0;0;0.0879729729729729;0;2.6469874800386e-17;0;0;0;0
"4";15;"B2 CHFU";0;0;0;0;0;0;0.0879729729729729;0;2.6469874800386e-17;0;0;0;0
"4";16;"B2 LEMA";0;0;0;0;0;0;0.0879729729729729;0;2.6469874800386e-17;0;0;0;0
"4";17;"B2 PUPA";0;0;0;0;0;0;0.0879729729729729;0;2.6469874800386e-17;0;0;0;0
"4";18;"B3 LEMA";0;0;0;0;0;0;0.0879729729729729;0;2.6469874800386e-17;0;0;0;0
"4";19;"B4 CHFU";0;0;0;0;0;0;0.0879729729729729;0;2.6469874800386e-17;0;0;0;0
"4";20;"B4 LEMA";0;0;0;0;0;0;0.0879729729729729;0;2.6469874800386e-17;0;0;0;0
"4";21;"B4 MESU";2;1;1;2;1;1;0.586486486486486;0;0;0;0.549999774996901;0;2
"4";22;"B4 PUPA";0;0;0;0;0;0;0.0879729729729729;0;2.6469874800386e-17;0;0;0;0
"4";23;"B5 CHFU";0;0;0;0;0;0;0.0879729729729729;0;2.6469874800386e-17;0;0;0;0
"4";24;"B5 LEMA";0;0;0;0;0;0;0.0879729729729729;0;2.6469874800386e-17;0;0;0;0
"4";25;"B5 PUPA";0;0;0;0;0;0;0.0879729729729729;0;2.6469874800386e-17;0;0;0;0
"4";26;"B6 CHFU";0;0;0;0;0;0;0.0879729729729729;0;2.6469874800386e-17;0;0;0;0
"4";27;"B6 LEMA";0;0;0;0;0;0;0.0879729729729729;0;2.6469874800386e-17;0;0;0;0
"4";28;"B6 PUPA";0;0;0;0;0;0;0.0879729729729729;0;2.6469874800386e-17;0;0;0;0
"4";29;"C1 CHFU";0;0;0;0;0;0;0.0879729729729729;0;2.6469874800386e-17;0;0;0;0
"4";30;"C1 LEMA";0;0;0;0;0;0;0.0879729729729729;0;2.6469874800386e-17;0;0;0;0
"4";31;"C1 MESU";2;1;1;2;1;1;0.586486486486486;0;0;0;0.549999774996901;0;2
"4";32;"C1 SCLA";0;0;0;0;0;0;0.0879729729729729;0;2.6469874800386e-17;0;0;0;0
"4";33;"C2 CHFU";0;0;0;0;0;0;0.0879729729729729;0;2.6469874800386e-17;0;0;0;0
"4";34;"C2 LEMA";0;0;0;0;0;0;0.0879729729729729;0;2.6469874800386e-17;0;0;0;0
"4";35;"C3 CHFU";0;0;0;0;0;0;0.0879729729729729;0;2.6469874800386e-17;0;0;0;0
"4";36;"C3 LEMA";0;0;0;0;0;0;0.0879729729729729;0;2.6469874800386e-17;0;0;0;0
"4";37;"C4 CHFU";0;0;0;0;0;0;0.0879729729729729;0;2.6469874800386e-17;0;0;0;0
"4";38;"C4 LEMA";0;0;0;0;0;0;0.0879729729729729;0;2.6469874800386e-17;0;0;0;0
"4";39;"C5 CHFU";0;0;0;0;0;0;0.0879729729729729;0;2.6469874800386e-17;0;0;0;0
"4";40;"C5 LEMA";0;0;0;0;0;0;0.0879729729729729;0;2.6469874800386e-17;0;0;0;0
"4";41;"C6 CHFU";0;0;0;0;0;0;0.0879729729729729;0;2.6469874800386e-17;0;0;0;0
"4";42;"C6 LEMA";0;0;0;0;0;0;0.0879729729729729;0;2.6469874800386e-17;0;0;0;0
"4";43;"C6 SCLA";0;0;0;0;0;0;0.0879729729729729;0;2.6469874800386e-17;0;0;0;0
"4";44;"D1 CHFU";0;0;0;0;0;0;0.0879729729729729;0;2.6469874800386e-17;0;0;0;0
"4";45;"D1 LEMA";0;0;0;0;0;0;0.0879729729729729;0;2.6469874800386e-17;0;0;0;0
"4";46;"D2 CHFU";0;0;0;0;0;0;0.0879729729729729;0;2.6469874800386e-17;0;0;0;0
"4";47;"D2 LEMA";0;0;0;0;0;0;0.0879729729729729;0;2.6469874800386e-17;0;0;0;0
"4";48;"D2 PUPA";0;0;0;0;0;0;0.0879729729729729;0;2.6469874800386e-17;0;0;0;0
"4";49;"D3 CHFU";0;0;0;0;0;0;0.0879729729729729;0;2.6469874800386e-17;0;0;0;0
"4";50;"D4 CHFU";0;0;0;0;0;0;0.0879729729729729;0;2.6469874800386e-17;0;0;0;0
"4";51;"D4 LEMA";0;0;0;0;0;0;0.0879729729729729;0;2.6469874800386e-17;0;0;0;0
"4";52;"D4 PUPA";0;0;0;0;0;0;0.0879729729729729;0;2.6469874800386e-17;0;0;0;0
"4";53;"D5 CHFU";0;0;0;0;0;0;0.0879729729729729;0;2.6469874800386e-17;0;0;0;0
"4";54;"D5 LEMA";0;0;0;0;0;0;0.0879729729729729;0;2.6469874800386e-17;0;0;0;0
"4";55;"D5 PUPA";0;0;0;0;0;0;0.0879729729729729;0;2.6469874800386e-17;0;0;0;0
"4";56;"D6 LEMA";0;0;0;0;0;0;0.0879729729729729;0;2.6469874800386e-17;0;0;0;0
"4";57;"D6 PUPA";0;0;0;0;0;0;0.0879729729729729;0;2.6469874800386e-17;0;0;0;0
"4";58;"E1 CHFU";0;0;0;0;0;0;0.0879729729729729;0;2.6469874800386e-17;0;0;0;0
"4";59;"E1 LEMA";0;0;0;0;0;0;0.0879729729729729;0;2.6469874800386e-17;0;0;0;0
"4";60;"E1 PUPA";0;0;0;0;0;0;0.0879729729729729;0;2.6469874800386e-17;0;0;0;0
"4";61;"E2 PUPA";0;0;0;0;0;0;0.0879729729729729;0;2.6469874800386e-17;0;0;0;0
"4";62;"E3 BEMA";0;0;0;0;0;0;0.0879729729729729;0;2.6469874800386e-17;0;0;0;0
"4";63;"E3 CHFU";0;0;0;0;0;0;0.0879729729729729;0;2.6469874800386e-17;0;0;0;0
"4";64;"E3 LEMA";0;0;0;0;0;0;0.0879729729729729;0;2.6469874800386e-17;0;0;0;0
"4";65;"E3 PUPA";0;0;0;0;0;0;0.0879729729729729;0;2.6469874800386e-17;0;0;0;0
"4";66;"E4 LEMA";0;0;0;0;0;0;0.0879729729729729;0;2.6469874800386e-17;0;0;0;0
"4";67;"E5 LEMA";0;0;0;0;0;0;0.0879729729729729;0;2.6469874800386e-17;0;0;0;0
"4";68;"E5 PUPA";0;0;0;0;0;0;0.0879729729729729;0;2.6469874800386e-17;0;0;0;0
"4";69;"F1 CHFU";0;0;0;0;0;0;0.0879729729729729;0;2.6469874800386e-17;0;0;0;0
"4";70;"F1 LEMA";0;0;0;0;0;0;0.0879729729729729;0;2.6469874800386e-17;0;0;0;0
"4";71;"F1 PUPA";0;0;0;0;0;0;0.0879729729729729;0;2.6469874800386e-17;0;0;0;0
"4";72;"F2 CHFU";0;0;0;0;0;0;0.0879729729729729;0;2.6469874800386e-17;0;0;0;0
"4";73;"F2 LEMA";0;0;0;0;0;0;0.0879729729729729;0;2.6469874800386e-17;0;0;0;0
"4";74;"F3 CHFU";0;0;0;0;0;0;0.0879729729729729;0;2.6469874800386e-17;0;0;0;0
"4";75;"F3 LEMA";0;0;0;0;0;0;0.0879729729729729;0;2.6469874800386e-17;0;0;0;0
"4";76;"F4 CHFU";0;0;0;0;0;0;0.0879729729729729;0;2.6469874800386e-17;0;0;0;0
"4";77;"F4 LEMA";0;0;0;0;0;0;0.0879729729729729;0;2.6469874800386e-17;0;0;0;0
"4";78;"F5 BEMA";0;0;0;0;0;0;0.0879729729729729;0;2.6469874800386e-17;0;0;0;0
"4";79;"F5 CHFU";0;0;0;0;0;0;0.0879729729729729;0;2.6469874800386e-17;0;0;0;0
"4";80;"F5 LEMA";0;0;0;0;0;0;0.0879729729729729;0;2.6469874800386e-17;0;0;0;0
"4";81;"F5 MESU";2;1;1;1.1;0.1;1;0.172972972972973;0;1;0.0498756211208902;0.099999549999775;0;2
"4";82;"F5 PUPA";0;0;0;0;0;0;0.0879729729729729;0;2.6469874800386e-17;0;0;0;0
"4";83;"F6 CHFU";0;0;0;0;0;0;0.0879729729729729;0;2.6469874800386e-17;0;0;0;0
"4";84;"F6 LEMA";0;0;0;0;0;0;0.0879729729729729;0;2.6469874800386e-17;0;0;0;0
"4";85;"F6 MESU";4;2;2;2.9;1.9;1;1;0;0.904987562112089;1;1;0;2
"4";86;"F6 PUPA";0;0;0;0;0;0;0.0879729729729729;0;2.6469874800386e-17;0;0;0;0
"4";87;"Andrena";0;0;0;0;0;0;0.0879729729729729;0;2.6469874800386e-17;0;0;0;0
"4";88;"Andrena_2_10_3";0;0;0;0;0;0;0.0879729729729729;0;2.6469874800386e-17;0;0;0;0
"4";89;"bee_1.1.2006";0;0;0;0;0;0;0.0879729729729729;0;2.6469874800386e-17;0;0;0;0
"4";90;"Bee_4.19.5";4;2;2;2.9;1.9;1;1;0;0.904987562112089;1;1;0;2
"4";91;"Black_small_fly";0;0;0;0;0;0;0.0879729729729729;0;2.6469874800386e-17;0;0;0;0
"4";92;"Bombylidae";0;0;0;0;0;0;0.0879729729729729;0;2.6469874800386e-17;0;0;0;0
"4";93;"Brassicogethes";0;0;0;0;0;0;0.0879729729729729;0;2.6469874800386e-17;0;0;0;0
"4";94;"Cryptocephalus";0;0;0;0;0;0;0.0879729729729729;0;2.6469874800386e-17;0;0;0;0
"4";95;"Dilophus";0;0;0;0;0;0;0.0879729729729729;0;2.6469874800386e-17;0;0;0;0
"4";96;"Episyrphus_balteatus";2;1;1;1.1;0.1;1;0.172972972972973;0;1;0.0498756211208902;0.099999549999775;0;2
"4";97;"Eupeodes_corollae";0;0;0;0;0;0;0.0879729729729729;0;2.6469874800386e-17;0;0;0;0
"4";98;"Fly_5_10_3";0;0;0;0;0;0;0.0879729729729729;0;2.6469874800386e-17;0;0;0;0
"4";99;"Lasiocampa.trifolii";0;0;0;0;0;0;0.0879729729729729;0;2.6469874800386e-17;0;0;0;0
"4";100;"Lasioglossum";2;1;1;2;1;1;0.586486486486486;0;0;0;0.549999774996901;0;2
"4";101;"Lomatia_sp.";0;0;0;0;0;0;0.0879729729729729;0;2.6469874800386e-17;0;0;0;0
"4";102;"Malachius_bipustulatus";0;0;0;0;0;0;0.0879729729729729;0;2.6469874800386e-17;0;0;0;0
"4";103;"Melyridae";0;0;0;0;0;0;0.0879729729729729;0;2.6469874800386e-17;0;0;0;0
"4";104;"Musca";0;0;0;0;0;0;0.0879729729729729;0;2.6469874800386e-17;0;0;0;0
"4";105;"Muscidae";0;0;0;0;0;0;0.0879729729729729;0;2.6469874800386e-17;0;0;0;0
"4";106;"Psilothrix_viridicoerulea";0;0;0;0;0;0;0.0879729729729729;0;2.6469874800386e-17;0;0;0;0
"4";107;"Sarcophaga";0;0;0;0;0;0;0.0879729729729729;0;2.6469874800386e-17;0;0;0;0
"4";108;"Small.bee.1.16.6";0;0;0;0;0;0;0.0879729729729729;0;2.6469874800386e-17;0;0;0;0
"4";109;"Sphaerophoria_scripta";0;0;0;0;0;0;0.0879729729729729;0;2.6469874800386e-17;0;0;0;0
"4";110;"Syrphidae";0;0;0;0;0;0;0.0879729729729729;0;2.6469874800386e-17;0;0;0;0
"4";111;"Tabanidae";0;0;0;0;0;0;0.0879729729729729;0;2.6469874800386e-17;0;0;0;0
"4";112;"Tachinidae";2;1;1;2;1;1;0.586486486486486;0;0;0;0.549999774996901;0;2
"4";113;"Ulidiidae";0;0;0;0;0;0;0.0879729729729729;0;2.6469874800386e-17;0;0;0;0
"4";114;"Vanessa_cardui";0;0;0;0;0;0;0.0879729729729729;0;2.6469874800386e-17;0;0;0;0
"4";115;"X2_28_5";0;0;0;0;0;0;0.0879729729729729;0;2.6469874800386e-17;0;0;0;0
"5";1;"A1 CHFU";0;0;0;0;0;0;0.0528571428571428;0;3.10316769155909e-17;0;0;0;0
"5";2;"A1 LEMA";0;0;0;0;0;0;0.0528571428571428;0;3.10316769155909e-17;0;0;0;0
"5";3;"A2 CHFU";0;0;0;0;0;0;0.0528571428571428;0;3.10316769155909e-17;0;0;0;0
"5";4;"A2 PUPA";2;1;1;2;1;1;0.352380952380952;0.0582614059391441;0;0;-6.66675555700648e-06;0;2
"5";5;"A3 CHFU";0;0;0;0;0;0;0.0528571428571428;0;3.10316769155909e-17;0;0;0;0
"5";6;"A3 PUPA";2;1;1;2;1;1;0.352380952380952;0;0;0;-6.66675555700648e-06;0;2
"5";7;"A4 CHFU";0;0;0;0;0;0;0.0528571428571428;0;3.10316769155909e-17;0;0;0;0
"5";8;"A5 CHFU";0;0;0;0;0;0;0.0528571428571428;0;3.10316769155909e-17;0;0;0;0
"5";9;"A5 LEMA";0;0;0;0;0;0;0.0528571428571428;0;3.10316769155909e-17;0;0;0;0
"5";10;"A5 SCLA";0;0;0;0;0;0;0.0528571428571428;0;3.10316769155909e-17;0;0;0;0
"5";11;"A6 CHFU";0;0;0;0;0;0;0.0528571428571428;0;3.10316769155909e-17;0;0;0;0
"5";12;"A6 LEMA";0;0;0;0;0;0;0.0528571428571428;0;3.10316769155909e-17;0;0;0;0
"5";13;"A6 SCLA";0;0;0;0;0;0;0.0528571428571428;0;3.10316769155909e-17;0;0;0;0
"5";14;"B1 CHFU";0;0;0;0;0;0;0.0528571428571428;0;3.10316769155909e-17;0;0;0;0
"5";15;"B2 CHFU";0;0;0;0;0;0;0.0528571428571428;0;3.10316769155909e-17;0;0;0;0
"5";16;"B2 LEMA";0;0;0;0;0;0;0.0528571428571428;0;3.10316769155909e-17;0;0;0;0
"5";17;"B2 PUPA";2;1;1;1.5;0.5;1;0.409047619047619;0.311391875312122;1.55158384577955e-15;0;1;0;2
"5";18;"B3 LEMA";0;0;0;0;0;0;0.0528571428571428;0;3.10316769155909e-17;0;0;0;0
"5";19;"B4 CHFU";0;0;0;0;0;0;0.0528571428571428;0;3.10316769155909e-17;0;0;0;0
"5";20;"B4 LEMA";0;0;0;0;0;0;0.0528571428571428;0;3.10316769155909e-17;0;0;0;0
"5";21;"B4 MESU";0;0;0;0;0;0;0.0528571428571428;0;3.10316769155909e-17;0;0;0;0
"5";22;"B4 PUPA";2;1;1;1.5;0.5;1;0.247284878863826;0;0;0;-6.66668889035312e-11;0;2
"5";23;"B5 CHFU";0;0;0;0;0;0;0.0528571428571428;0;3.10316769155909e-17;0;0;0;0
"5";24;"B5 LEMA";0;0;0;0;0;0;0.0528571428571428;0;3.10316769155909e-17;0;0;0;0
"5";25;"B5 PUPA";4;2;2;2.5;1.5;1;0.457477025898078;0;6.20633538311819e-17;0;-1.33334444471186e-05;0;2
"5";26;"B6 CHFU";0;0;0;0;0;0;0.0528571428571428;0;3.10316769155909e-17;0;0;0;0
"5";27;"B6 LEMA";0;0;0;0;0;0;0.0528571428571428;0;3.10316769155909e-17;0;0;0;0
"5";28;"B6 PUPA";2;1;1;1.1;0.1;1;0.124095238095238;0.062278375062424;1.55158384577955e-15;1.38777878078145e-17;0.2;0;2
"5";29;"C1 CHFU";0;0;0;0;0;0;0.0528571428571428;0;3.10316769155909e-17;0;0;0;0
"5";30;"C1 LEMA";0;0;0;0;0;0;0.0528571428571428;0;3.10316769155909e-17;0;0;0;0
"5";31;"C1 MESU";0;0;0;0;0;0;0.0528571428571428;0;3.10316769155909e-17;0;0;0;0
"5";32;"C1 SCLA";0;0;0;0;0;0;0.0528571428571428;0;3.10316769155909e-17;0;0;0;0
"5";33;"C2 CHFU";0;0;0;0;0;0;0.0528571428571428;0;3.10316769155909e-17;0;0;0;0
"5";34;"C2 LEMA";0;0;0;0;0;0;0.0528571428571428;0;3.10316769155909e-17;0;0;0;0
"5";35;"C3 CHFU";0;0;0;0;0;0;0.0528571428571428;0;3.10316769155909e-17;0;0;0;0
"5";36;"C3 LEMA";0;0;0;0;0;0;0.0528571428571428;0;3.10316769155909e-17;0;0;0;0
"5";37;"C4 CHFU";0;0;0;0;0;0;0.0528571428571428;0;3.10316769155909e-17;0;0;0;0
"5";38;"C4 LEMA";0;0;0;0;0;0;0.0528571428571428;0;3.10316769155909e-17;0;0;0;0
"5";39;"C5 CHFU";0;0;0;0;0;0;0.0528571428571428;0;3.10316769155909e-17;0;0;0;0
"5";40;"C5 LEMA";0;0;0;0;0;0;0.0528571428571428;0;3.10316769155909e-17;0;0;0;0
"5";41;"C6 CHFU";0;0;0;0;0;0;0.0528571428571428;0;3.10316769155909e-17;0;0;0;0
"5";42;"C6 LEMA";0;0;0;0;0;0;0.0528571428571428;0;3.10316769155909e-17;0;0;0;0
"5";43;"C6 SCLA";0;0;0;0;0;0;0.0528571428571428;0;3.10316769155909e-17;0;0;0;0
"5";44;"D1 CHFU";0;0;0;0;0;0;0.0528571428571428;0;3.10316769155909e-17;0;0;0;0
"5";45;"D1 LEMA";0;0;0;0;0;0;0.0528571428571428;0;3.10316769155909e-17;0;0;0;0
"5";46;"D2 CHFU";0;0;0;0;0;0;0.0528571428571428;0;3.10316769155909e-17;0;0;0;0
"5";47;"D2 LEMA";0;0;0;0;0;0;0.0528571428571428;0;3.10316769155909e-17;0;0;0;0
"5";48;"D2 PUPA";2;1;1;1.11111111111111;0.111111111111111;1;0.147301587301587;0.111111111111111;1;0;0.296296543212346;0;2
"5";49;"D3 CHFU";0;0;0;0;0;0;0.0528571428571428;0;3.10316769155909e-17;0;0;0;0
"5";50;"D4 CHFU";0;0;0;0;0;0;0.0528571428571428;0;3.10316769155909e-17;0;0;0;0
"5";51;"D4 LEMA";0;0;0;0;0;0;0.0528571428571428;0;3.10316769155909e-17;0;0;0;0
"5";52;"D4 PUPA";2;1;1;2;1;1;0.352380952380952;0.0400515578081771;0;0;-6.66675555700648e-06;0;2
"5";53;"D5 CHFU";0;0;0;0;0;0;0.0528571428571428;0;3.10316769155909e-17;0;0;0;0
"5";54;"D5 LEMA";0;0;0;0;0;0;0.0528571428571428;0;3.10316769155909e-17;0;0;0;0
"5";55;"D5 PUPA";2;1;1;2;1;1;0.352380952380952;0.0110515699271128;0;0;-6.66675555700648e-06;0;2
"5";56;"D6 LEMA";0;0;0;0;0;0;0.0528571428571428;0;3.10316769155909e-17;0;0;0;0
"5";57;"D6 PUPA";2;1;1;1.3;0.3;1;0.266571428571429;0.186835125187273;1.55158384577955e-15;1.38777878078145e-17;0.6;0;2
"5";58;"E1 CHFU";0;0;0;0;0;0;0.0528571428571428;0;3.10316769155909e-17;0;0;0;0
"5";59;"E1 LEMA";0;0;0;0;0;0;0.0528571428571428;0;3.10316769155909e-17;0;0;0;0
"5";60;"E1 PUPA";2;1;1;1.11111111111111;0.111111111111111;1;0.147301587301587;0.111111111111111;1;0;0.296296543212346;0;2
"5";61;"E2 PUPA";2;1;1;1.22222222222222;0.222222222222222;1;0.241746031746032;0.222222222222222;1;0;0.592593086424693;0;2
"5";62;"E3 BEMA";0;0;0;0;0;0;0.0528571428571428;0;3.10316769155909e-17;0;0;0;0
"5";63;"E3 CHFU";0;0;0;0;0;0;0.0528571428571428;0;3.10316769155909e-17;0;0;0;0
"5";64;"E3 LEMA";0;0;0;0;0;0;0.0528571428571428;0;3.10316769155909e-17;0;0;0;0
"5";65;"E3 PUPA";2;1;1;1.33333333333333;0.333333333333333;1;0.336190476190476;0.333333333333333;1;0;0.888889629637039;0;2
"5";66;"E4 LEMA";0;0;0;0;0;0;0.0528571428571428;0;3.10316769155909e-17;0;0;0;0
"5";67;"E5 LEMA";0;0;0;0;0;0;0.0528571428571428;0;3.10316769155909e-17;0;0;0;0
"5";68;"E5 PUPA";2;1;1;1.1;0.1;1;0.124095238095238;0.0622783750624243;1.55158384577955e-15;1.38777878078145e-17;0.2;0;2
"5";69;"F1 CHFU";0;0;0;0;0;0;0.0528571428571428;0;3.10316769155909e-17;0;0;0;0
"5";70;"F1 LEMA";0;0;0;0;0;0;0.0528571428571428;0;3.10316769155909e-17;0;0;0;0
"5";71;"F1 PUPA";2;1;1;1.22222222222222;0.222222222222222;1;0.241746031746032;0.222222222222222;1;0;0.592593086424693;0;2
"5";72;"F2 CHFU";0;0;0;0;0;0;0.0528571428571428;0;3.10316769155909e-17;0;0;0;0
"5";73;"F2 LEMA";0;0;0;0;0;0;0.0528571428571428;0;3.10316769155909e-17;0;0;0;0
"5";74;"F3 CHFU";0;0;0;0;0;0;0.0528571428571428;0;3.10316769155909e-17;0;0;0;0
"5";75;"F3 LEMA";0;0;0;0;0;0;0.0528571428571428;0;3.10316769155909e-17;0;0;0;0
"5";76;"F4 CHFU";0;0;0;0;0;0;0.0528571428571428;0;3.10316769155909e-17;0;0;0;0
"5";77;"F4 LEMA";0;0;0;0;0;0;0.0528571428571428;0;3.10316769155909e-17;0;0;0;0
"5";78;"F5 BEMA";0;0;0;0;0;0;0.0528571428571428;0;3.10316769155909e-17;0;0;0;0
"5";79;"F5 CHFU";0;0;0;0;0;0;0.0528571428571428;0;3.10316769155909e-17;0;0;0;0
"5";80;"F5 LEMA";0;0;0;0;0;0;0.0528571428571428;0;3.10316769155909e-17;0;0;0;0
"5";81;"F5 MESU";0;0;0;0;0;0;0.0528571428571428;0;3.10316769155909e-17;0;0;0;0
"5";82;"F5 PUPA";2;1;1;2;1;1;0.352380952380952;0.087662045329696;0;0;-6.66675555700648e-06;0;2
"5";83;"F6 CHFU";0;0;0;0;0;0;0.0528571428571428;0;3.10316769155909e-17;0;0;0;0
"5";84;"F6 LEMA";0;0;0;0;0;0;0.0528571428571428;0;3.10316769155909e-17;0;0;0;0
"5";85;"F6 MESU";0;0;0;0;0;0;0.0528571428571428;0;3.10316769155909e-17;0;0;0;0
"5";86;"F6 PUPA";2;1;1;2;1;1;0.352380952380952;0.197508978715173;0;0;-6.66675555700648e-06;0;2
"5";87;"Andrena";4;2;2;2.5;1.5;1;0.457477025898078;0;6.20633538311819e-17;0;-1.33334444471185e-05;0;2
"5";88;"Andrena_2_10_3";0;0;0;0;0;0;0.0528571428571428;0;3.10316769155909e-17;0;0;0;0
"5";89;"bee_1.1.2006";2;1;1;2;1;1;0.352380952380952;0.0876620453296959;0;0;-6.66675555700097e-06;0;2
"5";90;"Bee_4.19.5";0;0;0;0;0;0;0.0528571428571428;0;3.10316769155909e-17;0;0;0;0
"5";91;"Black_small_fly";0;0;0;0;0;0;0.0528571428571428;0;3.10316769155909e-17;0;0;0;0
"5";92;"Bombylidae";0;0;0;0;0;0;0.0528571428571428;0;3.10316769155909e-17;0;0;0;0
"5";93;"Brassicogethes";2;1;1;1.5;0.5;1;0.247284878863826;0;0;0;-6.66668889035312e-11;0;2
"5";94;"Cryptocephalus";0;0;0;0;0;0;0.0528571428571428;0;3.10316769155909e-17;0;0;0;0
"5";95;"Dilophus";0;0;0;0;0;0;0.0528571428571428;0;3.10316769155909e-17;0;0;0;0
"5";96;"Episyrphus_balteatus";0;0;0;0;0;0;0.0528571428571428;0;3.10316769155909e-17;0;0;0;0
"5";97;"Eupeodes_corollae";0;0;0;0;0;0;0.0528571428571428;0;3.10316769155909e-17;0;0;0;0
"5";98;"Fly_5_10_3";0;0;0;0;0;0;0.0528571428571428;0;3.10316769155909e-17;0;0;0;0
"5";99;"Lasiocampa.trifolii";0;0;0;0;0;0;0.0528571428571428;0;3.10316769155909e-17;0;0;0;0
"5";100;"Lasioglossum";0;0;0;0;0;0;0.0528571428571428;0;3.10316769155909e-17;0;0;0;0
"5";101;"Lomatia_sp.";0;0;0;0;0;0;0.0528571428571428;0;3.10316769155909e-17;0;0;0;0
"5";102;"Malachius_bipustulatus";0;0;0;0;0;0;0.0528571428571428;0;3.10316769155909e-17;0;0;0;0
"5";103;"Melyridae";2;1;1;2;1;1;0.352380952380952;0.0110515699271126;0;0;-6.66675555700097e-06;0;2
"5";104;"Musca";2;1;1;2;1;1;0.352380952380952;0.0582614059391442;0;0;-6.66675555700097e-06;0;2
"5";105;"Muscidae";0;0;0;0;0;0;0.0528571428571428;0;3.10316769155909e-17;0;0;0;0
"5";106;"Psilothrix_viridicoerulea";2;1;1;2;1;1;0.352380952380952;0.197508978715173;0;0;-6.66675555700097e-06;0;2
"5";107;"Sarcophaga";8;4;4;5;4;1;0.838095238095238;0.622783750624244;0;6.66133814775094e-16;-2.00003333377779;0;2
"5";108;"Small.bee.1.16.6";10;5;5;6;5;1;1;1;0;1;-2.66670888944446;0;2
"5";109;"Sphaerophoria_scripta";0;0;0;0;0;0;0.0528571428571428;0;3.10316769155909e-17;0;0;0;0
"5";110;"Syrphidae";0;0;0;0;0;0;0.0528571428571428;0;3.10316769155909e-17;0;0;0;0
"5";111;"Tabanidae";2;1;1;2;1;1;0.352380952380952;0;0;0;-6.66675555700097e-06;0;2
"5";112;"Tachinidae";0;0;0;0;0;0;0.0528571428571428;0;3.10316769155909e-17;0;0;0;0
"5";113;"Ulidiidae";0;0;0;0;0;0;0.0528571428571428;0;3.10316769155909e-17;0;0;0;0
"5";114;"Vanessa_cardui";2;1;1;2;1;1;0.352380952380952;0.040051557808177;0;0;-6.66675555700097e-06;0;2
"5";115;"X2_28_5";0;0;0;0;0;0;0.0528571428571428;0;3.10316769155909e-17;0;0;0;0
"6";1;"A1 CHFU";0;0;0;0;0;0;0.121978021978022;0;1.68259235058562e-16;9.8130778667736e-17;0;0;0
"6";2;"A1 LEMA";0;0;0;0;0;0;0.121978021978022;0;1.68259235058562e-16;9.8130778667736e-17;0;0;0
"6";3;"A2 CHFU";0;0;0;0;0;0;0.121978021978022;0;1.68259235058562e-16;9.8130778667736e-17;0;0;0
"6";4;"A2 PUPA";0;0;0;0;0;0;0.121978021978022;0;1.68259235058562e-16;9.8130778667736e-17;0;0;0
"6";5;"A3 CHFU";0;0;0;0;0;0;0.121978021978022;0;1.68259235058562e-16;9.8130778667736e-17;0;0;0
"6";6;"A3 PUPA";0;0;0;0;0;0;0.121978021978022;0;1.68259235058562e-16;9.8130778667736e-17;0;0;0
"6";7;"A4 CHFU";0;0;0;0;0;0;0.121978021978022;0;1.68259235058562e-16;9.8130778667736e-17;0;0;0
"6";8;"A5 CHFU";0;0;0;0;0;0;0.121978021978022;0;1.68259235058562e-16;9.8130778667736e-17;0;0;0
"6";9;"A5 LEMA";0;0;0;0;0;0;0.121978021978022;0;1.68259235058562e-16;9.8130778667736e-17;0;0;0
"6";10;"A5 SCLA";2;1;1;1.5;0.5;1;0.546978021978022;0;0.999999999999999;0;0.456909783450801;0;2
"6";11;"A6 CHFU";0;0;0;0;0;0;0.121978021978022;0;1.68259235058562e-16;9.8130778667736e-17;0;0;0
"6";12;"A6 LEMA";0;0;0;0;0;0;0.121978021978022;0;1.68259235058562e-16;9.8130778667736e-17;0;0;0
"6";13;"A6 SCLA";2;1;1;1.5;0.5;1;0.546978021978022;0;0.999999999999999;0;0.456909783450801;0;2
"6";14;"B1 CHFU";0;0;0;0;0;0;0.121978021978022;0;1.68259235058562e-16;9.8130778667736e-17;0;0;0
"6";15;"B2 CHFU";0;0;0;0;0;0;0.121978021978022;0;1.68259235058562e-16;9.8130778667736e-17;0;0;0
"6";16;"B2 LEMA";0;0;0;0;0;0;0.121978021978022;0;1.68259235058562e-16;9.8130778667736e-17;0;0;0
"6";17;"B2 PUPA";0;0;0;0;0;0;0.121978021978022;0;1.68259235058562e-16;9.8130778667736e-17;0;0;0
"6";18;"B3 LEMA";0;0;0;0;0;0;0.121978021978022;0;1.68259235058562e-16;9.8130778667736e-17;0;0;0
"6";19;"B4 CHFU";0;0;0;0;0;0;0.121978021978022;0;1.68259235058562e-16;9.8130778667736e-17;0;0;0
"6";20;"B4 LEMA";0;0;0;0;0;0;0.121978021978022;0;1.68259235058562e-16;9.8130778667736e-17;0;0;0
"6";21;"B4 MESU";0;0;0;0;0;0;0.121978021978022;0;1.68259235058562e-16;9.8130778667736e-17;0;0;0
"6";22;"B4 PUPA";0;0;0;0;0;0;0.121978021978022;0;1.68259235058562e-16;9.8130778667736e-17;0;0;0
"6";23;"B5 CHFU";0;0;0;0;0;0;0.121978021978022;0;1.68259235058562e-16;9.8130778667736e-17;0;0;0
"6";24;"B5 LEMA";0;0;0;0;0;0;0.121978021978022;0;1.68259235058562e-16;9.8130778667736e-17;0;0;0
"6";25;"B5 PUPA";0;0;0;0;0;0;0.121978021978022;0;1.68259235058562e-16;9.8130778667736e-17;0;0;0
"6";26;"B6 CHFU";0;0;0;0;0;0;0.121978021978022;0;1.68259235058562e-16;9.8130778667736e-17;0;0;0
"6";27;"B6 LEMA";0;0;0;0;0;0;0.121978021978022;0;1.68259235058562e-16;9.8130778667736e-17;0;0;0
"6";28;"B6 PUPA";0;0;0;0;0;0;0.121978021978022;0;1.68259235058562e-16;9.8130778667736e-17;0;0;0
"6";29;"C1 CHFU";0;0;0;0;0;0;0.121978021978022;0;1.68259235058562e-16;9.8130778667736e-17;0;0;0
"6";30;"C1 LEMA";0;0;0;0;0;0;0.121978021978022;0;1.68259235058562e-16;9.8130778667736e-17;0;0;0
"6";31;"C1 MESU";0;0;0;0;0;0;0.121978021978022;0;1.68259235058562e-16;9.8130778667736e-17;0;0;0
"6";32;"C1 SCLA";2;1;1;2;1;1;0.813186813186813;0;3.36518470117124e-16;0;0.76552782676064;0;2
"6";33;"C2 CHFU";0;0;0;0;0;0;0.121978021978022;0;1.68259235058562e-16;9.8130778667736e-17;0;0;0
"6";34;"C2 LEMA";0;0;0;0;0;0;0.121978021978022;0;1.68259235058562e-16;9.8130778667736e-17;0;0;0
"6";35;"C3 CHFU";0;0;0;0;0;0;0.121978021978022;0;1.68259235058562e-16;9.8130778667736e-17;0;0;0
"6";36;"C3 LEMA";0;0;0;0;0;0;0.121978021978022;0;1.68259235058562e-16;9.8130778667736e-17;0;0;0
"6";37;"C4 CHFU";0;0;0;0;0;0;0.121978021978022;0;1.68259235058562e-16;9.8130778667736e-17;0;0;0
"6";38;"C4 LEMA";0;0;0;0;0;0;0.121978021978022;0;1.68259235058562e-16;9.8130778667736e-17;0;0;0
"6";39;"C5 CHFU";0;0;0;0;0;0;0.121978021978022;0;1.68259235058562e-16;9.8130778667736e-17;0;0;0
"6";40;"C5 LEMA";0;0;0;0;0;0;0.121978021978022;0;1.68259235058562e-16;9.8130778667736e-17;0;0;0
"6";41;"C6 CHFU";0;0;0;0;0;0;0.121978021978022;0;1.68259235058562e-16;9.8130778667736e-17;0;0;0
"6";42;"C6 LEMA";0;0;0;0;0;0;0.121978021978022;0;1.68259235058562e-16;9.8130778667736e-17;0;0;0
"6";43;"C6 SCLA";4;2;2;2;1;1;0.971978021978022;0;1;0;0.913819566901601;0;2
"6";44;"D1 CHFU";0;0;0;0;0;0;0.121978021978022;0;1.68259235058562e-16;9.8130778667736e-17;0;0;0
"6";45;"D1 LEMA";0;0;0;0;0;0;0.121978021978022;0;1.68259235058562e-16;9.8130778667736e-17;0;0;0
"6";46;"D2 CHFU";0;0;0;0;0;0;0.121978021978022;0;1.68259235058562e-16;9.8130778667736e-17;0;0;0
"6";47;"D2 LEMA";0;0;0;0;0;0;0.121978021978022;0;1.68259235058562e-16;9.8130778667736e-17;0;0;0
"6";48;"D2 PUPA";0;0;0;0;0;0;0.121978021978022;0;1.68259235058562e-16;9.8130778667736e-17;0;0;0
"6";49;"D3 CHFU";0;0;0;0;0;0;0.121978021978022;0;1.68259235058562e-16;9.8130778667736e-17;0;0;0
"6";50;"D4 CHFU";0;0;0;0;0;0;0.121978021978022;0;1.68259235058562e-16;9.8130778667736e-17;0;0;0
"6";51;"D4 LEMA";0;0;0;0;0;0;0.121978021978022;0;1.68259235058562e-16;9.8130778667736e-17;0;0;0
"6";52;"D4 PUPA";0;0;0;0;0;0;0.121978021978022;0;1.68259235058562e-16;9.8130778667736e-17;0;0;0
"6";53;"D5 CHFU";0;0;0;0;0;0;0.121978021978022;0;1.68259235058562e-16;9.8130778667736e-17;0;0;0
"6";54;"D5 LEMA";0;0;0;0;0;0;0.121978021978022;0;1.68259235058562e-16;9.8130778667736e-17;0;0;0
"6";55;"D5 PUPA";0;0;0;0;0;0;0.121978021978022;0;1.68259235058562e-16;9.8130778667736e-17;0;0;0
"6";56;"D6 LEMA";0;0;0;0;0;0;0.121978021978022;0;1.68259235058562e-16;9.8130778667736e-17;0;0;0
"6";57;"D6 PUPA";0;0;0;0;0;0;0.121978021978022;0;1.68259235058562e-16;9.8130778667736e-17;0;0;0
"6";58;"E1 CHFU";0;0;0;0;0;0;0.121978021978022;0;1.68259235058562e-16;9.8130778667736e-17;0;0;0
"6";59;"E1 LEMA";0;0;0;0;0;0;0.121978021978022;0;1.68259235058562e-16;9.8130778667736e-17;0;0;0
"6";60;"E1 PUPA";0;0;0;0;0;0;0.121978021978022;0;1.68259235058562e-16;9.8130778667736e-17;0;0;0
"6";61;"E2 PUPA";0;0;0;0;0;0;0.121978021978022;0;1.68259235058562e-16;9.8130778667736e-17;0;0;0
"6";62;"E3 BEMA";0;0;0;0;0;0;0.121978021978022;0;1.68259235058562e-16;9.8130778667736e-17;0;0;0
"6";63;"E3 CHFU";0;0;0;0;0;0;0.121978021978022;0;1.68259235058562e-16;9.8130778667736e-17;0;0;0
"6";64;"E3 LEMA";0;0;0;0;0;0;0.121978021978022;0;1.68259235058562e-16;9.8130778667736e-17;0;0;0
"6";65;"E3 PUPA";0;0;0;0;0;0;0.121978021978022;0;1.68259235058562e-16;9.8130778667736e-17;0;0;0
"6";66;"E4 LEMA";0;0;0;0;0;0;0.121978021978022;0;1.68259235058562e-16;9.8130778667736e-17;0;0;0
"6";67;"E5 LEMA";0;0;0;0;0;0;0.121978021978022;0;1.68259235058562e-16;9.8130778667736e-17;0;0;0
"6";68;"E5 PUPA";0;0;0;0;0;0;0.121978021978022;0;1.68259235058562e-16;9.8130778667736e-17;0;0;0
"6";69;"F1 CHFU";0;0;0;0;0;0;0.121978021978022;0;1.68259235058562e-16;9.8130778667736e-17;0;0;0
"6";70;"F1 LEMA";0;0;0;0;0;0;0.121978021978022;0;1.68259235058562e-16;9.8130778667736e-17;0;0;0
"6";71;"F1 PUPA";0;0;0;0;0;0;0.121978021978022;0;1.68259235058562e-16;9.8130778667736e-17;0;0;0
"6";72;"F2 CHFU";0;0;0;0;0;0;0.121978021978022;0;1.68259235058562e-16;9.8130778667736e-17;0;0;0
"6";73;"F2 LEMA";0;0;0;0;0;0;0.121978021978022;0;1.68259235058562e-16;9.8130778667736e-17;0;0;0
"6";74;"F3 CHFU";0;0;0;0;0;0;0.121978021978022;0;1.68259235058562e-16;9.8130778667736e-17;0;0;0
"6";75;"F3 LEMA";0;0;0;0;0;0;0.121978021978022;0;1.68259235058562e-16;9.8130778667736e-17;0;0;0
"6";76;"F4 CHFU";0;0;0;0;0;0;0.121978021978022;0;1.68259235058562e-16;9.8130778667736e-17;0;0;0
"6";77;"F4 LEMA";0;0;0;0;0;0;0.121978021978022;0;1.68259235058562e-16;9.8130778667736e-17;0;0;0
"6";78;"F5 BEMA";0;0;0;0;0;0;0.121978021978022;0;1.68259235058562e-16;9.8130778667736e-17;0;0;0
"6";79;"F5 CHFU";0;0;0;0;0;0;0.121978021978022;0;1.68259235058562e-16;9.8130778667736e-17;0;0;0
"6";80;"F5 LEMA";0;0;0;0;0;0;0.121978021978022;0;1.68259235058562e-16;9.8130778667736e-17;0;0;0
"6";81;"F5 MESU";0;0;0;0;0;0;0.121978021978022;0;1.68259235058562e-16;9.8130778667736e-17;0;0;0
"6";82;"F5 PUPA";0;0;0;0;0;0;0.121978021978022;0;1.68259235058562e-16;9.8130778667736e-17;0;0;0
"6";83;"F6 CHFU";0;0;0;0;0;0;0.121978021978022;0;1.68259235058562e-16;9.8130778667736e-17;0;0;0
"6";84;"F6 LEMA";0;0;0;0;0;0;0.121978021978022;0;1.68259235058562e-16;9.8130778667736e-17;0;0;0
"6";85;"F6 MESU";0;0;0;0;0;0;0.121978021978022;0;1.68259235058562e-16;9.8130778667736e-17;0;0;0
"6";86;"F6 PUPA";0;0;0;0;0;0;0.121978021978022;0;1.68259235058562e-16;9.8130778667736e-17;0;0;0
"6";87;"Andrena";0;0;0;0;0;0;0.121978021978022;0;1.68259235058562e-16;9.8130778667736e-17;0;0;0
"6";88;"Andrena_2_10_3";4;2;2;2.5;1.5;1;1;0;8.65333208872604e-16;1;1;0;2
"6";89;"bee_1.1.2006";0;0;0;0;0;0;0.121978021978022;0;1.68259235058562e-16;9.8130778667736e-17;0;0;0
"6";90;"Bee_4.19.5";0;0;0;0;0;0;0.121978021978022;0;1.68259235058562e-16;9.8130778667736e-17;0;0;0
"6";91;"Black_small_fly";0;0;0;0;0;0;0.121978021978022;0;1.68259235058562e-16;9.8130778667736e-17;0;0;0
"6";92;"Bombylidae";0;0;0;0;0;0;0.121978021978022;0;1.68259235058562e-16;9.8130778667736e-17;0;0;0
"6";93;"Brassicogethes";2;1;1;2;1;1;0.813186813186813;0;3.36518470117124e-16;0;0.76552782676064;0;2
"6";94;"Cryptocephalus";0;0;0;0;0;0;0.121978021978022;0;1.68259235058562e-16;9.8130778667736e-17;0;0;0
"6";95;"Dilophus";0;0;0;0;0;0;0.121978021978022;0;1.68259235058562e-16;9.8130778667736e-17;0;0;0
"6";96;"Episyrphus_balteatus";0;0;0;0;0;0;0.121978021978022;0;1.68259235058562e-16;9.8130778667736e-17;0;0;0
"6";97;"Eupeodes_corollae";0;0;0;0;0;0;0.121978021978022;0;1.68259235058562e-16;9.8130778667736e-17;0;0;0
"6";98;"Fly_5_10_3";0;0;0;0;0;0;0.121978021978022;0;1.68259235058562e-16;9.8130778667736e-17;0;0;0
"6";99;"Lasiocampa.trifolii";0;0;0;0;0;0;0.121978021978022;0;1.68259235058562e-16;9.8130778667736e-17;0;0;0
"6";100;"Lasioglossum";0;0;0;0;0;0;0.121978021978022;0;1.68259235058562e-16;9.8130778667736e-17;0;0;0
"6";101;"Lomatia_sp.";0;0;0;0;0;0;0.121978021978022;0;1.68259235058562e-16;9.8130778667736e-17;0;0;0
"6";102;"Malachius_bipustulatus";0;0;0;0;0;0;0.121978021978022;0;1.68259235058562e-16;9.8130778667736e-17;0;0;0
"6";103;"Melyridae";0;0;0;0;0;0;0.121978021978022;0;1.68259235058562e-16;9.8130778667736e-17;0;0;0
"6";104;"Musca";0;0;0;0;0;0;0.121978021978022;0;1.68259235058562e-16;9.8130778667736e-17;0;0;0
"6";105;"Muscidae";0;0;0;0;0;0;0.121978021978022;0;1.68259235058562e-16;9.8130778667736e-17;0;0;0
"6";106;"Psilothrix_viridicoerulea";4;2;2;2.5;1.5;1;1;0;8.65333208872604e-16;1;1;0;2
"6";107;"Sarcophaga";0;0;0;0;0;0;0.121978021978022;0;1.68259235058562e-16;9.8130778667736e-17;0;0;0
"6";108;"Small.bee.1.16.6";0;0;0;0;0;0;0.121978021978022;0;1.68259235058562e-16;9.8130778667736e-17;0;0;0
"6";109;"Sphaerophoria_scripta";0;0;0;0;0;0;0.121978021978022;0;1.68259235058562e-16;9.8130778667736e-17;0;0;0
"6";110;"Syrphidae";0;0;0;0;0;0;0.121978021978022;0;1.68259235058562e-16;9.8130778667736e-17;0;0;0
"6";111;"Tabanidae";0;0;0;0;0;0;0.121978021978022;0;1.68259235058562e-16;9.8130778667736e-17;0;0;0
"6";112;"Tachinidae";0;0;0;0;0;0;0.121978021978022;0;1.68259235058562e-16;9.8130778667736e-17;0;0;0
"6";113;"Ulidiidae";0;0;0;0;0;0;0.121978021978022;0;1.68259235058562e-16;9.8130778667736e-17;0;0;0
"6";114;"Vanessa_cardui";0;0;0;0;0;0;0.121978021978022;0;1.68259235058562e-16;9.8130778667736e-17;0;0;0
"6";115;"X2_28_5";0;0;0;0;0;0;0.121978021978022;0;1.68259235058562e-16;9.8130778667736e-17;0;0;0
"Aggr";1;"A1 CHFU";2;1;1;1.04651162790698;0.0465116279069767;1;0.0544674302408696;0.00740652746141926;0.0157779854532281;7.02920376134204e-18;0.0074074356756747;0;2
"Aggr";2;"A1 LEMA";2;1;1;1.01960784313725;0.0196078431372549;1;0.0197452012784356;0.0113930806944714;1;1.05438056420131e-17;0.0113937301991091;0;2
"Aggr";3;"A2 CHFU";6;3;3;2.10206718346253;1.10206718346253;1;0.141575222834801;0.20840747345874;0.0163062623959296;2.81168150453682e-17;0.208417770701145;0;4
"Aggr";4;"A2 PUPA";2;1;1;2;1;1;0.0377453504589356;0.00282834483485435;0.000873077201424232;0;0.00283343690156242;0;2
"Aggr";5;"A3 CHFU";2;1;1;1.09302325581395;0.0930232558139535;1;0.0940023139617998;0.0148130549228385;0.0157779854532281;1.05438056420131e-17;0.0148148713513494;0;2
"Aggr";6;"A3 PUPA";2;1;1;2;1;1;0.0995503101329288;0;0;3.51460188067102e-18;3.07048476483408e-06;0;2
"Aggr";7;"A4 CHFU";4;2;2;1.18992248062016;0.189922480620155;1;0.0908580816777199;0.00887758694363606;0.00564031869687829;2.10876112840261e-17;0.00887952887034757;0;4
"Aggr";8;"A5 CHFU";4;2;2;2.04651162790698;1.04651162790698;1;0.0884655474636461;0.00836191432480502;0.0105970070469508;0;0.0083646355988969;0;2
"Aggr";9;"A5 LEMA";2;1;1;1.03921568627451;0.0392156862745098;1;0.0245578560369319;0.0227861613889427;1;1.05438056420131e-17;0.0227874603982182;0;2
"Aggr";10;"A5 SCLA";2;1;1;1.5;0.5;1;0.0489850260095904;0.0519708246831128;0.022755854959109;0;0.051971823692877;0;2
"Aggr";11;"A6 CHFU";6;3;3;2.10206718346253;1.10206718346253;1;0.104810934206263;0.00998710620367027;0.00848957414883529;1.40584075226841e-17;0.00999021914286895;0;4
"Aggr";12;"A6 LEMA";2;1;1;1.01960784313725;0.0196078431372549;1;0.0197452012784356;0.0113930806944714;1;1.05438056420131e-17;0.0113937301991091;0;2
"Aggr";13;"A6 SCLA";2;1;1;1.5;0.5;1;0.0660634622151178;0.292730117896461;0.153112907844269;0;0.292727827023285;0;2
"Aggr";14;"B1 CHFU";2;1;1;1.04651162790698;0.0465116279069767;1;0.0544674302408696;0.00740652746141925;0.0157779854532281;7.02920376134204e-18;0.0074074356756747;0;2
"Aggr";15;"B2 CHFU";2;1;1;1.02325581395349;0.0232558139534884;1;0.0346999883804044;0.00370326373070963;0.0157779854532281;1.05438056420131e-17;0.00370371783783735;0;2
"Aggr";16;"B2 LEMA";4;2;2;1.17647058823529;0.176470588235294;1;0.0414013144884114;0.103056916882581;0.661245163137708;2.10876112840261e-17;0.103058326367512;0;4
"Aggr";17;"B2 PUPA";2;1;1;1.5;0.5;1;0.115559076221873;0;1.08997556981859e-16;1.05438056420131e-17;3.23598077572335e-06;0;2
"Aggr";18;"B3 LEMA";2;1;1;1.11764705882353;0.117647058823529;1;0.0269633502129225;0.0688776747991674;0.153112907844269;1.05438056420131e-17;0.0688771357701846;0;2
"Aggr";19;"B4 CHFU";2;1;1;1.05555555555556;0.0555555555555556;1;0.0336519109523778;0.0017247744043088;0.00226109644476165;3.51460188067102e-18;0.00172527034417007;0;2
"Aggr";20;"B4 LEMA";2;1;1;1.07843137254902;0.0784313725490196;1;0.0341831655539245;0.0455723227778854;1;1.05438056420131e-17;0.0455749207964364;0;2
"Aggr";21;"B4 MESU";2;1;1;2;1;1;0.0498159761093115;0.000762061898538722;7.43891783054322e-05;0;0.000766706562583755;0;2
"Aggr";22;"B4 PUPA";2;1;1;1.5;0.5;1;0.0491267606006859;0.099638085796506;0.0314079822325005;1.75730094033551e-17;0.0996425323406502;0;2
"Aggr";23;"B5 CHFU";2;1;1;1.02325581395349;0.0232558139534884;1;0.0346999883804044;0.00370326373070963;0.0157779854532281;1.05438056420131e-17;0.00370371783783735;0;2
"Aggr";24;"B5 LEMA";4;2;2;2.03921568627451;1.03921568627451;1;0.0490676451093923;0.025725406449652;0.671632451326838;1.40584075226841e-17;0.0257285241323888;0;2
"Aggr";25;"B5 PUPA";4;2;2;2.5;1.5;1;0.294572153283997;0.680685201214546;0.515703991116251;1.40584075226841e-17;0.680722772495214;0;4
"Aggr";26;"B6 CHFU";4;2;2;1.12325581395349;0.123255813953488;1;0.0581754483568636;0.00734998748291635;0.0105359671972647;1.40584075226841e-17;0.00735108874689573;0;4
"Aggr";27;"B6 LEMA";4;2;2;1.19607843137255;0.196078431372549;1;0.054636531675905;0.114190402260883;0.894139113480534;7.02920376134204e-18;0.114194679278856;0;4
"Aggr";28;"B6 PUPA";2;1;1;1.1;0.1;1;0.035057852460326;0;1.08997556981859e-16;0;6.4719615514467e-07;0;2
"Aggr";29;"C1 CHFU";2;1;1;1.09302325581395;0.0930232558139535;1;0.0940023139617998;0.0148130549228385;0.0157779854532281;1.05438056420131e-17;0.0148148713513494;0;2
"Aggr";30;"C1 LEMA";4;2;2;1.09803921568627;0.0980392156862745;1;0.0305732578834235;0.0572249987885264;0.717704302614756;2.10876112840261e-17;0.0572260282833105;0;4
"Aggr";31;"C1 MESU";2;1;1;2;1;1;0.0483452432341979;0.00401883136470348;0.018144864374061;3.51460188067102e-18;0.00402381544626087;0;2
"Aggr";32;"C1 SCLA";2;1;1;2;1;1;0.260377939203251;0.58104711541804;1;7.02920376134204e-18;0.581080240154564;0;2
"Aggr";33;"C2 CHFU";4;2;2;1.18087855297158;0.180878552971576;1;0.111673600966212;0.0145593400007465;0.0103712298498417;7.02920376134204e-18;0.0145616942018522;0;4
"Aggr";34;"C2 LEMA";2;1;1;1.01960784313725;0.0196078431372549;1;0.0197452012784356;0.0113930806944714;1;1.05438056420131e-17;0.0113937301991091;0;2
"Aggr";35;"C3 CHFU";6;3;3;2.14651162790698;1.14651162790698;1;0.110615474915975;0.0120891845861157;0.00925095377659666;0;0.0120924589741664;0;4
"Aggr";36;"C3 LEMA";2;1;1;1.05882352941176;0.0588235294117647;1;0.0209479483664309;0.0344388373995837;0.153112907844269;1.05438056420131e-17;0.0344385678850923;0;2
"Aggr";37;"C4 CHFU";4;2;2;1.35;0.35;1;0.0639734643439877;0.150011782700437;0.0792034283927851;7.02920376134204e-18;0.150011284420701;0;4
"Aggr";38;"C4 LEMA";6;3;3;2.11764705882353;1.11764705882353;1;0.103774340803413;0.26789425107601;0.535988145384878;0;0.26790482316372;0;4
"Aggr";39;"C5 CHFU";4;2;2;1.14651162790698;0.146511627906977;1;0.0779428902173287;0.011053251213626;0.0122833066159193;2.10876112840261e-17;0.0110548065847331;0;4
"Aggr";40;"C5 LEMA";4;2;2;1.09803921568627;0.0980392156862745;1;0.0305732578834235;0.0572249987885264;0.717704302614756;2.10876112840261e-17;0.0572260282833105;0;4
"Aggr";41;"C6 CHFU";6;3;3;2.84302325581395;1.84302325581395;1;0.201598188440004;0.474226693030845;0.0653743045075954;1.40584075226841e-17;0.474226003234232;0;4
"Aggr";42;"C6 LEMA";2;1;1;1.01960784313725;0.0196078431372549;1;0.0197452012784356;0.0113930806944714;1;1.05438056420131e-17;0.0113937301991091;0;2
"Aggr";43;"C6 SCLA";4;2;2;2;1;1;0.100115941704769;0.344700942579574;0.087934381401689;2.10876112840261e-17;0.344699650716162;0;4
"Aggr";44;"D1 CHFU";4;2;2;2.04651162790698;1.04651162790698;1;0.0772802341798658;0.0102348722962736;0.0108096827026269;7.02920376134204e-18;0.0102408725772371;0;4
"Aggr";45;"D1 LEMA";8;4;4;3.26960784313725;2.26960784313725;1;0.150164466258212;0.0221278130241024;0.0950873245993368;2.81168150453682e-17;0.0221401220815093;0;4
"Aggr";46;"D2 CHFU";2;1;1;1.1;0.1;1;0.0384080064963984;0.00364672375220671;0.0052939489413012;3.51460188067102e-18;0.00364737090905838;0;2
"Aggr";47;"D2 LEMA";4;2;2;2.01960784313725;1.01960784313725;1;0.0531578979926942;0.0154119120591748;0.509072432187031;2.10876112840261e-17;0.01541754564537;0;2
"Aggr";48;"D2 PUPA";2;1;1;1.11111111111111;0.111111111111111;1;0.0416138233348459;0;1.90745724718254e-16;7.02920376134204e-18;8.45087460776026e-07;0;2
"Aggr";49;"D3 CHFU";4;2;2;1.12325581395349;0.123255813953488;1;0.0581754483568636;0.00734998748291634;0.0105359671972647;1.40584075226841e-17;0.00735108874689573;0;4
"Aggr";50;"D4 CHFU";2;1;1;1.02325581395349;0.0232558139534884;1;0.0346999883804044;0.00370326373070963;0.0157779854532281;1.05438056420131e-17;0.00370371783783735;0;2
"Aggr";51;"D4 LEMA";2;1;1;1.03921568627451;0.0392156862745098;1;0.0245578560369319;0.0227861613889428;1;1.05438056420131e-17;0.0227874603982182;0;2
"Aggr";52;"D4 PUPA";2;1;1;2;1;1;0.0995503101329288;0;0;3.51460188067102e-18;3.07048476483408e-06;0;2
"Aggr";53;"D5 CHFU";4;2;2;1.12325581395349;0.123255813953488;1;0.0581754483568636;0.00734998748291634;0.0105359671972647;1.40584075226841e-17;0.00735108874689573;0;4
"Aggr";54;"D5 LEMA";4;2;2;1.41960784313725;0.419607843137255;1;0.0469871848701565;0.0529697404409616;0.348503903306073;7.02920376134204e-18;0.0529711891534107;0;4
"Aggr";55;"D5 PUPA";2;1;1;2;1;1;0.0995503101329288;0;0;3.51460188067102e-18;3.07048476483408e-06;0;2
"Aggr";56;"D6 LEMA";6;3;3;1.40686274509804;0.406862745098039;1;0.0610204172966111;0.0937945477901642;0.737340967390836;2.81168150453682e-17;0.0937993204135008;0;4
"Aggr";57;"D6 PUPA";2;1;1;1.3;0.3;1;0.0753084643410994;0;1.08997556981859e-16;1.05438056420131e-17;1.94158846543401e-06;0;2
"Aggr";58;"E1 CHFU";4;2;2;1.07881136950904;0.0788113695090439;1;0.0534193528128429;0.00542803813501843;0.00901954094899486;1.40584075226841e-17;0.00542898818200742;0;4
"Aggr";59;"E1 LEMA";4;2;2;1.07843137254902;0.0784313725490196;1;0.0257606031249272;0.0458319180940551;0.576556453922135;7.02920376134204e-18;0.0458322980842014;0;4
"Aggr";60;"E1 PUPA";2;1;1;1.11111111111111;0.111111111111111;1;0.0416138233348459;0;1.90745724718254e-16;7.02920376134204e-18;8.45087460776026e-07;0;2
"Aggr";61;"E2 PUPA";2;1;1;1.22222222222222;0.222222222222222;1;0.0682951001497525;0;1.90745724718254e-16;1.05438056420131e-17;1.69017492155205e-06;0;2
"Aggr";62;"E3 BEMA";2;1;1;2;1;1;0.0583126512735991;0.0226699254316545;0.0163837088576916;3.51460188067102e-18;0.0226748654345886;0;2
"Aggr";63;"E3 CHFU";4;2;2;1.12325581395349;0.123255813953488;1;0.0581754483568636;0.00734998748291634;0.0105359671972647;1.40584075226841e-17;0.00735108874689573;0;4
"Aggr";64;"E3 LEMA";4;2;2;1.72549019607843;0.725490196078431;1;0.0498680182022041;0.0495521210206867;0.061960108519884;1.40584075226841e-17;0.0495551448414847;0;4
"Aggr";65;"E3 PUPA";2;1;1;1.33333333333333;0.333333333333333;1;0.0949763769646592;0;1.90745724718254e-16;1.05438056420131e-17;2.53526238232808e-06;0;2
"Aggr";66;"E4 LEMA";4;2;2;1.3921568627451;0.392156862745098;1;0.0438305457133148;0.0417358838939656;0.754095927214423;2.10876112840261e-17;0.0417394790755235;0;4
"Aggr";67;"E5 LEMA";6;3;3;2.45882352941176;1.45882352941176;1;0.0953152195696285;0.0917376678046991;0.0336641262335097;2.81168150453682e-17;0.0917399133496924;0;4
"Aggr";68;"E5 PUPA";2;1;1;1.1;0.1;1;0.035057852460326;0;1.08997556981859e-16;0;6.4719615514467e-07;0;2
"Aggr";69;"F1 CHFU";2;1;1;1.16666666666667;0.166666666666667;1;0.0710906398172548;0.00517432321292641;0.00226109644476165;1.05438056420131e-17;0.00517581103251022;0;2
"Aggr";70;"F1 LEMA";2;1;1;1.11764705882353;0.117647058823529;1;0.0269633502129225;0.0688776747991673;0.153112907844269;1.05438056420131e-17;0.0688771357701846;0;2
"Aggr";71;"F1 PUPA";2;1;1;1.22222222222222;0.222222222222222;1;0.0682951001497525;0;1.90745724718254e-16;1.05438056420131e-17;1.69017492155205e-06;0;2
"Aggr";72;"F2 CHFU";4;2;2;1.07881136950904;0.0788113695090439;1;0.0534193528128429;0.00542803813501843;0.00901954094899486;1.40584075226841e-17;0.00542898818200742;0;4
"Aggr";73;"F2 LEMA";2;1;1;1.03921568627451;0.0392156862745098;1;0.0245578560369319;0.0227861613889427;1;1.05438056420131e-17;0.0227874603982182;0;2
"Aggr";74;"F3 CHFU";4;2;2;1.24547803617571;0.245478036175711;1;0.109577446110158;0.0106023613479449;0.00496447424645498;2.10876112840261e-17;0.0106047992145176;0;4
"Aggr";75;"F3 LEMA";2;1;1;1.01960784313725;0.0196078431372549;1;0.0197452012784356;0.0113930806944714;1;1.05438056420131e-17;0.0113937301991091;0;2
"Aggr";76;"F4 CHFU";4;2;2;1.15555555555556;0.155555555555556;1;0.0571273709288369;0.00537149815651551;0.00377752269303148;2.81168150453682e-17;0.00537264125322845;0;4
"Aggr";77;"F4 LEMA";2;1;1;1.5;0.5;1;0.0498159761093115;0.00030222289255009;7.43891783054322e-05;7.02920376134204e-18;0.000304066813874072;0;2
"Aggr";78;"F5 BEMA";2;1;1;2;1;1;0.0789693270707342;0.00956122767289482;0.0082738638915789;3.51460188067102e-18;0.0095684061314518;0;2
"Aggr";79;"F5 CHFU";2;1;1;1.02325581395349;0.0232558139534884;1;0.0346999883804044;0.00370326373070963;0.0157779854532281;1.05438056420131e-17;0.00370371783783735;0;2
"Aggr";80;"F5 LEMA";6;3;3;3;2;1;0.116717795974081;0.00584489862753624;0.0041741265349422;0;0.00585497644218372;0;2
"Aggr";81;"F5 MESU";2;1;1;1.1;0.1;1;0.0280754163234184;0.000420772068685229;2.87408029463192e-05;1.05438056420131e-17;0.000421232595678381;0;2
"Aggr";82;"F5 PUPA";2;1;1;2;1;1;0.0995503101329288;0;0;3.51460188067102e-18;3.07048476483408e-06;0;2
"Aggr";83;"F6 CHFU";2;1;1;1.1;0.1;1;0.0384080064963984;0.00364672375220671;0.0052939489413012;3.51460188067102e-18;0.00364737090905838;0;2
"Aggr";84;"F6 LEMA";10;5;5;3.4156862745098;2.4156862745098;1;0.114641924603303;0.169417600511808;0.412031168593611;7.02920376134204e-17;0.169424239742173;0;4
"Aggr";85;"F6 MESU";4;2;2;2.9;1.9;1;0.151405682736137;0.0131723252517105;0.000447973418485411;0;0.0131782991687855;0;2
"Aggr";86;"F6 PUPA";2;1;1;2;1;1;0.117194377910296;0.585460235792923;0.153112907844269;1.05438056420131e-17;0.585455654046569;0;2
"Aggr";87;"Andrena";8;4;4;5.08333333333333;2.08333333333333;3;0.241370922922917;0.340375245678505;5.99486563400226e-16;0.0314079822325005;0.340391665393358;0;4
"Aggr";88;"Andrena_2_10_3";10;5;5;4.57692307692308;2.57692307692308;2;0.16024696230424;0.177538358733196;1.08997556981859e-16;0.022755854959109;0.17754137276823;0;4
"Aggr";89;"bee_1.1.2006";2;1;1;2;1;1;0.0995503101329288;0;0;3.51460188067102e-18;3.07048476483408e-06;0;2
"Aggr";90;"Bee_4.19.5";4;2;2;2.9;1.9;1;0.154621997687989;0.00718703069757417;5.44987784909296e-17;2.87408029463085e-05;0.00719279458155811;0;2
"Aggr";91;"Black_small_fly";20;10;10;6.95;5.95;1;0.396410070333991;0.0530282628597501;2.17995113963718e-16;0.00226109644476119;0.0530418668588743;0;4
"Aggr";92;"Bombylidae";2;1;1;1.5;0.5;1;0.0554415148370315;0.026854378312016;2.72493892454648e-17;0.00112004654619032;0.0268554035283134;0;2
"Aggr";93;"Brassicogethes";48;24;24;20.7481435231435;17.7481435231435;3;0.866277856529335;0.992462134735921;0;1;0.992526464857762;0;4
"Aggr";94;"Cryptocephalus";2;1;1;1.33333333333333;0.333333333333333;1;0.0288350459676005;0.00502040084196068;0;0.0148973539805141;0.00502138334362701;0;2
"Aggr";95;"Dilophus";2;1;1;1.125;0.125;1;0.0363523540416897;0.0347051089401422;6.8123473113662e-17;0.000543770715044126;0.0347048705154972;0;2
"Aggr";96;"Episyrphus_balteatus";4;2;2;2.25384615384615;0.253846153846154;2;0.042793665846789;0.0160307670098754;2.45244503209183e-16;0.0042210669583378;0.0160318775522462;0;2
"Aggr";97;"Eupeodes_corollae";2;1;1;1.33333333333333;0.333333333333333;1;0.0399977849679724;0.00163185611076019;0;0.000235050234396096;0.00163279513814787;0;2
"Aggr";98;"Fly_5_10_3";2;1;1;1.25;0.25;1;0.038438334939584;0.00176943421458287;0;0.000153895258628863;0.00177021398544994;0;2
"Aggr";99;"Lasiocampa.trifolii";2;1;1;1.23076923076923;0.230769230769231;1;0.0374200009613564;0.0228893696176418;1.77121030095521e-16;0.00632712905087384;0.0228903314522174;0;2
"Aggr";100;"Lasioglossum";4;2;2;3.25;1.25;2;0.0820786578573463;0.00130164587097301;1.08997556981859e-16;7.43891783054497e-05;0.00130741818862182;0;2
"Aggr";101;"Lomatia_sp.";6;3;3;3.91666666666667;1.91666666666667;2;0.102070834714494;0.0387215459662283;0;0.0163837088576917;0.0387281969475972;0;4
"Aggr";102;"Malachius_bipustulatus";4;2;2;2.25;1.25;1;0.0820786578573464;0.00103242841810017;0;7.43891783054497e-05;0.00103656372082683;0;2
"Aggr";103;"Melyridae";2;1;1;2;1;1;0.0995503101329288;0;0;3.51460188067102e-18;3.07048476483408e-06;0;2
"Aggr";104;"Musca";6;3;3;4.42424242424242;1.42424242424242;3;0.080515778608222;0.00483097683145604;2.17995113963718e-16;0.000873077201424216;0.00483754864007702;0;4
"Aggr";105;"Muscidae";20;10;10;6.58333333333333;5.58333333333333;1;0.27618188207599;0.0622881543315706;0;0.00529394894130074;0.0622976570102826;0;4
"Aggr";106;"Psilothrix_viridicoerulea";36;18;18;13.0300366300366;9.03003663003663;4;0.481232147719327;1;0;0.153112907844268;1;0;4
"Aggr";107;"Sarcophaga";8;4;4;5;4;1;0.23676830518102;0;0;1.40584075226841e-17;8.88046227272372e-06;0;2
"Aggr";108;"Small.bee.1.16.6";10;5;5;6;5;1;0.282507636863717;0;1.08997556981859e-16;0;1.08171214420203e-05;0;2
"Aggr";109;"Sphaerophoria_scripta";8;4;4;3.73376623376623;1.73376623376623;2;0.150674777766576;0.0163311307726059;1.08997556981859e-16;0.00827386389157895;0.0163413812977016;0;4
"Aggr";110;"Syrphidae";2;1;1;1.25;0.25;1;0.0372048700387701;0.00146176338822245;0;0.000141229244122814;0.00146252260556333;0;2
"Aggr";111;"Tabanidae";2;1;1;2;1;1;0.0995503101329288;0;0;3.51460188067102e-18;3.07048476483408e-06;0;2
"Aggr";112;"Tachinidae";4;2;2;3.5;1.5;2;0.0786181099159026;0.00686439679248339;0;0.018144864374061;0.00687080448876967;0;2
"Aggr";113;"Ulidiidae";48;24;24;17.05;16.05;1;1;0.271991726653896;4.35990227927437e-16;0.0157779854532248;0.272025625373468;0;4
"Aggr";114;"Vanessa_cardui";2;1;1;2;1;1;0.0995503101329288;0;0;3.51460188067102e-18;3.07048476483408e-06;0;2
"Aggr";115;"X2_28_5";2;1;1;1.72727272727273;0.727272727272727;1;0.107761489297743;0.00942178518594374;9.53728623591268e-17;0.0046017036874626;0.00942785769361485;0;2
