"Layer";"Node";"Label";"Strength";"StrengthIn";"StrengthOut";"Degree";"DegreeIn";"DegreeOut";"PageRank";"Eigenvector";"Hub";"Authority";"Katz";"Multiplexity";"Kcore"
"1-Multi";1;"A1 LEMA";1.01709401709402;0.0170940170940171;1;2;1;1;0.0484057935276251;0.000638055323412907;1;3.55740557244569e-11;0.000123553594621529;0.25;2
"1-Multi";2;"A2 CETE";2;1;1;2;1;1;0.0827686738958914;0;0;0;1.04606028509917e-05;0.25;2
"1-Multi";3;"A2 LEMA";1.05664335664336;0.0566433566433566;1;4;2;2;0.0698456870503654;0.00174751809916923;0.919611522444935;1.61199800323591e-10;0.000135681198721382;0.25;4
"1-Multi";4;"A3 CETE";2.5;1.5;1;4;2;2;0.0731866516035665;0.192865462286647;9.23100095367609e-05;0.000179509008573872;0.138873717546539;0.25;2
"1-Multi";5;"A3 LEMA";1.54273504273504;0.542735042735043;1;4;2;2;0.077063502561901;0.00164442969539943;0.909867067804491;9.09347569954449e-11;0.000116449335322545;0.25;4
"1-Multi";6;"A4 LEMA";1.12509712509713;0.125097125097125;1;4;2;2;0.0812826539296324;0.00283557875427708;0.690813547865135;4.76939027334538e-10;0.000170198225774809;0.25;4
"1-Multi";7;"A5 LEMA";1.48228438228438;0.482284382284382;1;6;3;3;0.101991191093029;0.00709450012115805;0.845778635460832;1.89507479326955e-08;0.000286947196523721;0.25;6
"1-Multi";8;"A6 LEMA";3.05664335664336;2.05664335664336;1;8;4;4;0.0924397175123384;0.00185473492745418;0.766880085862849;1.79282749775647e-10;0.00012121326015776;0.25;4
"1-Multi";9;"B1 CHFU";1.15384615384615;0.153846153846154;1;2;1;1;0.0627618317265028;2.57838870704703e-07;0;1.66370263520238e-08;1.05419256080541e-05;0.25;2
"1-Multi";10;"B1 LEMA";2.05236985236985;1.05236985236985;1;6;3;3;0.0773145534266951;0.00164506201683749;0.8200250725594;1.60395241284897e-10;0.00012846470180559;0.25;4
"1-Multi";11;"B2 LEMA";1.04273504273504;0.0427350427350427;1;2;1;1;0.0696408241595379;0.00159513830853216;1;8.89351270988667e-11;0.000123553594621529;0.25;2
"1-Multi";12;"B3 LEMA";1.07055167055167;0.0705516705516706;1;4;2;2;0.0700505499411931;0.00189989788980623;0.83922304488987;2.33464471611993e-10;0.000147808802821234;0.25;4
"1-Multi";13;"B4 CHFU";1.07692307692308;0.0769230769230769;1;2;1;1;0.0485054690830928;1.28919435284947e-07;0;8.31851317687427e-09;1.05419256080541e-05;0.25;2
"1-Multi";14;"B4 LEMA";2.09300699300699;1.09300699300699;1;6;3;3;0.0884341331270796;0.00243657397531008;0.737785311469132;3.40709388546497e-10;0.000146499717014348;0.25;4
"1-Multi";15;"B5 LEMA";1.05236985236985;0.0523698523698524;1;4;2;2;0.0663065152783801;0.00158800426831602;0.910679469383261;1.52306288366223e-10;0.000137028710288032;0.25;4
"1-Multi";16;"B6 LEMA";1.25236985236985;0.252369852369852;1;6;3;3;0.0709180306938986;0.00163059035203965;0.820414570723989;1.54654198997025e-10;0.000127444771174482;0.25;4
"1-Multi";17;"C1 CHFU";2.15384615384615;1.15384615384615;1;4;2;2;0.0830602582728073;5.12087048642576e-06;0;1.38423673705501e-05;1.15373866908328e-05;0.25;2
"1-Multi";18;"C1 LEMA";1.24382284382284;0.243822843822844;1;6;3;3;0.0646834084397843;0.00346392612504426;0.77625816642152;9.50261279141225e-09;0.000314951149323903;0.25;6
"1-Multi";19;"C2 LEMA";2.52991452991453;1.52991452991453;1;6;3;3;0.0779168307734681;0.00121262023391264;0.779211561007583;6.76667517333227e-11;0.000105986013415974;0.25;4
"1-Multi";20;"C2 PUPA";1.33333333333333;0.333333333333333;1;2;1;1;0.0398052641913508;0.0616393380965136;0.000192229866317549;5.96190843017748e-05;0.265803253827747;0.25;2
"1-Multi";21;"C3 LEMA";1.02564102564103;0.0256410256410256;1;2;1;1;0.0554841370715959;0.000957082985119245;1;5.33610766798069e-11;0.000123553594621529;0.25;2
"1-Multi";22;"C4 LEMA";1.03527583527584;0.0352758352758353;1;4;2;2;0.0521498281904379;0.000949948944903144;0.83922304488987;1.16732239694298e-10;0.000147808802821234;0.25;4
"1-Multi";23;"C5 LEMA";2.0042735042735;1.0042735042735;1;4;2;2;0.0560263734701955;0.000192980807368683;0.506384418638483;9.36586431801578e-12;7.88706120775747e-05;0.25;2
"1-Multi";24;"C6 LEMA";2.02672882672883;1.02672882672883;1;6;3;3;0.0582269853570121;0.0006908229823338;0.550764796053932;1.04200151015498e-10;0.000136530761771183;0.25;4
"1-Multi";25;"D1 CHFU";1.15384615384615;0.153846153846154;1;2;1;1;0.0627618317265027;2.57838870675514e-07;0;1.66370263498966e-08;1.05419256080541e-05;0.25;2
"1-Multi";26;"D1 LEMA";1.05345765345765;0.0534576534576535;1;4;2;2;0.0558938628532513;0.00126184256639344;0.732038408149783;1.97890426682008e-10;0.000163978941621038;0.25;4
"1-Multi";27;"D2 LEMA";1.06627816627817;0.0662781662781663;1;4;2;2;0.0665113781692078;0.0017403840589531;0.821358938766522;2.24570961443658e-10;0.000150503825954535;0.25;4
"1-Multi";28;"D3 LEMA";1.04918414918415;0.0491841491841492;1;4;2;2;0.0523546910812656;0.00110232873554019;0.67844608977974;1.88996913313968e-10;0.00017206401102094;0.25;4
"1-Multi";29;"D4 LEMA";2.12082362082362;1.12082362082362;1;6;3;3;0.0885131085348889;0.00274941998542546;0.614073717075242;4.92903331918827e-10;0.00016563886848985;0.25;4
"1-Multi";30;"D5 LEMA";1.29409479409479;0.294094794094794;1;6;3;3;0.0723763406562382;0.00424009315866193;0.579841100472022;9.73719383784846e-09;0.000313054450682986;0.25;6
"1-Multi";31;"D6 LEMA";1.13146853146853;0.131468531468531;1;4;2;2;0.109186302323861;0.00380692981982866;0.885159317778479;4.03557778158344e-10;0.000140878743335604;0.25;4
"1-Multi";32;"D6 PUPA";1.5;0.5;1;2;1;1;0.0426287424911395;0.0133284593675421;2.32933553196951e-06;0.000184097508128634;0.0492048136285329;0.25;2
"1-Multi";33;"E1 LEMA";1.03100233100233;0.031002331002331;1;4;2;2;0.0486106564184526;0.000790435114049933;0.799028806112337;1.07838728082515e-10;0.000153872604871161;0.25;4
"1-Multi";34;"E2 LEMA";2.64832944832945;1.64832944832945;1;8;4;4;0.116602207556972;0.00236697234930406;0.405270160892934;2.52314506726274e-10;9.19612523924962e-05;0.25;4
"1-Multi";35;"E3 CHFU";1.23076923076923;0.230769230769231;1;2;1;1;0.0770181943699124;3.86758305950795e-07;0;2.49555395193319e-08;1.05419256080541e-05;0.25;2
"1-Multi";36;"E3 LEMA";1.87715617715618;0.877156177156177;1;8;4;4;0.0766916863233112;0.00142760277735232;0.623357196602583;1.41097038904981e-10;0.000113301160218032;0.25;6
"1-Multi";37;"E4 LEMA";1.02136752136752;0.0213675213675214;1;2;1;1;0.0519449652996104;0.000797569154266071;1;4.44675657621432e-11;0.000123553594621529;0.25;2
"1-Multi";38;"E5 LEMA";1.54063714063714;0.540637140637141;1;6;3;3;0.0606576070172591;0.000941410348153797;0.239582402323463;1.75456942948943e-10;0.000126739096463791;0.25;6
"1-Multi";39;"E6 LEMA";1.03954933954934;0.0395493395493395;1;4;2;2;0.0556889999624234;0.00110946277575633;0.866019204074892;1.2562575136014e-10;0.000143766268121284;0.25;4
"1-Multi";40;"F1 LEMA";1.04382284382284;0.0438228438228438;1;4;2;2;0.0592281717344089;0.00126897660660951;0.885159317778479;1.34519262494566e-10;0.000140878743335604;0.25;4
"1-Multi";41;"F2 CHFU";2;1;1;2;1;1;0.0827686738958903;0;0;0;1.04606028509917e-05;0.25;2
"1-Multi";42;"F2 LEMA";1.55236985236985;0.552369852369852;1;6;3;3;0.073515856880639;0.00164122425617875;0.820339598933111;1.56052698816524e-10;0.00012819709828093;0.25;4
"1-Multi";43;"F3 CHFU";1.07692307692308;0.0769230769230769;1;2;1;1;0.0485054690830929;1.28919435363959e-07;0;8.31851317874343e-09;1.05419256080541e-05;0.25;2
"1-Multi";44;"F3 LEMA";1.44234654234654;0.442346542346542;1;8;4;4;0.0690511196190596;0.00139932569343436;0.492442397747681;2.02008507612793e-10;0.000123925632842424;0.25;6
"1-Multi";45;"F4 CETE";1.5;0.5;1;2;1;1;0.0582205276411548;0.0202321763015772;2.45128308628315e-06;2.29212132023382e-06;0.0291441155814432;0.25;2
"1-Multi";46;"F4 LEMA";3.07482517482517;2.07482517482517;1;8;4;4;0.115453583255272;0.00241159916249304;0.497105728583096;2.6954503988132e-10;0.000102081318632216;0.25;4
"1-Multi";47;"F5 CHFU";1.15384615384615;0.153846153846154;1;2;1;1;0.0627618317265028;2.57838870694645e-07;0;1.66370263529616e-08;1.05419256080541e-05;0.25;2
"1-Multi";48;"F5 LEMA";1.32700077700078;0.327000777000777;1;6;3;3;0.0623516455627788;0.0133275539026131;0.298586348245213;5.03911767825483e-08;0.00219175183741122;0.25;4
"1-Multi";49;"F6 LEMA";2.97672882672883;1.97672882672883;1;10;5;5;0.11260388684927;0.269969357474514;0.248613496266164;4.58683732755704e-06;0.0208060122902224;0.25;6
"1-Multi";50;"F6 PUPA";2.16666666666667;1.16666666666667;1;4;2;2;0.0537410579944748;0.136607135560569;0.000128929689389041;0.000303335676732163;0.193603773761342;0.25;2
"1-Multi";51;"Andrena";1.29047619047619;0.29047619047619;1;4;2;2;0.0528133910975494;0.000361552634245303;2.32782570172713e-10;0.00803048279054151;6.26380207112e-05;0.25;4
"1-Multi";52;"Beetle.black.with.red.end";1.11111111111111;0.111111111111111;1;2;1;1;0.0391819398621464;7.93502828190893e-05;6.76668768423134e-11;0.00436630321884641;6.67181441632906e-05;0.25;2
"1-Multi";53;"Black_small_fly_LEMA";1.08333333333333;0.0833333333333333;1;2;1;1;0.0389774359838681;9.10262773939766e-05;1.79282890478954e-10;0.00322290295241742;7.56858885318516e-05;0.25;2
"1-Multi";54;"Bombilus_major";2;1;1;2;1;1;0.082768673895891;0;0;0;1.04606028509917e-05;0.25;2
"1-Multi";55;"Bombylidae";1.81111111111111;0.811111111111111;1;6;3;3;0.0618780286061592;0.000536934318722823;1.68428992875475e-10;0.0150879883473594;7.60260610778625e-05;0.25;6
"1-Multi";56;"Brassicogethes";25.9519448387869;24.9519448387869;1;72;36;36;1;0.0633793855831385;4.12655982376059e-08;1;0.000202492714793662;0.25;6
"1-Multi";57;"Cylindromyia";1.2;0.2;1;4;2;2;0.0426499865409593;0.000180733470876301;1.48574982882901e-10;0.00728076488176227;7.54125490759685e-05;0.25;4
"1-Multi";58;"Elateridae";1.44722222222222;0.447222222222222;1;8;4;4;0.0577764575084062;0.0186349556248275;9.28795726118779e-07;0.0139501069228145;0.0025965130221671;0.25;6
"1-Multi";59;"Episyrphus_balteatus";1.55555555555556;0.555555555555556;1;4;2;2;0.0681994959781469;0.000647798488858301;2.41135527221817e-10;0.012331571241534;6.26418439691377e-05;0.25;4
"1-Multi";60;"Eucera";2;1;1;2;1;1;0.0827686738958901;0;0;0;1.04606028509917e-05;0.25;2
"1-Multi";61;"Lepidoptera";1.07692307692308;0.0769230769230769;1;2;1;1;0.0383569785088638;0.00012455578715915;4.92903487543794e-10;0.00238219973139042;0.000101849351020886;0.25;2
"1-Multi";62;"Malachius_bipustulatus";1.2020202020202;0.202020202020202;1;4;2;2;0.0431519554823554;0.000167392060587586;7.93008223794986e-11;0.00853774584940165;6.97992131738361e-05;0.25;4
"1-Multi";63;"Mordellidae";1.1;0.1;1;2;1;1;0.0386374629454227;9.68831950647645e-05;1.60395369569946e-10;0.00413550114464282;7.99564619391128e-05;0.25;2
"1-Multi";64;"Musca";1.5;0.5;1;2;1;1;0.0471434124868444;5.68264205636221e-05;9.36598178655961e-12;0.0127688372769666;5.07491386183538e-05;0.25;2
"1-Multi";65;"Musca_sp.";1.31578947368421;0.315789473684211;1;2;1;1;0.0583443928854631;0.00044850671701615;2.69545117567605e-10;0.00791675912702042;6.44185620226856e-05;0.25;2
"1-Multi";66;"Oedemeridae";1.08333333333333;0.0833333333333333;1;2;1;1;0.0389774359838681;9.10262773939717e-05;1.79282868280424e-10;0.00322290295241742;7.56858885318516e-05;0.25;2
"1-Multi";67;"Other_Black_small_fly";2.81429681429681;0.612276612276612;2.2020202020202;8;4;4;0.0576863061565015;0.000119082507371357;0.000274149594717056;0.0028633757525793;9.91927077484658e-05;0.5;2
"1-Multi";68;"Psilothrix_viridicoerulea";7.11677109440267;6.11677109440267;1;58;29;29;0.26794789624716;0.0291274861770875;8.85103380308705e-08;0.19611522444935;0.000408419659659047;0.25;6
"1-Multi";69;"Red_black_fly_6.19.5";1.10526315789474;0.105263157894737;1;2;1;1;0.0422808685882762;0.000149502239005339;2.69545151562563e-10;0.00263891970900681;6.44185620226856e-05;0.25;2
"1-Multi";70;"Small.bee.1.18.6";14.2777777777778;6.83333333333333;7.44444444444444;20;10;10;0.176828336354022;1;0.00714835095187973;0.00351667860314648;1;0.75;2
"1-Multi";71;"Small.bee.1.8.6";6.27777777777778;3.05555555555556;3.22222222222222;12;6;6;0.111700365069005;0.126226127294734;0.00730487862221352;0.00705952100940698;0.103984474096988;0.5;4
"1-Multi";72;"Sphaerophoria_scripta";1.25;0.25;1;2;1;1;0.0411638894892251;0.000101712180251668;1.04200353820998e-10;0.00694395976637965;8.47067864764058e-05;0.25;2
"1-Multi";73;"Tabanidae";2.5;1.5;1;4;2;2;0.0820901738332287;0.0687078594577413;9.09005649471718e-05;2.45128308617136e-06;0.0494794613478259;0.25;2
"1-Multi";74;"Ulidiidae";7.66666666666667;6.66666666666667;1;14;7;7;0.243725317317214;2.84574230507687e-06;2.14431234967074e-06;0;1.05986890448682e-05;0.25;2
"2-Multi";1;"A1 LEMA";1.01709401709402;0.0170940170940171;1;2;1;1;0.0484057935276251;0.000638055323412907;1;3.55740557244569e-11;0.000123553594621529;0.25;2
"2-Multi";2;"A2 CETE";2;1;1;2;1;1;0.0827686738958914;0;0;0;1.04606028509917e-05;0.25;2
"2-Multi";3;"A2 LEMA";1.05664335664336;0.0566433566433566;1;4;2;2;0.0698456870503654;0.00174751809916923;0.919611522444935;1.61199800323591e-10;0.000135681198721382;0.25;4
"2-Multi";4;"A3 CETE";2.5;1.5;1;4;2;2;0.0731866516035665;0.192865462286647;9.23100095367609e-05;0.000179509008573872;0.138873717546539;0.25;2
"2-Multi";5;"A3 LEMA";1.54273504273504;0.542735042735043;1;4;2;2;0.077063502561901;0.00164442969539943;0.909867067804491;9.09347569954449e-11;0.000116449335322545;0.25;4
"2-Multi";6;"A4 LEMA";1.12509712509713;0.125097125097125;1;4;2;2;0.0812826539296324;0.00283557875427708;0.690813547865135;4.76939027334538e-10;0.000170198225774809;0.25;4
"2-Multi";7;"A5 LEMA";1.48228438228438;0.482284382284382;1;6;3;3;0.101991191093029;0.00709450012115805;0.845778635460832;1.89507479326955e-08;0.000286947196523721;0.25;6
"2-Multi";8;"A6 LEMA";3.05664335664336;2.05664335664336;1;8;4;4;0.0924397175123384;0.00185473492745418;0.766880085862849;1.79282749775647e-10;0.00012121326015776;0.25;4
"2-Multi";9;"B1 CHFU";1.15384615384615;0.153846153846154;1;2;1;1;0.0627618317265028;2.57838870704703e-07;0;1.66370263520238e-08;1.05419256080541e-05;0.25;2
"2-Multi";10;"B1 LEMA";2.05236985236985;1.05236985236985;1;6;3;3;0.0773145534266951;0.00164506201683749;0.8200250725594;1.60395241284897e-10;0.00012846470180559;0.25;4
"2-Multi";11;"B2 LEMA";1.04273504273504;0.0427350427350427;1;2;1;1;0.0696408241595379;0.00159513830853216;1;8.89351270988667e-11;0.000123553594621529;0.25;2
"2-Multi";12;"B3 LEMA";1.07055167055167;0.0705516705516706;1;4;2;2;0.0700505499411931;0.00189989788980623;0.83922304488987;2.33464471611993e-10;0.000147808802821234;0.25;4
"2-Multi";13;"B4 CHFU";1.07692307692308;0.0769230769230769;1;2;1;1;0.0485054690830928;1.28919435284947e-07;0;8.31851317687427e-09;1.05419256080541e-05;0.25;2
"2-Multi";14;"B4 LEMA";2.09300699300699;1.09300699300699;1;6;3;3;0.0884341331270796;0.00243657397531008;0.737785311469132;3.40709388546497e-10;0.000146499717014348;0.25;4
"2-Multi";15;"B5 LEMA";1.05236985236985;0.0523698523698524;1;4;2;2;0.0663065152783801;0.00158800426831602;0.910679469383261;1.52306288366223e-10;0.000137028710288032;0.25;4
"2-Multi";16;"B6 LEMA";1.25236985236985;0.252369852369852;1;6;3;3;0.0709180306938986;0.00163059035203965;0.820414570723989;1.54654198997025e-10;0.000127444771174482;0.25;4
"2-Multi";17;"C1 CHFU";2.15384615384615;1.15384615384615;1;4;2;2;0.0830602582728073;5.12087048642576e-06;0;1.38423673705501e-05;1.15373866908328e-05;0.25;2
"2-Multi";18;"C1 LEMA";1.24382284382284;0.243822843822844;1;6;3;3;0.0646834084397843;0.00346392612504426;0.77625816642152;9.50261279141225e-09;0.000314951149323903;0.25;6
"2-Multi";19;"C2 LEMA";2.52991452991453;1.52991452991453;1;6;3;3;0.0779168307734681;0.00121262023391264;0.779211561007583;6.76667517333227e-11;0.000105986013415974;0.25;4
"2-Multi";20;"C2 PUPA";1.33333333333333;0.333333333333333;1;2;1;1;0.0398052641913508;0.0616393380965136;0.000192229866317549;5.96190843017748e-05;0.265803253827747;0.25;2
"2-Multi";21;"C3 LEMA";1.02564102564103;0.0256410256410256;1;2;1;1;0.0554841370715959;0.000957082985119245;1;5.33610766798069e-11;0.000123553594621529;0.25;2
"2-Multi";22;"C4 LEMA";1.03527583527584;0.0352758352758353;1;4;2;2;0.0521498281904379;0.000949948944903144;0.83922304488987;1.16732239694298e-10;0.000147808802821234;0.25;4
"2-Multi";23;"C5 LEMA";2.0042735042735;1.0042735042735;1;4;2;2;0.0560263734701955;0.000192980807368683;0.506384418638483;9.36586431801578e-12;7.88706120775747e-05;0.25;2
"2-Multi";24;"C6 LEMA";2.02672882672883;1.02672882672883;1;6;3;3;0.0582269853570121;0.0006908229823338;0.550764796053932;1.04200151015498e-10;0.000136530761771183;0.25;4
"2-Multi";25;"D1 CHFU";1.15384615384615;0.153846153846154;1;2;1;1;0.0627618317265027;2.57838870675514e-07;0;1.66370263498966e-08;1.05419256080541e-05;0.25;2
"2-Multi";26;"D1 LEMA";1.05345765345765;0.0534576534576535;1;4;2;2;0.0558938628532513;0.00126184256639344;0.732038408149783;1.97890426682008e-10;0.000163978941621038;0.25;4
"2-Multi";27;"D2 LEMA";1.06627816627817;0.0662781662781663;1;4;2;2;0.0665113781692078;0.0017403840589531;0.821358938766522;2.24570961443658e-10;0.000150503825954535;0.25;4
"2-Multi";28;"D3 LEMA";1.04918414918415;0.0491841491841492;1;4;2;2;0.0523546910812656;0.00110232873554019;0.67844608977974;1.88996913313968e-10;0.00017206401102094;0.25;4
"2-Multi";29;"D4 LEMA";2.12082362082362;1.12082362082362;1;6;3;3;0.0885131085348889;0.00274941998542546;0.614073717075242;4.92903331918827e-10;0.00016563886848985;0.25;4
"2-Multi";30;"D5 LEMA";1.29409479409479;0.294094794094794;1;6;3;3;0.0723763406562382;0.00424009315866193;0.579841100472022;9.73719383784846e-09;0.000313054450682986;0.25;6
"2-Multi";31;"D6 LEMA";1.13146853146853;0.131468531468531;1;4;2;2;0.109186302323861;0.00380692981982866;0.885159317778479;4.03557778158344e-10;0.000140878743335604;0.25;4
"2-Multi";32;"D6 PUPA";1.5;0.5;1;2;1;1;0.0426287424911395;0.0133284593675421;2.32933553196951e-06;0.000184097508128634;0.0492048136285329;0.25;2
"2-Multi";33;"E1 LEMA";1.03100233100233;0.031002331002331;1;4;2;2;0.0486106564184526;0.000790435114049933;0.799028806112337;1.07838728082515e-10;0.000153872604871161;0.25;4
"2-Multi";34;"E2 LEMA";2.64832944832945;1.64832944832945;1;8;4;4;0.116602207556972;0.00236697234930406;0.405270160892934;2.52314506726274e-10;9.19612523924962e-05;0.25;4
"2-Multi";35;"E3 CHFU";1.23076923076923;0.230769230769231;1;2;1;1;0.0770181943699124;3.86758305950795e-07;0;2.49555395193319e-08;1.05419256080541e-05;0.25;2
"2-Multi";36;"E3 LEMA";1.87715617715618;0.877156177156177;1;8;4;4;0.0766916863233112;0.00142760277735232;0.623357196602583;1.41097038904981e-10;0.000113301160218032;0.25;6
"2-Multi";37;"E4 LEMA";1.02136752136752;0.0213675213675214;1;2;1;1;0.0519449652996104;0.000797569154266071;1;4.44675657621432e-11;0.000123553594621529;0.25;2
"2-Multi";38;"E5 LEMA";1.54063714063714;0.540637140637141;1;6;3;3;0.0606576070172591;0.000941410348153797;0.239582402323463;1.75456942948943e-10;0.000126739096463791;0.25;6
"2-Multi";39;"E6 LEMA";1.03954933954934;0.0395493395493395;1;4;2;2;0.0556889999624234;0.00110946277575633;0.866019204074892;1.2562575136014e-10;0.000143766268121284;0.25;4
"2-Multi";40;"F1 LEMA";1.04382284382284;0.0438228438228438;1;4;2;2;0.0592281717344089;0.00126897660660951;0.885159317778479;1.34519262494566e-10;0.000140878743335604;0.25;4
"2-Multi";41;"F2 CHFU";2;1;1;2;1;1;0.0827686738958903;0;0;0;1.04606028509917e-05;0.25;2
"2-Multi";42;"F2 LEMA";1.55236985236985;0.552369852369852;1;6;3;3;0.073515856880639;0.00164122425617875;0.820339598933111;1.56052698816524e-10;0.00012819709828093;0.25;4
"2-Multi";43;"F3 CHFU";1.07692307692308;0.0769230769230769;1;2;1;1;0.0485054690830929;1.28919435363959e-07;0;8.31851317874343e-09;1.05419256080541e-05;0.25;2
"2-Multi";44;"F3 LEMA";1.44234654234654;0.442346542346542;1;8;4;4;0.0690511196190596;0.00139932569343436;0.492442397747681;2.02008507612793e-10;0.000123925632842424;0.25;6
"2-Multi";45;"F4 CETE";1.5;0.5;1;2;1;1;0.0582205276411548;0.0202321763015772;2.45128308628315e-06;2.29212132023382e-06;0.0291441155814432;0.25;2
"2-Multi";46;"F4 LEMA";3.07482517482517;2.07482517482517;1;8;4;4;0.115453583255272;0.00241159916249304;0.497105728583096;2.6954503988132e-10;0.000102081318632216;0.25;4
"2-Multi";47;"F5 CHFU";1.15384615384615;0.153846153846154;1;2;1;1;0.0627618317265028;2.57838870694645e-07;0;1.66370263529616e-08;1.05419256080541e-05;0.25;2
"2-Multi";48;"F5 LEMA";1.32700077700078;0.327000777000777;1;6;3;3;0.0623516455627788;0.0133275539026131;0.298586348245213;5.03911767825483e-08;0.00219175183741122;0.25;4
"2-Multi";49;"F6 LEMA";2.97672882672883;1.97672882672883;1;10;5;5;0.11260388684927;0.269969357474514;0.248613496266164;4.58683732755704e-06;0.0208060122902224;0.25;6
"2-Multi";50;"F6 PUPA";2.16666666666667;1.16666666666667;1;4;2;2;0.0537410579944748;0.136607135560569;0.000128929689389041;0.000303335676732163;0.193603773761342;0.25;2
"2-Multi";51;"Andrena";1.29047619047619;0.29047619047619;1;4;2;2;0.0528133910975494;0.000361552634245303;2.32782570172713e-10;0.00803048279054151;6.26380207112e-05;0.25;4
"2-Multi";52;"Beetle.black.with.red.end";1.11111111111111;0.111111111111111;1;2;1;1;0.0391819398621464;7.93502828190893e-05;6.76668768423134e-11;0.00436630321884641;6.67181441632906e-05;0.25;2
"2-Multi";53;"Black_small_fly_LEMA";1.08333333333333;0.0833333333333333;1;2;1;1;0.0389774359838681;9.10262773939766e-05;1.79282890478954e-10;0.00322290295241742;7.56858885318516e-05;0.25;2
"2-Multi";54;"Bombilus_major";2;1;1;2;1;1;0.082768673895891;0;0;0;1.04606028509917e-05;0.25;2
"2-Multi";55;"Bombylidae";1.81111111111111;0.811111111111111;1;6;3;3;0.0618780286061592;0.000536934318722823;1.68428992875475e-10;0.0150879883473594;7.60260610778625e-05;0.25;6
"2-Multi";56;"Brassicogethes";25.9519448387869;24.9519448387869;1;72;36;36;1;0.0633793855831385;4.12655982376059e-08;1;0.000202492714793662;0.25;6
"2-Multi";57;"Cylindromyia";1.2;0.2;1;4;2;2;0.0426499865409593;0.000180733470876301;1.48574982882901e-10;0.00728076488176227;7.54125490759685e-05;0.25;4
"2-Multi";58;"Elateridae";1.44722222222222;0.447222222222222;1;8;4;4;0.0577764575084062;0.0186349556248275;9.28795726118779e-07;0.0139501069228145;0.0025965130221671;0.25;6
"2-Multi";59;"Episyrphus_balteatus";1.55555555555556;0.555555555555556;1;4;2;2;0.0681994959781469;0.000647798488858301;2.41135527221817e-10;0.012331571241534;6.26418439691377e-05;0.25;4
"2-Multi";60;"Eucera";2;1;1;2;1;1;0.0827686738958901;0;0;0;1.04606028509917e-05;0.25;2
"2-Multi";61;"Lepidoptera";1.07692307692308;0.0769230769230769;1;2;1;1;0.0383569785088638;0.00012455578715915;4.92903487543794e-10;0.00238219973139042;0.000101849351020886;0.25;2
"2-Multi";62;"Malachius_bipustulatus";1.2020202020202;0.202020202020202;1;4;2;2;0.0431519554823554;0.000167392060587586;7.93008223794986e-11;0.00853774584940165;6.97992131738361e-05;0.25;4
"2-Multi";63;"Mordellidae";1.1;0.1;1;2;1;1;0.0386374629454227;9.68831950647645e-05;1.60395369569946e-10;0.00413550114464282;7.99564619391128e-05;0.25;2
"2-Multi";64;"Musca";1.5;0.5;1;2;1;1;0.0471434124868444;5.68264205636221e-05;9.36598178655961e-12;0.0127688372769666;5.07491386183538e-05;0.25;2
"2-Multi";65;"Musca_sp.";1.31578947368421;0.315789473684211;1;2;1;1;0.0583443928854631;0.00044850671701615;2.69545117567605e-10;0.00791675912702042;6.44185620226856e-05;0.25;2
"2-Multi";66;"Oedemeridae";1.08333333333333;0.0833333333333333;1;2;1;1;0.0389774359838681;9.10262773939717e-05;1.79282868280424e-10;0.00322290295241742;7.56858885318516e-05;0.25;2
"2-Multi";67;"Other_Black_small_fly";2.81429681429681;0.612276612276612;2.2020202020202;8;4;4;0.0576863061565015;0.000119082507371357;0.000274149594717056;0.0028633757525793;9.91927077484658e-05;0.5;2
"2-Multi";68;"Psilothrix_viridicoerulea";7.11677109440267;6.11677109440267;1;58;29;29;0.26794789624716;0.0291274861770875;8.85103380308705e-08;0.19611522444935;0.000408419659659047;0.25;6
"2-Multi";69;"Red_black_fly_6.19.5";1.10526315789474;0.105263157894737;1;2;1;1;0.0422808685882762;0.000149502239005339;2.69545151562563e-10;0.00263891970900681;6.44185620226856e-05;0.25;2
"2-Multi";70;"Small.bee.1.18.6";14.2777777777778;6.83333333333333;7.44444444444444;20;10;10;0.176828336354022;1;0.00714835095187973;0.00351667860314648;1;0.75;2
"2-Multi";71;"Small.bee.1.8.6";6.27777777777778;3.05555555555556;3.22222222222222;12;6;6;0.111700365069005;0.126226127294734;0.00730487862221352;0.00705952100940698;0.103984474096988;0.5;4
"2-Multi";72;"Sphaerophoria_scripta";1.25;0.25;1;2;1;1;0.0411638894892251;0.000101712180251668;1.04200353820998e-10;0.00694395976637965;8.47067864764058e-05;0.25;2
"2-Multi";73;"Tabanidae";2.5;1.5;1;4;2;2;0.0820901738332287;0.0687078594577413;9.09005649471718e-05;2.45128308617136e-06;0.0494794613478259;0.25;2
"2-Multi";74;"Ulidiidae";7.66666666666667;6.66666666666667;1;14;7;7;0.243725317317214;2.84574230507687e-06;2.14431234967074e-06;0;1.05986890448682e-05;0.25;2
"3-Multi";1;"A1 LEMA";1.01709401709402;0.0170940170940171;1;2;1;1;0.0484057935276251;0.000638055323412907;1;3.55740557244569e-11;0.000123553594621529;0.25;2
"3-Multi";2;"A2 CETE";2;1;1;2;1;1;0.0827686738958914;0;0;0;1.04606028509917e-05;0.25;2
"3-Multi";3;"A2 LEMA";1.05664335664336;0.0566433566433566;1;4;2;2;0.0698456870503654;0.00174751809916923;0.919611522444935;1.61199800323591e-10;0.000135681198721382;0.25;4
"3-Multi";4;"A3 CETE";2.5;1.5;1;4;2;2;0.0731866516035665;0.192865462286647;9.23100095367609e-05;0.000179509008573872;0.138873717546539;0.25;2
"3-Multi";5;"A3 LEMA";1.54273504273504;0.542735042735043;1;4;2;2;0.077063502561901;0.00164442969539943;0.909867067804491;9.09347569954449e-11;0.000116449335322545;0.25;4
"3-Multi";6;"A4 LEMA";1.12509712509713;0.125097125097125;1;4;2;2;0.0812826539296324;0.00283557875427708;0.690813547865135;4.76939027334538e-10;0.000170198225774809;0.25;4
"3-Multi";7;"A5 LEMA";1.48228438228438;0.482284382284382;1;6;3;3;0.101991191093029;0.00709450012115805;0.845778635460832;1.89507479326955e-08;0.000286947196523721;0.25;6
"3-Multi";8;"A6 LEMA";3.05664335664336;2.05664335664336;1;8;4;4;0.0924397175123384;0.00185473492745418;0.766880085862849;1.79282749775647e-10;0.00012121326015776;0.25;4
"3-Multi";9;"B1 CHFU";1.15384615384615;0.153846153846154;1;2;1;1;0.0627618317265028;2.57838870704703e-07;0;1.66370263520238e-08;1.05419256080541e-05;0.25;2
"3-Multi";10;"B1 LEMA";2.05236985236985;1.05236985236985;1;6;3;3;0.0773145534266951;0.00164506201683749;0.8200250725594;1.60395241284897e-10;0.00012846470180559;0.25;4
"3-Multi";11;"B2 LEMA";1.04273504273504;0.0427350427350427;1;2;1;1;0.0696408241595379;0.00159513830853216;1;8.89351270988667e-11;0.000123553594621529;0.25;2
"3-Multi";12;"B3 LEMA";1.07055167055167;0.0705516705516706;1;4;2;2;0.0700505499411931;0.00189989788980623;0.83922304488987;2.33464471611993e-10;0.000147808802821234;0.25;4
"3-Multi";13;"B4 CHFU";1.07692307692308;0.0769230769230769;1;2;1;1;0.0485054690830928;1.28919435284947e-07;0;8.31851317687427e-09;1.05419256080541e-05;0.25;2
"3-Multi";14;"B4 LEMA";2.09300699300699;1.09300699300699;1;6;3;3;0.0884341331270796;0.00243657397531008;0.737785311469132;3.40709388546497e-10;0.000146499717014348;0.25;4
"3-Multi";15;"B5 LEMA";1.05236985236985;0.0523698523698524;1;4;2;2;0.0663065152783801;0.00158800426831602;0.910679469383261;1.52306288366223e-10;0.000137028710288032;0.25;4
"3-Multi";16;"B6 LEMA";1.25236985236985;0.252369852369852;1;6;3;3;0.0709180306938986;0.00163059035203965;0.820414570723989;1.54654198997025e-10;0.000127444771174482;0.25;4
"3-Multi";17;"C1 CHFU";2.15384615384615;1.15384615384615;1;4;2;2;0.0830602582728073;5.12087048642576e-06;0;1.38423673705501e-05;1.15373866908328e-05;0.25;2
"3-Multi";18;"C1 LEMA";1.24382284382284;0.243822843822844;1;6;3;3;0.0646834084397843;0.00346392612504426;0.77625816642152;9.50261279141225e-09;0.000314951149323903;0.25;6
"3-Multi";19;"C2 LEMA";2.52991452991453;1.52991452991453;1;6;3;3;0.0779168307734681;0.00121262023391264;0.779211561007583;6.76667517333227e-11;0.000105986013415974;0.25;4
"3-Multi";20;"C2 PUPA";1.33333333333333;0.333333333333333;1;2;1;1;0.0398052641913508;0.0616393380965136;0.000192229866317549;5.96190843017748e-05;0.265803253827747;0.25;2
"3-Multi";21;"C3 LEMA";1.02564102564103;0.0256410256410256;1;2;1;1;0.0554841370715959;0.000957082985119245;1;5.33610766798069e-11;0.000123553594621529;0.25;2
"3-Multi";22;"C4 LEMA";1.03527583527584;0.0352758352758353;1;4;2;2;0.0521498281904379;0.000949948944903144;0.83922304488987;1.16732239694298e-10;0.000147808802821234;0.25;4
"3-Multi";23;"C5 LEMA";2.0042735042735;1.0042735042735;1;4;2;2;0.0560263734701955;0.000192980807368683;0.506384418638483;9.36586431801578e-12;7.88706120775747e-05;0.25;2
"3-Multi";24;"C6 LEMA";2.02672882672883;1.02672882672883;1;6;3;3;0.0582269853570121;0.0006908229823338;0.550764796053932;1.04200151015498e-10;0.000136530761771183;0.25;4
"3-Multi";25;"D1 CHFU";1.15384615384615;0.153846153846154;1;2;1;1;0.0627618317265027;2.57838870675514e-07;0;1.66370263498966e-08;1.05419256080541e-05;0.25;2
"3-Multi";26;"D1 LEMA";1.05345765345765;0.0534576534576535;1;4;2;2;0.0558938628532513;0.00126184256639344;0.732038408149783;1.97890426682008e-10;0.000163978941621038;0.25;4
"3-Multi";27;"D2 LEMA";1.06627816627817;0.0662781662781663;1;4;2;2;0.0665113781692078;0.0017403840589531;0.821358938766522;2.24570961443658e-10;0.000150503825954535;0.25;4
"3-Multi";28;"D3 LEMA";1.04918414918415;0.0491841491841492;1;4;2;2;0.0523546910812656;0.00110232873554019;0.67844608977974;1.88996913313968e-10;0.00017206401102094;0.25;4
"3-Multi";29;"D4 LEMA";2.12082362082362;1.12082362082362;1;6;3;3;0.0885131085348889;0.00274941998542546;0.614073717075242;4.92903331918827e-10;0.00016563886848985;0.25;4
"3-Multi";30;"D5 LEMA";1.29409479409479;0.294094794094794;1;6;3;3;0.0723763406562382;0.00424009315866193;0.579841100472022;9.73719383784846e-09;0.000313054450682986;0.25;6
"3-Multi";31;"D6 LEMA";1.13146853146853;0.131468531468531;1;4;2;2;0.109186302323861;0.00380692981982866;0.885159317778479;4.03557778158344e-10;0.000140878743335604;0.25;4
"3-Multi";32;"D6 PUPA";1.5;0.5;1;2;1;1;0.0426287424911395;0.0133284593675421;2.32933553196951e-06;0.000184097508128634;0.0492048136285329;0.25;2
"3-Multi";33;"E1 LEMA";1.03100233100233;0.031002331002331;1;4;2;2;0.0486106564184526;0.000790435114049933;0.799028806112337;1.07838728082515e-10;0.000153872604871161;0.25;4
"3-Multi";34;"E2 LEMA";2.64832944832945;1.64832944832945;1;8;4;4;0.116602207556972;0.00236697234930406;0.405270160892934;2.52314506726274e-10;9.19612523924962e-05;0.25;4
"3-Multi";35;"E3 CHFU";1.23076923076923;0.230769230769231;1;2;1;1;0.0770181943699124;3.86758305950795e-07;0;2.49555395193319e-08;1.05419256080541e-05;0.25;2
"3-Multi";36;"E3 LEMA";1.87715617715618;0.877156177156177;1;8;4;4;0.0766916863233112;0.00142760277735232;0.623357196602583;1.41097038904981e-10;0.000113301160218032;0.25;6
"3-Multi";37;"E4 LEMA";1.02136752136752;0.0213675213675214;1;2;1;1;0.0519449652996104;0.000797569154266071;1;4.44675657621432e-11;0.000123553594621529;0.25;2
"3-Multi";38;"E5 LEMA";1.54063714063714;0.540637140637141;1;6;3;3;0.0606576070172591;0.000941410348153797;0.239582402323463;1.75456942948943e-10;0.000126739096463791;0.25;6
"3-Multi";39;"E6 LEMA";1.03954933954934;0.0395493395493395;1;4;2;2;0.0556889999624234;0.00110946277575633;0.866019204074892;1.2562575136014e-10;0.000143766268121284;0.25;4
"3-Multi";40;"F1 LEMA";1.04382284382284;0.0438228438228438;1;4;2;2;0.0592281717344089;0.00126897660660951;0.885159317778479;1.34519262494566e-10;0.000140878743335604;0.25;4
"3-Multi";41;"F2 CHFU";2;1;1;2;1;1;0.0827686738958903;0;0;0;1.04606028509917e-05;0.25;2
"3-Multi";42;"F2 LEMA";1.55236985236985;0.552369852369852;1;6;3;3;0.073515856880639;0.00164122425617875;0.820339598933111;1.56052698816524e-10;0.00012819709828093;0.25;4
"3-Multi";43;"F3 CHFU";1.07692307692308;0.0769230769230769;1;2;1;1;0.0485054690830929;1.28919435363959e-07;0;8.31851317874343e-09;1.05419256080541e-05;0.25;2
"3-Multi";44;"F3 LEMA";1.44234654234654;0.442346542346542;1;8;4;4;0.0690511196190596;0.00139932569343436;0.492442397747681;2.02008507612793e-10;0.000123925632842424;0.25;6
"3-Multi";45;"F4 CETE";1.5;0.5;1;2;1;1;0.0582205276411548;0.0202321763015772;2.45128308628315e-06;2.29212132023382e-06;0.0291441155814432;0.25;2
"3-Multi";46;"F4 LEMA";3.07482517482517;2.07482517482517;1;8;4;4;0.115453583255272;0.00241159916249304;0.497105728583096;2.6954503988132e-10;0.000102081318632216;0.25;4
"3-Multi";47;"F5 CHFU";1.15384615384615;0.153846153846154;1;2;1;1;0.0627618317265028;2.57838870694645e-07;0;1.66370263529616e-08;1.05419256080541e-05;0.25;2
"3-Multi";48;"F5 LEMA";1.32700077700078;0.327000777000777;1;6;3;3;0.0623516455627788;0.0133275539026131;0.298586348245213;5.03911767825483e-08;0.00219175183741122;0.25;4
"3-Multi";49;"F6 LEMA";2.97672882672883;1.97672882672883;1;10;5;5;0.11260388684927;0.269969357474514;0.248613496266164;4.58683732755704e-06;0.0208060122902224;0.25;6
"3-Multi";50;"F6 PUPA";2.16666666666667;1.16666666666667;1;4;2;2;0.0537410579944748;0.136607135560569;0.000128929689389041;0.000303335676732163;0.193603773761342;0.25;2
"3-Multi";51;"Andrena";1.29047619047619;0.29047619047619;1;4;2;2;0.0528133910975494;0.000361552634245303;2.32782570172713e-10;0.00803048279054151;6.26380207112e-05;0.25;4
"3-Multi";52;"Beetle.black.with.red.end";1.11111111111111;0.111111111111111;1;2;1;1;0.0391819398621464;7.93502828190893e-05;6.76668768423134e-11;0.00436630321884641;6.67181441632906e-05;0.25;2
"3-Multi";53;"Black_small_fly_LEMA";1.08333333333333;0.0833333333333333;1;2;1;1;0.0389774359838681;9.10262773939766e-05;1.79282890478954e-10;0.00322290295241742;7.56858885318516e-05;0.25;2
"3-Multi";54;"Bombilus_major";2;1;1;2;1;1;0.082768673895891;0;0;0;1.04606028509917e-05;0.25;2
"3-Multi";55;"Bombylidae";1.81111111111111;0.811111111111111;1;6;3;3;0.0618780286061592;0.000536934318722823;1.68428992875475e-10;0.0150879883473594;7.60260610778625e-05;0.25;6
"3-Multi";56;"Brassicogethes";25.9519448387869;24.9519448387869;1;72;36;36;1;0.0633793855831385;4.12655982376059e-08;1;0.000202492714793662;0.25;6
"3-Multi";57;"Cylindromyia";1.2;0.2;1;4;2;2;0.0426499865409593;0.000180733470876301;1.48574982882901e-10;0.00728076488176227;7.54125490759685e-05;0.25;4
"3-Multi";58;"Elateridae";1.44722222222222;0.447222222222222;1;8;4;4;0.0577764575084062;0.0186349556248275;9.28795726118779e-07;0.0139501069228145;0.0025965130221671;0.25;6
"3-Multi";59;"Episyrphus_balteatus";1.55555555555556;0.555555555555556;1;4;2;2;0.0681994959781469;0.000647798488858301;2.41135527221817e-10;0.012331571241534;6.26418439691377e-05;0.25;4
"3-Multi";60;"Eucera";2;1;1;2;1;1;0.0827686738958901;0;0;0;1.04606028509917e-05;0.25;2
"3-Multi";61;"Lepidoptera";1.07692307692308;0.0769230769230769;1;2;1;1;0.0383569785088638;0.00012455578715915;4.92903487543794e-10;0.00238219973139042;0.000101849351020886;0.25;2
"3-Multi";62;"Malachius_bipustulatus";1.2020202020202;0.202020202020202;1;4;2;2;0.0431519554823554;0.000167392060587586;7.93008223794986e-11;0.00853774584940165;6.97992131738361e-05;0.25;4
"3-Multi";63;"Mordellidae";1.1;0.1;1;2;1;1;0.0386374629454227;9.68831950647645e-05;1.60395369569946e-10;0.00413550114464282;7.99564619391128e-05;0.25;2
"3-Multi";64;"Musca";1.5;0.5;1;2;1;1;0.0471434124868444;5.68264205636221e-05;9.36598178655961e-12;0.0127688372769666;5.07491386183538e-05;0.25;2
"3-Multi";65;"Musca_sp.";1.31578947368421;0.315789473684211;1;2;1;1;0.0583443928854631;0.00044850671701615;2.69545117567605e-10;0.00791675912702042;6.44185620226856e-05;0.25;2
"3-Multi";66;"Oedemeridae";1.08333333333333;0.0833333333333333;1;2;1;1;0.0389774359838681;9.10262773939717e-05;1.79282868280424e-10;0.00322290295241742;7.56858885318516e-05;0.25;2
"3-Multi";67;"Other_Black_small_fly";2.81429681429681;0.612276612276612;2.2020202020202;8;4;4;0.0576863061565015;0.000119082507371357;0.000274149594717056;0.0028633757525793;9.91927077484658e-05;0.5;2
"3-Multi";68;"Psilothrix_viridicoerulea";7.11677109440267;6.11677109440267;1;58;29;29;0.26794789624716;0.0291274861770875;8.85103380308705e-08;0.19611522444935;0.000408419659659047;0.25;6
"3-Multi";69;"Red_black_fly_6.19.5";1.10526315789474;0.105263157894737;1;2;1;1;0.0422808685882762;0.000149502239005339;2.69545151562563e-10;0.00263891970900681;6.44185620226856e-05;0.25;2
"3-Multi";70;"Small.bee.1.18.6";14.2777777777778;6.83333333333333;7.44444444444444;20;10;10;0.176828336354022;1;0.00714835095187973;0.00351667860314648;1;0.75;2
"3-Multi";71;"Small.bee.1.8.6";6.27777777777778;3.05555555555556;3.22222222222222;12;6;6;0.111700365069005;0.126226127294734;0.00730487862221352;0.00705952100940698;0.103984474096988;0.5;4
"3-Multi";72;"Sphaerophoria_scripta";1.25;0.25;1;2;1;1;0.0411638894892251;0.000101712180251668;1.04200353820998e-10;0.00694395976637965;8.47067864764058e-05;0.25;2
"3-Multi";73;"Tabanidae";2.5;1.5;1;4;2;2;0.0820901738332287;0.0687078594577413;9.09005649471718e-05;2.45128308617136e-06;0.0494794613478259;0.25;2
"3-Multi";74;"Ulidiidae";7.66666666666667;6.66666666666667;1;14;7;7;0.243725317317214;2.84574230507687e-06;2.14431234967074e-06;0;1.05986890448682e-05;0.25;2
"4-Multi";1;"A1 LEMA";1.01709401709402;0.0170940170940171;1;2;1;1;0.0484057935276251;0.000638055323412907;1;3.55740557244569e-11;0.000123553594621529;0.25;2
"4-Multi";2;"A2 CETE";2;1;1;2;1;1;0.0827686738958914;0;0;0;1.04606028509917e-05;0.25;2
"4-Multi";3;"A2 LEMA";1.05664335664336;0.0566433566433566;1;4;2;2;0.0698456870503654;0.00174751809916923;0.919611522444935;1.61199800323591e-10;0.000135681198721382;0.25;4
"4-Multi";4;"A3 CETE";2.5;1.5;1;4;2;2;0.0731866516035665;0.192865462286647;9.23100095367609e-05;0.000179509008573872;0.138873717546539;0.25;2
"4-Multi";5;"A3 LEMA";1.54273504273504;0.542735042735043;1;4;2;2;0.077063502561901;0.00164442969539943;0.909867067804491;9.09347569954449e-11;0.000116449335322545;0.25;4
"4-Multi";6;"A4 LEMA";1.12509712509713;0.125097125097125;1;4;2;2;0.0812826539296324;0.00283557875427708;0.690813547865135;4.76939027334538e-10;0.000170198225774809;0.25;4
"4-Multi";7;"A5 LEMA";1.48228438228438;0.482284382284382;1;6;3;3;0.101991191093029;0.00709450012115805;0.845778635460832;1.89507479326955e-08;0.000286947196523721;0.25;6
"4-Multi";8;"A6 LEMA";3.05664335664336;2.05664335664336;1;8;4;4;0.0924397175123384;0.00185473492745418;0.766880085862849;1.79282749775647e-10;0.00012121326015776;0.25;4
"4-Multi";9;"B1 CHFU";1.15384615384615;0.153846153846154;1;2;1;1;0.0627618317265028;2.57838870704703e-07;0;1.66370263520238e-08;1.05419256080541e-05;0.25;2
"4-Multi";10;"B1 LEMA";2.05236985236985;1.05236985236985;1;6;3;3;0.0773145534266951;0.00164506201683749;0.8200250725594;1.60395241284897e-10;0.00012846470180559;0.25;4
"4-Multi";11;"B2 LEMA";1.04273504273504;0.0427350427350427;1;2;1;1;0.0696408241595379;0.00159513830853216;1;8.89351270988667e-11;0.000123553594621529;0.25;2
"4-Multi";12;"B3 LEMA";1.07055167055167;0.0705516705516706;1;4;2;2;0.0700505499411931;0.00189989788980623;0.83922304488987;2.33464471611993e-10;0.000147808802821234;0.25;4
"4-Multi";13;"B4 CHFU";1.07692307692308;0.0769230769230769;1;2;1;1;0.0485054690830928;1.28919435284947e-07;0;8.31851317687427e-09;1.05419256080541e-05;0.25;2
"4-Multi";14;"B4 LEMA";2.09300699300699;1.09300699300699;1;6;3;3;0.0884341331270796;0.00243657397531008;0.737785311469132;3.40709388546497e-10;0.000146499717014348;0.25;4
"4-Multi";15;"B5 LEMA";1.05236985236985;0.0523698523698524;1;4;2;2;0.0663065152783801;0.00158800426831602;0.910679469383261;1.52306288366223e-10;0.000137028710288032;0.25;4
"4-Multi";16;"B6 LEMA";1.25236985236985;0.252369852369852;1;6;3;3;0.0709180306938986;0.00163059035203965;0.820414570723989;1.54654198997025e-10;0.000127444771174482;0.25;4
"4-Multi";17;"C1 CHFU";2.15384615384615;1.15384615384615;1;4;2;2;0.0830602582728073;5.12087048642576e-06;0;1.38423673705501e-05;1.15373866908328e-05;0.25;2
"4-Multi";18;"C1 LEMA";1.24382284382284;0.243822843822844;1;6;3;3;0.0646834084397843;0.00346392612504426;0.77625816642152;9.50261279141225e-09;0.000314951149323903;0.25;6
"4-Multi";19;"C2 LEMA";2.52991452991453;1.52991452991453;1;6;3;3;0.0779168307734681;0.00121262023391264;0.779211561007583;6.76667517333227e-11;0.000105986013415974;0.25;4
"4-Multi";20;"C2 PUPA";1.33333333333333;0.333333333333333;1;2;1;1;0.0398052641913508;0.0616393380965136;0.000192229866317549;5.96190843017748e-05;0.265803253827747;0.25;2
"4-Multi";21;"C3 LEMA";1.02564102564103;0.0256410256410256;1;2;1;1;0.0554841370715959;0.000957082985119245;1;5.33610766798069e-11;0.000123553594621529;0.25;2
"4-Multi";22;"C4 LEMA";1.03527583527584;0.0352758352758353;1;4;2;2;0.0521498281904379;0.000949948944903144;0.83922304488987;1.16732239694298e-10;0.000147808802821234;0.25;4
"4-Multi";23;"C5 LEMA";2.0042735042735;1.0042735042735;1;4;2;2;0.0560263734701955;0.000192980807368683;0.506384418638483;9.36586431801578e-12;7.88706120775747e-05;0.25;2
"4-Multi";24;"C6 LEMA";2.02672882672883;1.02672882672883;1;6;3;3;0.0582269853570121;0.0006908229823338;0.550764796053932;1.04200151015498e-10;0.000136530761771183;0.25;4
"4-Multi";25;"D1 CHFU";1.15384615384615;0.153846153846154;1;2;1;1;0.0627618317265027;2.57838870675514e-07;0;1.66370263498966e-08;1.05419256080541e-05;0.25;2
"4-Multi";26;"D1 LEMA";1.05345765345765;0.0534576534576535;1;4;2;2;0.0558938628532513;0.00126184256639344;0.732038408149783;1.97890426682008e-10;0.000163978941621038;0.25;4
"4-Multi";27;"D2 LEMA";1.06627816627817;0.0662781662781663;1;4;2;2;0.0665113781692078;0.0017403840589531;0.821358938766522;2.24570961443658e-10;0.000150503825954535;0.25;4
"4-Multi";28;"D3 LEMA";1.04918414918415;0.0491841491841492;1;4;2;2;0.0523546910812656;0.00110232873554019;0.67844608977974;1.88996913313968e-10;0.00017206401102094;0.25;4
"4-Multi";29;"D4 LEMA";2.12082362082362;1.12082362082362;1;6;3;3;0.0885131085348889;0.00274941998542546;0.614073717075242;4.92903331918827e-10;0.00016563886848985;0.25;4
"4-Multi";30;"D5 LEMA";1.29409479409479;0.294094794094794;1;6;3;3;0.0723763406562382;0.00424009315866193;0.579841100472022;9.73719383784846e-09;0.000313054450682986;0.25;6
"4-Multi";31;"D6 LEMA";1.13146853146853;0.131468531468531;1;4;2;2;0.109186302323861;0.00380692981982866;0.885159317778479;4.03557778158344e-10;0.000140878743335604;0.25;4
"4-Multi";32;"D6 PUPA";1.5;0.5;1;2;1;1;0.0426287424911395;0.0133284593675421;2.32933553196951e-06;0.000184097508128634;0.0492048136285329;0.25;2
"4-Multi";33;"E1 LEMA";1.03100233100233;0.031002331002331;1;4;2;2;0.0486106564184526;0.000790435114049933;0.799028806112337;1.07838728082515e-10;0.000153872604871161;0.25;4
"4-Multi";34;"E2 LEMA";2.64832944832945;1.64832944832945;1;8;4;4;0.116602207556972;0.00236697234930406;0.405270160892934;2.52314506726274e-10;9.19612523924962e-05;0.25;4
"4-Multi";35;"E3 CHFU";1.23076923076923;0.230769230769231;1;2;1;1;0.0770181943699124;3.86758305950795e-07;0;2.49555395193319e-08;1.05419256080541e-05;0.25;2
"4-Multi";36;"E3 LEMA";1.87715617715618;0.877156177156177;1;8;4;4;0.0766916863233112;0.00142760277735232;0.623357196602583;1.41097038904981e-10;0.000113301160218032;0.25;6
"4-Multi";37;"E4 LEMA";1.02136752136752;0.0213675213675214;1;2;1;1;0.0519449652996104;0.000797569154266071;1;4.44675657621432e-11;0.000123553594621529;0.25;2
"4-Multi";38;"E5 LEMA";1.54063714063714;0.540637140637141;1;6;3;3;0.0606576070172591;0.000941410348153797;0.239582402323463;1.75456942948943e-10;0.000126739096463791;0.25;6
"4-Multi";39;"E6 LEMA";1.03954933954934;0.0395493395493395;1;4;2;2;0.0556889999624234;0.00110946277575633;0.866019204074892;1.2562575136014e-10;0.000143766268121284;0.25;4
"4-Multi";40;"F1 LEMA";1.04382284382284;0.0438228438228438;1;4;2;2;0.0592281717344089;0.00126897660660951;0.885159317778479;1.34519262494566e-10;0.000140878743335604;0.25;4
"4-Multi";41;"F2 CHFU";2;1;1;2;1;1;0.0827686738958903;0;0;0;1.04606028509917e-05;0.25;2
"4-Multi";42;"F2 LEMA";1.55236985236985;0.552369852369852;1;6;3;3;0.073515856880639;0.00164122425617875;0.820339598933111;1.56052698816524e-10;0.00012819709828093;0.25;4
"4-Multi";43;"F3 CHFU";1.07692307692308;0.0769230769230769;1;2;1;1;0.0485054690830929;1.28919435363959e-07;0;8.31851317874343e-09;1.05419256080541e-05;0.25;2
"4-Multi";44;"F3 LEMA";1.44234654234654;0.442346542346542;1;8;4;4;0.0690511196190596;0.00139932569343436;0.492442397747681;2.02008507612793e-10;0.000123925632842424;0.25;6
"4-Multi";45;"F4 CETE";1.5;0.5;1;2;1;1;0.0582205276411548;0.0202321763015772;2.45128308628315e-06;2.29212132023382e-06;0.0291441155814432;0.25;2
"4-Multi";46;"F4 LEMA";3.07482517482517;2.07482517482517;1;8;4;4;0.115453583255272;0.00241159916249304;0.497105728583096;2.6954503988132e-10;0.000102081318632216;0.25;4
"4-Multi";47;"F5 CHFU";1.15384615384615;0.153846153846154;1;2;1;1;0.0627618317265028;2.57838870694645e-07;0;1.66370263529616e-08;1.05419256080541e-05;0.25;2
"4-Multi";48;"F5 LEMA";1.32700077700078;0.327000777000777;1;6;3;3;0.0623516455627788;0.0133275539026131;0.298586348245213;5.03911767825483e-08;0.00219175183741122;0.25;4
"4-Multi";49;"F6 LEMA";2.97672882672883;1.97672882672883;1;10;5;5;0.11260388684927;0.269969357474514;0.248613496266164;4.58683732755704e-06;0.0208060122902224;0.25;6
"4-Multi";50;"F6 PUPA";2.16666666666667;1.16666666666667;1;4;2;2;0.0537410579944748;0.136607135560569;0.000128929689389041;0.000303335676732163;0.193603773761342;0.25;2
"4-Multi";51;"Andrena";1.29047619047619;0.29047619047619;1;4;2;2;0.0528133910975494;0.000361552634245303;2.32782570172713e-10;0.00803048279054151;6.26380207112e-05;0.25;4
"4-Multi";52;"Beetle.black.with.red.end";1.11111111111111;0.111111111111111;1;2;1;1;0.0391819398621464;7.93502828190893e-05;6.76668768423134e-11;0.00436630321884641;6.67181441632906e-05;0.25;2
"4-Multi";53;"Black_small_fly_LEMA";1.08333333333333;0.0833333333333333;1;2;1;1;0.0389774359838681;9.10262773939766e-05;1.79282890478954e-10;0.00322290295241742;7.56858885318516e-05;0.25;2
"4-Multi";54;"Bombilus_major";2;1;1;2;1;1;0.082768673895891;0;0;0;1.04606028509917e-05;0.25;2
"4-Multi";55;"Bombylidae";1.81111111111111;0.811111111111111;1;6;3;3;0.0618780286061592;0.000536934318722823;1.68428992875475e-10;0.0150879883473594;7.60260610778625e-05;0.25;6
"4-Multi";56;"Brassicogethes";25.9519448387869;24.9519448387869;1;72;36;36;1;0.0633793855831385;4.12655982376059e-08;1;0.000202492714793662;0.25;6
"4-Multi";57;"Cylindromyia";1.2;0.2;1;4;2;2;0.0426499865409593;0.000180733470876301;1.48574982882901e-10;0.00728076488176227;7.54125490759685e-05;0.25;4
"4-Multi";58;"Elateridae";1.44722222222222;0.447222222222222;1;8;4;4;0.0577764575084062;0.0186349556248275;9.28795726118779e-07;0.0139501069228145;0.0025965130221671;0.25;6
"4-Multi";59;"Episyrphus_balteatus";1.55555555555556;0.555555555555556;1;4;2;2;0.0681994959781469;0.000647798488858301;2.41135527221817e-10;0.012331571241534;6.26418439691377e-05;0.25;4
"4-Multi";60;"Eucera";2;1;1;2;1;1;0.0827686738958901;0;0;0;1.04606028509917e-05;0.25;2
"4-Multi";61;"Lepidoptera";1.07692307692308;0.0769230769230769;1;2;1;1;0.0383569785088638;0.00012455578715915;4.92903487543794e-10;0.00238219973139042;0.000101849351020886;0.25;2
"4-Multi";62;"Malachius_bipustulatus";1.2020202020202;0.202020202020202;1;4;2;2;0.0431519554823554;0.000167392060587586;7.93008223794986e-11;0.00853774584940165;6.97992131738361e-05;0.25;4
"4-Multi";63;"Mordellidae";1.1;0.1;1;2;1;1;0.0386374629454227;9.68831950647645e-05;1.60395369569946e-10;0.00413550114464282;7.99564619391128e-05;0.25;2
"4-Multi";64;"Musca";1.5;0.5;1;2;1;1;0.0471434124868444;5.68264205636221e-05;9.36598178655961e-12;0.0127688372769666;5.07491386183538e-05;0.25;2
"4-Multi";65;"Musca_sp.";1.31578947368421;0.315789473684211;1;2;1;1;0.0583443928854631;0.00044850671701615;2.69545117567605e-10;0.00791675912702042;6.44185620226856e-05;0.25;2
"4-Multi";66;"Oedemeridae";1.08333333333333;0.0833333333333333;1;2;1;1;0.0389774359838681;9.10262773939717e-05;1.79282868280424e-10;0.00322290295241742;7.56858885318516e-05;0.25;2
"4-Multi";67;"Other_Black_small_fly";2.81429681429681;0.612276612276612;2.2020202020202;8;4;4;0.0576863061565015;0.000119082507371357;0.000274149594717056;0.0028633757525793;9.91927077484658e-05;0.5;2
"4-Multi";68;"Psilothrix_viridicoerulea";7.11677109440267;6.11677109440267;1;58;29;29;0.26794789624716;0.0291274861770875;8.85103380308705e-08;0.19611522444935;0.000408419659659047;0.25;6
"4-Multi";69;"Red_black_fly_6.19.5";1.10526315789474;0.105263157894737;1;2;1;1;0.0422808685882762;0.000149502239005339;2.69545151562563e-10;0.00263891970900681;6.44185620226856e-05;0.25;2
"4-Multi";70;"Small.bee.1.18.6";14.2777777777778;6.83333333333333;7.44444444444444;20;10;10;0.176828336354022;1;0.00714835095187973;0.00351667860314648;1;0.75;2
"4-Multi";71;"Small.bee.1.8.6";6.27777777777778;3.05555555555556;3.22222222222222;12;6;6;0.111700365069005;0.126226127294734;0.00730487862221352;0.00705952100940698;0.103984474096988;0.5;4
"4-Multi";72;"Sphaerophoria_scripta";1.25;0.25;1;2;1;1;0.0411638894892251;0.000101712180251668;1.04200353820998e-10;0.00694395976637965;8.47067864764058e-05;0.25;2
"4-Multi";73;"Tabanidae";2.5;1.5;1;4;2;2;0.0820901738332287;0.0687078594577413;9.09005649471718e-05;2.45128308617136e-06;0.0494794613478259;0.25;2
"4-Multi";74;"Ulidiidae";7.66666666666667;6.66666666666667;1;14;7;7;0.243725317317214;2.84574230507687e-06;2.14431234967074e-06;0;1.05986890448682e-05;0.25;2
"Aggr";1;"A1 LEMA";1.01709401709402;0.0170940170940171;1;2;1;1;0.0235159647679139;0.00553592234320506;1;0;0.00388440226599515;0;2
"Aggr";2;"A2 CETE";2;1;1;2;1;1;0.0599070015866181;0;0;0;1.51117271340067e-05;0;2
"Aggr";3;"A2 LEMA";1.05664335664336;0.0566433566433566;1;4;2;2;0.045478609735254;0.0150660333606812;0.919611568087323;0;0.00428484993779675;0;4
"Aggr";4;"A3 CETE";2.5;1.5;1;4;2;2;0.0612718348130713;0.824828079276833;0.00158842514646388;0;0.439523596620844;0;2
"Aggr";5;"A3 LEMA";1.54273504273504;0.542735042735043;1;4;2;2;0.0530446988379489;0.0145042273470538;0.909867067457425;0;0.00370151483304689;0;4
"Aggr";6;"A4 LEMA";1.12509712509713;0.125097125097125;1;4;2;2;0.0570471383226396;0.0241228851233389;0.69081372341278;0;0.00542458561907823;0;4
"Aggr";7;"A5 LEMA";1.48228438228438;0.482284382284382;1;6;3;3;0.0778800587764184;0.0490158971503333;0.845778673105295;0;0.0074706339641682;0;6
"Aggr";8;"A6 LEMA";3.05664335664336;2.05664335664336;1;8;4;4;0.0690723582831267;0.016505308427332;0.766880123684798;0;0.00391313018894714;0;4
"Aggr";9;"B1 CHFU";1.15384615384615;0.153846153846154;1;2;1;1;0.0365735662669292;0.000113456011585091;4.77964742621653e-05;0;0.000179082551278576;0;2
"Aggr";10;"B1 LEMA";2.05236985236985;1.05236985236985;1;6;3;3;0.0533379399677408;0.0144374252531108;0.820025118040052;0;0.00411228237791833;0;4
"Aggr";11;"B2 LEMA";1.04273504273504;0.0427350427350427;1;2;1;1;0.0453108365627753;0.0138398058590062;1;0;0.00388440226599515;0;2
"Aggr";12;"B3 LEMA";1.07055167055167;0.0705516705516706;1;4;2;2;0.0456463829077437;0.0162922608618231;0.839223136174646;0;0.00468529760959835;0;4
"Aggr";13;"B4 CHFU";1.07692307692308;0.0769230769230769;1;2;1;1;0.0227798082524566;5.67280060040391e-05;4.77964742620794e-05;0;0.000179082551278576;0;2
"Aggr";14;"B4 LEMA";2.09300699300699;1.09300699300699;1;6;3;3;0.0644646305746531;0.021351252751141;0.737786602471316;0;0.00474763671456096;0;4
"Aggr";15;"B5 LEMA";1.05236985236985;0.0523698523698524;1;4;2;2;0.0418461311027887;0.0136820527741549;0.910679520097025;0;0.00432934412355248;0;4
"Aggr";16;"B6 LEMA";1.25236985236985;0.252369852369852;1;6;3;3;0.0466324328395802;0.0142898437846509;0.820414616070679;0;0.00407178572824388;0;4
"Aggr";17;"C1 CHFU";2.15384615384615;1.15384615384615;1;4;2;2;0.0479590834963885;0.00117825922815029;0.00099146081865019;0;0.00115039501528663;0;2
"Aggr";18;"C1 LEMA";1.24382284382284;0.243822843822844;1;6;3;3;0.039884462460975;0.0237370817396973;0.776258237298034;0;0.00816919272131583;0;6
"Aggr";19;"C2 LEMA";2.52991452991453;1.52991452991453;1;6;3;3;0.0541309152262336;0.0109912489271199;0.779211560366349;0;0.00342943575601546;0;4
"Aggr";20;"C2 PUPA";1.33333333333333;0.333333333333333;1;2;1;1;0.0169521495124195;0.226238852170772;0.00313466984160251;0;0.72332565914108;0;2
"Aggr";21;"C3 LEMA";1.02564102564103;0.0256410256410256;1;2;1;1;0.0307809220328624;0.00830388351539264;1;0;0.00388440226599515;0;2
"Aggr";22;"C4 LEMA";1.03527583527584;0.0352758352758353;1;4;2;2;0.0273162165728649;0.00814613043106674;0.839223136174646;0;0.00468529760959835;0;4
"Aggr";23;"C5 LEMA";2.0042735042735;1.0042735042735;1;4;2;2;0.031712988763688;0.00187430218566012;0.506384415751104;0;0.00263515148567814;0;2
"Aggr";24;"C6 LEMA";2.02672882672883;1.02672882672883;1;6;3;3;0.0337933205311403;0.00618750126952851;0.550764909743035;0;0.00450554005638773;0;4
"Aggr";25;"D1 CHFU";1.15384615384615;0.153846153846154;1;2;1;1;0.0365735662669262;0.000113456011731349;4.77964742620889e-05;0;0.000179082551278576;0;2
"Aggr";26;"D1 LEMA";1.05345765345765;0.0534576534576535;1;4;2;2;0.0311164683778313;0.0107563385181864;0.732038560291076;0;0.00521922783866716;0;4
"Aggr";27;"D2 LEMA";1.06627816627817;0.0662781662781663;1;4;2;2;0.0420139042752734;0.0149082802755376;0.821359040194051;0;0.00477428598110982;0;4
"Aggr";28;"D3 LEMA";1.04918414918415;0.0491841491841492;1;4;2;2;0.0274839897453509;0.00937235793238684;0.678446272349291;0;0.00548619295320155;0;4
"Aggr";29;"D4 LEMA";2.12082362082362;1.12082362082362;1;6;3;3;0.0646456062798972;0.0236924422777587;0.614073892593434;0;0.00534130417146732;0;4
"Aggr";30;"D5 LEMA";1.29409479409479;0.294094794094794;1;6;3;3;0.0476527392433748;0.0301837254161735;0.579841294100396;0;0.00851357764565649;0;6
"Aggr";31;"D6 LEMA";1.13146853146853;0.131468531468531;1;4;2;2;0.0857714210374806;0.0327422748085337;0.885159382981889;0;0.00445647036856887;0;4
"Aggr";32;"D6 PUPA";1.5;0.5;1;2;1;1;0.0225006032807598;0.202054856060402;0.00712374313441772;0;0.385417797357894;0;2
"Aggr";33;"E1 LEMA";1.03100233100233;0.031002331002331;1;4;2;2;0.0236837379403945;0.006762149844784;0.799028920218307;0;0.00488552144549915;0;4
"Aggr";34;"E2 LEMA";2.64832944832945;1.64832944832945;1;8;4;4;0.0939126736645354;0.0229916758723567;0.405270202571675;0;0.00315487220500004;0;4
"Aggr";35;"E3 CHFU";1.23076923076923;0.230769230769231;1;2;1;1;0.0503673242813982;0.000170184017348797;4.77964742620226e-05;0;0.000179082551278576;0;2
"Aggr";36;"E3 LEMA";1.87715617715618;0.877156177156177;1;8;4;4;0.0527279026974549;0.0131055738045217;0.623357241583603;0;0.00375812522399495;0;6
"Aggr";37;"E4 LEMA";1.02136752136752;0.0213675213675214;1;2;1;1;0.0271484434003805;0.00691990292967038;0.999999999999999;0;0.00388440226599515;0;2
"Aggr";38;"E5 LEMA";1.54063714063714;0.540637140637141;1;6;3;3;0.0361790168518802;0.0088122275603224;0.239582553510242;0;0.00435761874105468;0;6
"Aggr";39;"E6 LEMA";1.03954933954934;0.0395493395493395;1;4;2;2;0.0309486952053375;0.00953011101724425;0.866019280145538;0;0.00455181505233115;0;4
"Aggr";40;"F1 LEMA";1.04382284382284;0.0438228438228438;1;4;2;2;0.0345811738378269;0.0109140916026067;0.885159382981889;0;0.00445647036856887;0;4
"Aggr";41;"F2 CHFU";2;1;1;2;1;1;0.0599070015866194;0;0;0;1.51117271340067e-05;0;2
"Aggr";42;"F2 LEMA";1.55236985236985;0.552369852369852;1;6;3;3;0.0493528703814076;0.0144016477771386;0.820339644295936;0;0.00410276886303994;0;4
"Aggr";43;"F3 CHFU";1.07692307692308;0.0769230769230769;1;2;1;1;0.0227798082524585;5.67280059091163e-05;4.77964742620656e-05;0;0.000179082551278576;0;2
"Aggr";44;"F3 LEMA";1.44234654234654;0.442346542346542;1;8;4;4;0.0447567728282037;0.0127117823955977;0.492442498145117;0;0.00411276915513833;0;6
"Aggr";45;"F4 CETE";1.5;0.5;1;2;1;1;0.0373735369898107;0.146111522763547;4.2180451325264e-05;0;0.155721534100609;0;2
"Aggr";46;"F4 LEMA";3.07482517482517;2.07482517482517;1;8;4;4;0.0927797119478887;0.0226704685940622;0.497105775650288;0;0.00342874875821247;0;4
"Aggr";47;"F5 CHFU";1.15384615384615;0.153846153846154;1;2;1;1;0.0365735662669301;0.000113456011543307;4.77964742620951e-05;0;0.000179082551278576;0;2
"Aggr";48;"F5 LEMA";1.32700077700078;0.327000777000777;1;6;3;3;0.0345768126117036;0.112852240965373;0.298597744437888;0;0.0701429525933223;0;4
"Aggr";49;"F6 LEMA";2.97672882672883;1.97672882672883;1;10;5;5;0.0695246753184731;1;0.248634051941192;0;0.294746738118043;0;6
"Aggr";50;"F6 PUPA";2.16666666666667;1.16666666666667;1;4;2;2;0.0384328018296038;0.65453256040242;0.00446436093920758;0;0.610689705213351;0;4
"Aggr";51;"Andrena";1.29047619047619;0.29047619047619;1;4;2;2;0.028154716098842;0.00420134719631802;0;0.00803047983356674;0.00241881256568489;0;4
"Aggr";52;"Beetle.black.with.red.end";1.11111111111111;0.111111111111111;1;2;1;1;0.0140984144538007;0.000883365102539526;0;0.00436630126547116;0.00248476563024874;0;2
"Aggr";53;"Black_small_fly_LEMA";1.08333333333333;0.0833333333333333;1;2;1;1;0.01387867561637;0.00099489695612127;0;0.00322290167217425;0.0028346322024018;0;2
"Aggr";54;"Bombilus_major";2;1;1;2;1;1;0.0599070015866191;0;0;0;1.51117271340067e-05;0;2
"Aggr";55;"Bombylidae";1.81111111111111;0.811111111111111;1;6;3;3;0.0375529044035177;0.00610464029479533;0;0.015087986438331;0.00298208064587752;0;6
"Aggr";56;"Brassicogethes";25.9519448387869;24.9519448387869;1;72;36;36;1;0.447723769329664;0;1;0.00536444899455254;0;6
"Aggr";57;"Cylindromyia";1.2;0.2;1;4;2;2;0.0176629159496877;0.00198967631381081;0;0.00728076208613749;0.00284715785524478;0;4
"Aggr";58;"Elateridae";1.44722222222222;0.447222222222222;1;8;4;4;0.031195815430233;0.0886387470652747;0;0.0139502175110415;0.047218379567903;0;6
"Aggr";59;"Episyrphus_balteatus";1.55555555555556;0.555555555555556;1;4;2;2;0.0440486981993721;0.00758680135448668;0;0.0123315675606344;0.00244013845844147;0;4
"Aggr";60;"Eucera";2;1;1;2;1;1;0.0599070015866182;0;0;0;1.51117271340067e-05;0;2
"Aggr";61;"Lepidoptera";1.07692307692308;0.0769230769230769;1;2;1;1;0.0132128783409179;0.00131826336428008;0;0.00238219934850816;0.00386766111835193;0;2
"Aggr";62;"Malachius_bipustulatus";1.2020202020202;0.202020202020202;1;4;2;2;0.0181973230003597;0.0018371218363832;0;0.00853774203166853;0.00258316595032127;0;4
"Aggr";63;"Mordellidae";1.1;0.1;1;2;1;1;0.0135197751352457;0.00104430042020158;0;0.00413549952729108;0.00297868325808549;0;2
"Aggr";64;"Musca";1.5;0.5;1;2;1;1;0.0224640704625883;0.000677868293959556;0;0.0127688315022075;0.00191024275783589;0;2
"Aggr";65;"Musca_sp.";1.31578947368421;0.315789473684211;1;2;1;1;0.0338900781819147;0.00517837920869;0;0.00791675634135246;0.00248426870998247;0;2
"Aggr";66;"Oedemeridae";1.08333333333333;0.0833333333333333;1;2;1;1;0.0138786756163654;0.00099489695634582;0;0.00322290167217425;0.0028346322024018;0;2
"Aggr";67;"Other_Black_small_fly";2.41025641025641;0.41025641025641;2;4;2;2;0.0267894523046488;0.00147208758669863;0;0.00287878950742619;0.00427035411875113;0;2
"Aggr";68;"Psilothrix_viridicoerulea";7.11677109440267;6.11677109440267;1;58;29;29;0.245898646203366;0.198473311710095;0;0.196115680873228;0.0109006826604012;0;6
"Aggr";69;"Red_black_fly_6.19.5";1.10526315789474;0.105263157894737;1;2;1;1;0.0172873928859615;0.00172612640314696;0;0.00263891878045083;0.00248426870998247;0;2
"Aggr";70;"Small.bee.1.18.6";5.38888888888889;2.38888888888889;3;8;4;4;0.0843469334938328;0.938323815818339;0;0.00313466984160247;1;0;4
"Aggr";71;"Small.bee.1.8.6";3.83333333333333;1.83333333333333;2;8;4;4;0.0635978966719033;0.558680591252154;0;0.00712374313441755;0.532838617354763;0;4
"Aggr";72;"Sphaerophoria_scripta";1.25;0.25;1;2;1;1;0.0161671308508762;0.00111889933013413;0;0.00694395809891395;0.00326313498333078;0;2
"Aggr";73;"Tabanidae";2.5;1.5;1;4;2;2;0.0667940864748795;0.403997575301432;0;4.21804513250993e-05;0.215280974968305;0;2
"Aggr";74;"Ulidiidae";7.66666666666667;6.66666666666667;1;14;7;7;0.210963357868317;0.00101954210163375;0;4.77964742617736e-05;0.000241803217875368;0;2
