"Layer";"Node";"Label";"Strength";"StrengthIn";"StrengthOut";"Degree";"DegreeIn";"DegreeOut";"PageRank";"Eigenvector";"Hub";"Authority";"Katz";"Multiplexity";"Kcore"
"1-Multi";1;"A1 LEMA";1.02614379084967;0.0261437908496732;1;2;1;1;0.0691129056521196;0.000827412863313191;1;1.01849501263249e-08;0.00136134732082454;0.2;2
"1-Multi";2;"A2 CHFU";1.23529411764706;0.235294117647059;1;2;1;1;0.113112233172889;0;0;0;1.57425410970544e-05;0.2;2
"1-Multi";3;"A2 LEMA";2.1301247771836;1.1301247771836;1;6;3;3;0.0987727336690554;0.0168603154616912;0.756401093995592;1.30738614549088e-05;0.0137240943518243;0.2;4
"1-Multi";4;"A2 PUPA";1.2;0.2;1;2;1;1;0.0575633551853273;1.62498600605152e-05;9.96166906063864e-06;4.03955836765913e-06;0.000198480672834256;0.2;2
"1-Multi";5;"A3 CETE";1.2;0.2;1;2;1;1;0.0614259732499627;6.76317381165842e-06;1.73837830893842e-05;6.41466303557334e-08;0.000115020814913666;0.2;2
"1-Multi";6;"A3 CHFU";1.05882352941176;0.0588235294117647;1;2;1;1;0.0640825959800786;0;0;0;1.57425410970544e-05;0.2;2
"1-Multi";7;"A3 LEMA";1.5517848164907;0.551784816490699;1;6;3;3;0.0901374310460109;0.000960075120595954;0.702591587506755;1.93305124538015e-08;0.00105676385164827;0.2;4
"1-Multi";8;"A4 BEMA";2;1;1;2;1;1;0.0620955571370004;8.83991480783442e-06;1.0527779807587e-10;0.00157903455680968;0.00024825567079156;0.2;2
"1-Multi";9;"A4 LEMA";1.01960784313725;0.0196078431372549;1;2;1;1;0.0637695251347085;0.000620559647484969;1;7.6387125962343e-09;0.00136134732082454;0.2;2
"1-Multi";10;"A5 CETE";1.4;0.4;1;2;1;1;0.0751125629174503;1.3526347622186e-05;1.73837830892897e-05;1.2829326072017e-07;0.000115020814913666;0.2;2
"1-Multi";11;"A5 CHFU";1.05882352941176;0.0588235294117647;1;2;1;1;0.0640825959800786;0;0;0;1.57425410970544e-05;0.2;2
"1-Multi";12;"A5 LEMA";1.51307189542484;0.513071895424837;1;4;2;2;0.0740777944018616;0.000460918704112341;0.674429674892257;5.4868467316774e-09;0.00101531736856724;0.2;4
"1-Multi";13;"A5 PUPA";1.4;0.4;1;2;1;1;0.0673873267881794;3.24997201200889e-05;9.96166906060963e-06;8.07911673532316e-06;0.000198480672834256;0.2;2
"1-Multi";14;"A6 LEMA";1.78579916815211;0.785799168152109;1;6;3;3;0.0837325871050687;0.0466075371028877;0.357094631427669;3.72926081620213e-05;0.0505413177595308;0.2;4
"1-Multi";15;"A6 PUPA";1.5;0.5;1;2;1;1;0.078159402747997;2.25755006493968e-05;4.96138943724151e-06;6.48427301131627e-06;0.000145358871932197;0.2;2
"1-Multi";16;"B1 CETE";1.33333333333333;0.333333333333333;1;2;1;1;0.0587117139080888;0.0615977788126205;0.0029174924028798;0.000801331375148906;0.218554813492378;0.2;2
"1-Multi";17;"B1 LEMA";1.1301247771836;0.130124777183601;1;4;2;2;0.0851857964143813;0.016257607941559;0.863600735691281;1.22437170986003e-05;0.0151224027430488;0.2;4
"1-Multi";18;"B1 PUPA";2;1;1;2;1;1;0.0782590362699409;0.184793336437895;0.00262085130655852;0.00249654901553184;0.218554813492378;0.2;2
"1-Multi";19;"B2 CETE";1.2;0.2;1;2;1;1;0.0614259732499627;6.76317381153896e-06;1.73837830893773e-05;6.41466303579969e-08;0.000115020814913666;0.2;2
"1-Multi";20;"B2 CHFU";1.11764705882353;0.117647058823529;1;2;1;1;0.0804258083776822;0;0;0;1.57425410970545e-05;0.2;2
"1-Multi";21;"B2 LEMA";1.52593811417341;0.525938114173408;1;6;3;3;0.117446571450877;0.0766158657285725;0.5706374038122;6.11687732204436e-05;0.0383496187684833;0.2;4
"1-Multi";22;"B3 CHFU";1.05882352941176;0.0588235294117647;1;2;1;1;0.0640825959800786;0;0;0;1.57425410970545e-05;0.2;2
"1-Multi";23;"B3 LEMA";1.8535696329814;0.853569632981398;1;8;4;4;0.122696118907835;0.00305857638607141;0.649687075953764;6.43135074124763e-07;0.00154621324706504;0.2;6
"1-Multi";24;"B4 LEMA";1.50779286073404;0.507792860734037;1;6;3;3;0.136120652269975;0.00266558007188836;0.737076057128595;6.36327314328762e-08;0.00109957024184777;0.2;4
"1-Multi";25;"B5 LEMA";1.65485168426345;0.654851684263449;1;8;4;4;0.132248996867852;0.0021153576134571;0.58882582679569;5.8834922912164e-08;0.000933209182471463;0.2;6
"1-Multi";26;"B6 LEMA";1.8360985419809;0.836098541980895;1;8;4;4;0.112902216107028;0.00127714565307686;0.480302945994615;2.24809840378535e-08;0.000771046011296894;0.2;6
"1-Multi";27;"C1 CHFU";1.17647058823529;0.176470588235294;1;2;1;1;0.0967690207752857;0;0;0;1.57425410970545e-05;0.2;2
"1-Multi";28;"C2 CHFU";1.11764705882353;0.117647058823529;1;2;1;1;0.0804258083776822;0;0;0;1.57425410970545e-05;0.2;2
"1-Multi";29;"C2 LEMA";2.04524886877828;1.04524886877828;1;6;3;3;0.0838567191244002;0.000748839804251754;0.64007780792275;1.75011658820064e-08;0.000990070086075183;0.2;4
"1-Multi";30;"C2 PUPA";2;1;1;2;1;1;0.101844018309279;0;0;0;1.57425410970545e-05;0.2;2
"1-Multi";31;"C3 LEMA";1.40422322775264;0.404223227752639;1;6;3;3;0.0926798482085489;0.000890584375663848;0.434187866370202;2.56624406866302e-08;0.000740000227204866;0.2;6
"1-Multi";32;"C4 LEMA";2.37858220211161;1.37858220211161;1;8;4;4;0.101104497252529;0.000834982604270551;0.410562636445033;1.80578609218573e-08;0.00069474799548559;0.2;6
"1-Multi";33;"C5 LEMA";1.45832076420312;0.458320764203117;1;6;3;3;0.0954884760593406;0.00144132043959343;0.655380177471047;2.92102955781732e-05;0.00119556126631237;0.2;6
"1-Multi";34;"C5 PUPA";1.5;0.5;1;2;1;1;0.0615856754044546;0.000346944578776421;0.00152701667990128;0.000673464706647889;0.00188798536254007;0.2;2
"1-Multi";35;"C6 CETE";2;1;1;2;1;1;0.0729089265177706;0.000745500368956972;0.00146747333657201;0.0013946707738778;0.00202683850223631;0.2;2
"1-Multi";36;"C6 LEMA";1.26435394670689;0.264353946706888;1;6;3;3;0.0770015529761929;0.000745408589122605;0.481982292085965;1.46170014563294e-05;0.000991895189729093;0.2;6
"1-Multi";37;"C6 PUPA";3.15;2.15;1;8;4;4;0.12182331888249;0.000425498546477167;0.000442137209407577;0.000731215585418067;0.00067528519446261;0.2;2
"1-Multi";38;"D1 CHFU";2;1;1;2;1;1;0.101844018309277;0;0;0;1.57425410970545e-05;0.2;2
"1-Multi";39;"D1 LEMA";1.0517848164907;0.0517848164906988;1;4;2;2;0.0744857812614467;0.000912862848139913;0.838452100072751;1.89361407942162e-08;0.0012034651291674;0.2;4
"1-Multi";40;"D2 CETE";1.5;0.5;1;2;1;1;0.0634911254903524;2.03616682147795e-05;6.73604391638954e-10;0.000499838139960395;0.000194626319724565;0.2;2
"1-Multi";41;"D2 LEMA";1.39165409753645;0.39165409753645;1;6;3;3;0.0907650598769912;0.00116804838623717;0.744655112400332;2.20050993162934e-08;0.00110141998312655;0.2;6
"1-Multi";42;"D3 LEMA";1.02614379084967;0.0261437908496732;1;2;1;1;0.0691129056521196;0.000827412863313859;1;1.01849501162889e-08;0.00136134732082454;0.2;2
"1-Multi";43;"D4 CHFU";1.05882352941176;0.0588235294117647;1;2;1;1;0.0640825959800786;0;0;0;1.57425410970545e-05;0.2;2
"1-Multi";44;"D4 LEMA";1.02614379084967;0.0261437908496732;1;2;1;1;0.0691129056521196;0.000827412863313766;1;1.01849501178457e-08;0.00136134732082454;0.2;2
"1-Multi";45;"D5 LEMA";1.37858220211161;0.378582202111614;1;6;3;3;0.0800782988421689;0.000754341954579748;0.642517157360465;1.69126242688423e-08;0.000997449048047356;0.2;6
"1-Multi";46;"D6 LEMA";1.48999497234791;0.489994972347914;1;6;3;3;0.0902040857257614;0.000991660761761563;0.375366060070842;2.92201592469255e-05;0.000946331556157572;0.2;6
"1-Multi";47;"E1 LEMA";1.37908496732026;0.379084967320261;1;4;2;2;0.093255627763022;0.00149636726926723;0.878021864075311;1.84430186602665e-08;0.00123249864201385;0.2;4
"1-Multi";48;"E2 CETE";2;1;1;2;1;1;0.0921745424465129;6.08517113793924e-05;2.15672356741014e-05;6.75417708999891e-07;0.000154805702488094;0.2;2
"1-Multi";49;"E2 CHFU";2;1;1;2;1;1;0.101844018309278;0;0;0;1.57425410970545e-05;0.2;2
"1-Multi";50;"E2 LEMA";1.81271995977878;0.812719959778783;1;8;4;4;0.111746579548568;0.00152164397732781;0.586724600046973;3.40226772965499e-08;0.000915667631073336;0.2;6
"1-Multi";51;"E3 CHFU";1.05882352941176;0.0588235294117647;1;2;1;1;0.0640825959800786;0;0;0;1.57425410970545e-05;0.2;2
"1-Multi";52;"E3 LEMA";1.55832076420312;0.558320764203117;1;6;3;3;0.0889206088517057;0.00116325760432193;0.743198401904316;2.23776846048937e-08;0.00109680983405499;0.2;4
"1-Multi";53;"E4 CETE";1.5;0.5;1;2;1;1;0.0634911254903524;2.0361668215099e-05;6.73604403665128e-10;0.00049983813996039;0.000194626319724565;0.2;2
"1-Multi";54;"E4 LEMA";1.09049773755656;0.0904977375565611;1;4;2;2;0.090545417905596;0.00141201926462381;0.798065125090939;3.27798065119067e-08;0.00116399458125312;0.2;4
"1-Multi";55;"E5 CETE";1.66666666666667;0.666666666666667;1;2;1;1;0.0696840442337025;0.123195557625241;0.00291749240287981;0.0016026627502978;0.218554813492378;0.2;2
"1-Multi";56;"E5 LEMA";1.42986425339367;0.429864253393665;1;6;3;3;0.0908240500608231;0.000925241924233697;0.513872398218548;3.44150055968298e-08;0.000875873995044923;0.2;6
"1-Multi";57;"E6 LEMA";1.34640522875817;0.34640522875817;1;4;2;2;0.0665387251759663;0.000462101190125212;0.674724970867497;5.71183102154087e-09;0.00101775084399603;0.2;4
"1-Multi";58;"E6 PUPA";1.25;0.25;1;2;1;1;0.0629493931652361;1.12877503247986e-05;4.96138943723439e-06;3.24213650566204e-06;0.000145358871932197;0.2;2
"1-Multi";59;"F1 LEMA";4.10947712418301;3.10947712418301;1;10;5;5;0.135501994205393;0.00103411443321302;0.369238971454451;1.34933214193041e-08;0.000627291879895115;0.2;4
"1-Multi";60;"F2 CHFU";1.05882352941176;0.0588235294117647;1;2;1;1;0.0640825959800786;0;0;0;1.57425410970545e-05;0.2;2
"1-Multi";61;"F2 LEMA";3.11051693404635;2.11051693404635;1;8;4;4;0.117033241571857;0.0185906584129791;0.342926106636702;1.40160138445974e-05;0.0134513923018806;0.2;4
"1-Multi";62;"F3 CETE";1.2;0.2;1;2;1;1;0.0614259732499627;6.7631738110001e-06;1.73837830893203e-05;6.41466303662096e-08;0.000115020814913666;0.2;2
"1-Multi";63;"F3 LEMA";1.0517848164907;0.0517848164906988;1;4;2;2;0.0744857812614467;0.000912862848140562;0.838452100072751;1.89361407846008e-08;0.0012034651291674;0.2;4
"1-Multi";64;"F4 LEMA";3.46549773755656;2.46549773755656;1;10;5;5;0.136137738701363;0.00161583938385232;0.49777473691479;4.28163745512758e-08;0.000824353281746879;0.2;6
"1-Multi";65;"F5 LEMA";1.03871292106586;0.0387129210658622;1;4;2;2;0.0637990202266245;0.000499156416483895;0.730753500121252;1.38436657276259e-08;0.00109821033472931;0.2;4
"1-Multi";66;"F6 LEMA";1.15717697335344;0.157176973353444;1;6;3;3;0.064613583040195;0.00033654617981957;0.406496608058304;1.28304911186032e-08;0.000745613700091;0.2;6
"1-Multi";67;"Andrena";16.5214285714286;8.27142857142857;8.25;26;13;13;0.324824327065734;0.00419509070148608;0.0443264198282505;0.0283849497187852;0.00930065627881829;0.8;6
"1-Multi";68;"Bee_4.19.5";1.44444444444444;0.444444444444444;1;2;1;1;0.077524038915807;0.00441852893794468;1.40160138449243e-05;0.00967760232737608;0.00720062688756238;0.2;2
"1-Multi";69;"Big.bee.2.8.6";2;1;1;2;1;1;0.101844018309279;0;0;0;1.57425410970545e-05;0.2;2
"1-Multi";70;"Black_small_fly";1.11111111111111;0.111111111111111;1;2;1;1;0.0551855474158081;0.00110463223448596;1.40160138449279e-05;0.00241940058184403;0.00720062688756238;0.2;2
"1-Multi";71;"Bombilus_major";12.1428571428571;8.14285714285714;4;18;9;9;0.332815363487094;0.000147665647922389;0.000209291544795478;2.23451725263006e-05;0.0004467153399737;0.4;2
"1-Multi";72;"Bombylidae";15.7635836385836;8.51358363858364;7.25;28;14;14;0.346311950291873;1;0.0792965991466476;0.0507434935484056;1;0.6;4
"1-Multi";73;"Brassicogethes";22.816520979021;21.816520979021;1;70;35;35;1;0.0591818118920331;6.13536782129711e-06;1;0.00253200775359822;0.2;6
"1-Multi";74;"Cerambycidae";1.07692307692308;0.0769230769230769;1;2;1;1;0.0541435602794039;6.64691748610008e-05;4.28163747233625e-08;0.00243130386564879;0.000448157404264776;0.2;2
"1-Multi";75;"Conophorus";1.28571428571429;0.285714285714286;1;2;1;1;0.0680499665007717;6.50122934528777e-05;0.000731215585417996;8.02118924577664e-06;0.000368441351378935;0.2;2
"1-Multi";76;"Cryptocephalus";1.09090909090909;0.0909090909090909;1;2;1;1;0.0552588303314291;5.02737597081586e-05;1.34933216368279e-08;0.00213139817104711;0.000342776316884103;0.2;2
"1-Multi";77;"Cylindromyia";5.75;2.625;3.125;10;5;5;0.103853699707511;0.000193101401835953;0.0248680716554225;0.0232890247820512;0.00102853125162813;0.4;4
"1-Multi";78;"Dilophus";1.125;0.125;1;2;1;1;0.0544238888110464;5.58152521680474e-05;1.80578609541818e-08;0.00325866096240293;0.000378849331409534;0.2;2
"1-Multi";79;"Elateridae";1.24358974358974;0.243589743589744;1;4;2;2;0.0597163381729285;0.00427985454918275;1.89678716181742e-05;0.00695233904910814;0.0139345583840348;0.2;4
"1-Multi";80;"Eristalis_sp.";1.07692307692308;0.0769230769230769;1;2;1;1;0.0541435602794039;6.64691748611781e-05;4.28163747296954e-08;0.00243130386564878;0.000448157404264776;0.2;2
"1-Multi";81;"Eucera";2;1;1;2;1;1;0.101844018309277;0;0;0;1.57425410970545e-05;0.2;2
"1-Multi";82;"Fly_jar";1.125;0.125;1;2;1;1;0.0541761389303011;0.00112704474849295;1.3073861455023e-05;0.00600360212576797;0.00734645777216968;0.2;2
"1-Multi";83;"Mordellidae";1.52083333333333;0.520833333333333;1;6;3;3;0.0668241441318684;0.000271490183330021;2.92625271912988e-08;0.0241749126024907;0.000604443565048025;0.2;4
"1-Multi";84;"Musca";1.85128205128205;0.851282051282051;1;8;4;4;0.0961486205693334;0.000661864213052633;1.93152451244587e-07;0.0272293238111548;0.000553952995279722;0.2;6
"1-Multi";85;"Musca.jar";1.54545454545455;0.545454545454545;1;4;2;2;0.0858706781185248;0.000348902678655073;1.94850966726423e-08;0.015352815541411;0.00039402588187664;0.2;4
"1-Multi";86;"Musca_sp.";2.02272727272727;1.02272727272727;1;8;4;4;0.102301760472521;0.000556080859068917;2.46319160479346e-08;0.0296606434113683;0.000417702454921382;0.2;6
"1-Multi";87;"Oedemeridae";1.33939393939394;0.339393939393939;1;4;2;2;0.075627648262777;0.000226236323260349;2.48287220000358e-08;0.00888675285801564;0.000383674607583248;0.2;4
"1-Multi";88;"Psilothrix_viridicoerulea";6.1001998001998;5.1001998001998;1;46;23;23;0.284711681882152;0.00623176612855716;5.37504385147488e-06;0.192260500363756;0.00105581848716012;0.2;6
"1-Multi";89;"Small.bee.1.18.6";9.28571428571428;5.28571428571429;4;12;6;6;0.24877308162784;0.000265724573889068;0.000328730114978398;3.15289047346433e-05;0.00062044976165836;0.4;2
"1-Multi";90;"Small.bee.1.8.6";1.2;0.2;1;2;1;1;0.0555024696664072;8.00911200759732e-05;1.75011661565469e-08;0.00812853924999601;0.000536776570033745;0.2;2
"1-Multi";91;"Sphaerophoria_scripta";1.23376623376623;0.233766233766234;1;4;2;2;0.0595831470373832;0.000162842714786328;2.82001810445549e-08;0.0101283129664568;0.000545422959090512;0.2;4
"1-Multi";92;"Ulidiidae";12.0909090909091;10.0909090909091;2;22;11;11;0.372575201567006;5.02737597077924e-05;1.34933215831554e-08;0.00213139817104712;0.000345718880069212;0.4;2
"1-Multi";93;"X1.29.5";6.73571428571429;3.61071428571429;3.125;14;7;7;0.146575014069928;0.000347291323653731;0.0157438276657342;0.0203252871121757;0.000943222571966944;0.4;6
"2-Multi";1;"A1 LEMA";1.02614379084967;0.0261437908496732;1;2;1;1;0.0691129056521196;0.000827412863313191;1;1.01849501263249e-08;0.00136134732082454;0.2;2
"2-Multi";2;"A2 CHFU";1.23529411764706;0.235294117647059;1;2;1;1;0.113112233172889;0;0;0;1.57425410970544e-05;0.2;2
"2-Multi";3;"A2 LEMA";2.1301247771836;1.1301247771836;1;6;3;3;0.0987727336690554;0.0168603154616912;0.756401093995592;1.30738614549088e-05;0.0137240943518243;0.2;4
"2-Multi";4;"A2 PUPA";1.2;0.2;1;2;1;1;0.0575633551853273;1.62498600605152e-05;9.96166906063864e-06;4.03955836765913e-06;0.000198480672834256;0.2;2
"2-Multi";5;"A3 CETE";1.2;0.2;1;2;1;1;0.0614259732499627;6.76317381165842e-06;1.73837830893842e-05;6.41466303557334e-08;0.000115020814913666;0.2;2
"2-Multi";6;"A3 CHFU";1.05882352941176;0.0588235294117647;1;2;1;1;0.0640825959800786;0;0;0;1.57425410970544e-05;0.2;2
"2-Multi";7;"A3 LEMA";1.5517848164907;0.551784816490699;1;6;3;3;0.0901374310460109;0.000960075120595954;0.702591587506755;1.93305124538015e-08;0.00105676385164827;0.2;4
"2-Multi";8;"A4 BEMA";2;1;1;2;1;1;0.0620955571370004;8.83991480783442e-06;1.0527779807587e-10;0.00157903455680968;0.00024825567079156;0.2;2
"2-Multi";9;"A4 LEMA";1.01960784313725;0.0196078431372549;1;2;1;1;0.0637695251347085;0.000620559647484969;1;7.6387125962343e-09;0.00136134732082454;0.2;2
"2-Multi";10;"A5 CETE";1.4;0.4;1;2;1;1;0.0751125629174503;1.3526347622186e-05;1.73837830892897e-05;1.2829326072017e-07;0.000115020814913666;0.2;2
"2-Multi";11;"A5 CHFU";1.05882352941176;0.0588235294117647;1;2;1;1;0.0640825959800786;0;0;0;1.57425410970544e-05;0.2;2
"2-Multi";12;"A5 LEMA";1.51307189542484;0.513071895424837;1;4;2;2;0.0740777944018616;0.000460918704112341;0.674429674892257;5.4868467316774e-09;0.00101531736856724;0.2;4
"2-Multi";13;"A5 PUPA";1.4;0.4;1;2;1;1;0.0673873267881794;3.24997201200889e-05;9.96166906060963e-06;8.07911673532316e-06;0.000198480672834256;0.2;2
"2-Multi";14;"A6 LEMA";1.78579916815211;0.785799168152109;1;6;3;3;0.0837325871050687;0.0466075371028877;0.357094631427669;3.72926081620213e-05;0.0505413177595308;0.2;4
"2-Multi";15;"A6 PUPA";1.5;0.5;1;2;1;1;0.078159402747997;2.25755006493968e-05;4.96138943724151e-06;6.48427301131627e-06;0.000145358871932197;0.2;2
"2-Multi";16;"B1 CETE";1.33333333333333;0.333333333333333;1;2;1;1;0.0587117139080888;0.0615977788126205;0.0029174924028798;0.000801331375148906;0.218554813492378;0.2;2
"2-Multi";17;"B1 LEMA";1.1301247771836;0.130124777183601;1;4;2;2;0.0851857964143813;0.016257607941559;0.863600735691281;1.22437170986003e-05;0.0151224027430488;0.2;4
"2-Multi";18;"B1 PUPA";2;1;1;2;1;1;0.0782590362699409;0.184793336437895;0.00262085130655852;0.00249654901553184;0.218554813492378;0.2;2
"2-Multi";19;"B2 CETE";1.2;0.2;1;2;1;1;0.0614259732499627;6.76317381153896e-06;1.73837830893773e-05;6.41466303579969e-08;0.000115020814913666;0.2;2
"2-Multi";20;"B2 CHFU";1.11764705882353;0.117647058823529;1;2;1;1;0.0804258083776822;0;0;0;1.57425410970545e-05;0.2;2
"2-Multi";21;"B2 LEMA";1.52593811417341;0.525938114173408;1;6;3;3;0.117446571450877;0.0766158657285725;0.5706374038122;6.11687732204436e-05;0.0383496187684833;0.2;4
"2-Multi";22;"B3 CHFU";1.05882352941176;0.0588235294117647;1;2;1;1;0.0640825959800786;0;0;0;1.57425410970545e-05;0.2;2
"2-Multi";23;"B3 LEMA";1.8535696329814;0.853569632981398;1;8;4;4;0.122696118907835;0.00305857638607141;0.649687075953764;6.43135074124763e-07;0.00154621324706504;0.2;6
"2-Multi";24;"B4 LEMA";1.50779286073404;0.507792860734037;1;6;3;3;0.136120652269975;0.00266558007188836;0.737076057128595;6.36327314328762e-08;0.00109957024184777;0.2;4
"2-Multi";25;"B5 LEMA";1.65485168426345;0.654851684263449;1;8;4;4;0.132248996867852;0.0021153576134571;0.58882582679569;5.8834922912164e-08;0.000933209182471463;0.2;6
"2-Multi";26;"B6 LEMA";1.8360985419809;0.836098541980895;1;8;4;4;0.112902216107028;0.00127714565307686;0.480302945994615;2.24809840378535e-08;0.000771046011296894;0.2;6
"2-Multi";27;"C1 CHFU";1.17647058823529;0.176470588235294;1;2;1;1;0.0967690207752857;0;0;0;1.57425410970545e-05;0.2;2
"2-Multi";28;"C2 CHFU";1.11764705882353;0.117647058823529;1;2;1;1;0.0804258083776822;0;0;0;1.57425410970545e-05;0.2;2
"2-Multi";29;"C2 LEMA";2.04524886877828;1.04524886877828;1;6;3;3;0.0838567191244002;0.000748839804251754;0.64007780792275;1.75011658820064e-08;0.000990070086075183;0.2;4
"2-Multi";30;"C2 PUPA";2;1;1;2;1;1;0.101844018309279;0;0;0;1.57425410970545e-05;0.2;2
"2-Multi";31;"C3 LEMA";1.40422322775264;0.404223227752639;1;6;3;3;0.0926798482085489;0.000890584375663848;0.434187866370202;2.56624406866302e-08;0.000740000227204866;0.2;6
"2-Multi";32;"C4 LEMA";2.37858220211161;1.37858220211161;1;8;4;4;0.101104497252529;0.000834982604270551;0.410562636445033;1.80578609218573e-08;0.00069474799548559;0.2;6
"2-Multi";33;"C5 LEMA";1.45832076420312;0.458320764203117;1;6;3;3;0.0954884760593406;0.00144132043959343;0.655380177471047;2.92102955781732e-05;0.00119556126631237;0.2;6
"2-Multi";34;"C5 PUPA";1.5;0.5;1;2;1;1;0.0615856754044546;0.000346944578776421;0.00152701667990128;0.000673464706647889;0.00188798536254007;0.2;2
"2-Multi";35;"C6 CETE";2;1;1;2;1;1;0.0729089265177706;0.000745500368956972;0.00146747333657201;0.0013946707738778;0.00202683850223631;0.2;2
"2-Multi";36;"C6 LEMA";1.26435394670689;0.264353946706888;1;6;3;3;0.0770015529761929;0.000745408589122605;0.481982292085965;1.46170014563294e-05;0.000991895189729093;0.2;6
"2-Multi";37;"C6 PUPA";3.15;2.15;1;8;4;4;0.12182331888249;0.000425498546477167;0.000442137209407577;0.000731215585418067;0.00067528519446261;0.2;2
"2-Multi";38;"D1 CHFU";2;1;1;2;1;1;0.101844018309277;0;0;0;1.57425410970545e-05;0.2;2
"2-Multi";39;"D1 LEMA";1.0517848164907;0.0517848164906988;1;4;2;2;0.0744857812614467;0.000912862848139913;0.838452100072751;1.89361407942162e-08;0.0012034651291674;0.2;4
"2-Multi";40;"D2 CETE";1.5;0.5;1;2;1;1;0.0634911254903524;2.03616682147795e-05;6.73604391638954e-10;0.000499838139960395;0.000194626319724565;0.2;2
"2-Multi";41;"D2 LEMA";1.39165409753645;0.39165409753645;1;6;3;3;0.0907650598769912;0.00116804838623717;0.744655112400332;2.20050993162934e-08;0.00110141998312655;0.2;6
"2-Multi";42;"D3 LEMA";1.02614379084967;0.0261437908496732;1;2;1;1;0.0691129056521196;0.000827412863313859;1;1.01849501162889e-08;0.00136134732082454;0.2;2
"2-Multi";43;"D4 CHFU";1.05882352941176;0.0588235294117647;1;2;1;1;0.0640825959800786;0;0;0;1.57425410970545e-05;0.2;2
"2-Multi";44;"D4 LEMA";1.02614379084967;0.0261437908496732;1;2;1;1;0.0691129056521196;0.000827412863313766;1;1.01849501178457e-08;0.00136134732082454;0.2;2
"2-Multi";45;"D5 LEMA";1.37858220211161;0.378582202111614;1;6;3;3;0.0800782988421689;0.000754341954579748;0.642517157360465;1.69126242688423e-08;0.000997449048047356;0.2;6
"2-Multi";46;"D6 LEMA";1.48999497234791;0.489994972347914;1;6;3;3;0.0902040857257614;0.000991660761761563;0.375366060070842;2.92201592469255e-05;0.000946331556157572;0.2;6
"2-Multi";47;"E1 LEMA";1.37908496732026;0.379084967320261;1;4;2;2;0.093255627763022;0.00149636726926723;0.878021864075311;1.84430186602665e-08;0.00123249864201385;0.2;4
"2-Multi";48;"E2 CETE";2;1;1;2;1;1;0.0921745424465129;6.08517113793924e-05;2.15672356741014e-05;6.75417708999891e-07;0.000154805702488094;0.2;2
"2-Multi";49;"E2 CHFU";2;1;1;2;1;1;0.101844018309278;0;0;0;1.57425410970545e-05;0.2;2
"2-Multi";50;"E2 LEMA";1.81271995977878;0.812719959778783;1;8;4;4;0.111746579548568;0.00152164397732781;0.586724600046973;3.40226772965499e-08;0.000915667631073336;0.2;6
"2-Multi";51;"E3 CHFU";1.05882352941176;0.0588235294117647;1;2;1;1;0.0640825959800786;0;0;0;1.57425410970545e-05;0.2;2
"2-Multi";52;"E3 LEMA";1.55832076420312;0.558320764203117;1;6;3;3;0.0889206088517057;0.00116325760432193;0.743198401904316;2.23776846048937e-08;0.00109680983405499;0.2;4
"2-Multi";53;"E4 CETE";1.5;0.5;1;2;1;1;0.0634911254903524;2.0361668215099e-05;6.73604403665128e-10;0.00049983813996039;0.000194626319724565;0.2;2
"2-Multi";54;"E4 LEMA";1.09049773755656;0.0904977375565611;1;4;2;2;0.090545417905596;0.00141201926462381;0.798065125090939;3.27798065119067e-08;0.00116399458125312;0.2;4
"2-Multi";55;"E5 CETE";1.66666666666667;0.666666666666667;1;2;1;1;0.0696840442337025;0.123195557625241;0.00291749240287981;0.0016026627502978;0.218554813492378;0.2;2
"2-Multi";56;"E5 LEMA";1.42986425339367;0.429864253393665;1;6;3;3;0.0908240500608231;0.000925241924233697;0.513872398218548;3.44150055968298e-08;0.000875873995044923;0.2;6
"2-Multi";57;"E6 LEMA";1.34640522875817;0.34640522875817;1;4;2;2;0.0665387251759663;0.000462101190125212;0.674724970867497;5.71183102154087e-09;0.00101775084399603;0.2;4
"2-Multi";58;"E6 PUPA";1.25;0.25;1;2;1;1;0.0629493931652361;1.12877503247986e-05;4.96138943723439e-06;3.24213650566204e-06;0.000145358871932197;0.2;2
"2-Multi";59;"F1 LEMA";4.10947712418301;3.10947712418301;1;10;5;5;0.135501994205393;0.00103411443321302;0.369238971454451;1.34933214193041e-08;0.000627291879895115;0.2;4
"2-Multi";60;"F2 CHFU";1.05882352941176;0.0588235294117647;1;2;1;1;0.0640825959800786;0;0;0;1.57425410970545e-05;0.2;2
"2-Multi";61;"F2 LEMA";3.11051693404635;2.11051693404635;1;8;4;4;0.117033241571857;0.0185906584129791;0.342926106636702;1.40160138445974e-05;0.0134513923018806;0.2;4
"2-Multi";62;"F3 CETE";1.2;0.2;1;2;1;1;0.0614259732499627;6.7631738110001e-06;1.73837830893203e-05;6.41466303662096e-08;0.000115020814913666;0.2;2
"2-Multi";63;"F3 LEMA";1.0517848164907;0.0517848164906988;1;4;2;2;0.0744857812614467;0.000912862848140562;0.838452100072751;1.89361407846008e-08;0.0012034651291674;0.2;4
"2-Multi";64;"F4 LEMA";3.46549773755656;2.46549773755656;1;10;5;5;0.136137738701363;0.00161583938385232;0.49777473691479;4.28163745512758e-08;0.000824353281746879;0.2;6
"2-Multi";65;"F5 LEMA";1.03871292106586;0.0387129210658622;1;4;2;2;0.0637990202266245;0.000499156416483895;0.730753500121252;1.38436657276259e-08;0.00109821033472931;0.2;4
"2-Multi";66;"F6 LEMA";1.15717697335344;0.157176973353444;1;6;3;3;0.064613583040195;0.00033654617981957;0.406496608058304;1.28304911186032e-08;0.000745613700091;0.2;6
"2-Multi";67;"Andrena";16.5214285714286;8.27142857142857;8.25;26;13;13;0.324824327065734;0.00419509070148608;0.0443264198282505;0.0283849497187852;0.00930065627881829;0.8;6
"2-Multi";68;"Bee_4.19.5";1.44444444444444;0.444444444444444;1;2;1;1;0.077524038915807;0.00441852893794468;1.40160138449243e-05;0.00967760232737608;0.00720062688756238;0.2;2
"2-Multi";69;"Big.bee.2.8.6";2;1;1;2;1;1;0.101844018309279;0;0;0;1.57425410970545e-05;0.2;2
"2-Multi";70;"Black_small_fly";1.11111111111111;0.111111111111111;1;2;1;1;0.0551855474158081;0.00110463223448596;1.40160138449279e-05;0.00241940058184403;0.00720062688756238;0.2;2
"2-Multi";71;"Bombilus_major";12.1428571428571;8.14285714285714;4;18;9;9;0.332815363487094;0.000147665647922389;0.000209291544795478;2.23451725263006e-05;0.0004467153399737;0.4;2
"2-Multi";72;"Bombylidae";15.7635836385836;8.51358363858364;7.25;28;14;14;0.346311950291873;1;0.0792965991466476;0.0507434935484056;1;0.6;4
"2-Multi";73;"Brassicogethes";22.816520979021;21.816520979021;1;70;35;35;1;0.0591818118920331;6.13536782129711e-06;1;0.00253200775359822;0.2;6
"2-Multi";74;"Cerambycidae";1.07692307692308;0.0769230769230769;1;2;1;1;0.0541435602794039;6.64691748610008e-05;4.28163747233625e-08;0.00243130386564879;0.000448157404264776;0.2;2
"2-Multi";75;"Conophorus";1.28571428571429;0.285714285714286;1;2;1;1;0.0680499665007717;6.50122934528777e-05;0.000731215585417996;8.02118924577664e-06;0.000368441351378935;0.2;2
"2-Multi";76;"Cryptocephalus";1.09090909090909;0.0909090909090909;1;2;1;1;0.0552588303314291;5.02737597081586e-05;1.34933216368279e-08;0.00213139817104711;0.000342776316884103;0.2;2
"2-Multi";77;"Cylindromyia";5.75;2.625;3.125;10;5;5;0.103853699707511;0.000193101401835953;0.0248680716554225;0.0232890247820512;0.00102853125162813;0.4;4
"2-Multi";78;"Dilophus";1.125;0.125;1;2;1;1;0.0544238888110464;5.58152521680474e-05;1.80578609541818e-08;0.00325866096240293;0.000378849331409534;0.2;2
"2-Multi";79;"Elateridae";1.24358974358974;0.243589743589744;1;4;2;2;0.0597163381729285;0.00427985454918275;1.89678716181742e-05;0.00695233904910814;0.0139345583840348;0.2;4
"2-Multi";80;"Eristalis_sp.";1.07692307692308;0.0769230769230769;1;2;1;1;0.0541435602794039;6.64691748611781e-05;4.28163747296954e-08;0.00243130386564878;0.000448157404264776;0.2;2
"2-Multi";81;"Eucera";2;1;1;2;1;1;0.101844018309277;0;0;0;1.57425410970545e-05;0.2;2
"2-Multi";82;"Fly_jar";1.125;0.125;1;2;1;1;0.0541761389303011;0.00112704474849295;1.3073861455023e-05;0.00600360212576797;0.00734645777216968;0.2;2
"2-Multi";83;"Mordellidae";1.52083333333333;0.520833333333333;1;6;3;3;0.0668241441318684;0.000271490183330021;2.92625271912988e-08;0.0241749126024907;0.000604443565048025;0.2;4
"2-Multi";84;"Musca";1.85128205128205;0.851282051282051;1;8;4;4;0.0961486205693334;0.000661864213052633;1.93152451244587e-07;0.0272293238111548;0.000553952995279722;0.2;6
"2-Multi";85;"Musca.jar";1.54545454545455;0.545454545454545;1;4;2;2;0.0858706781185248;0.000348902678655073;1.94850966726423e-08;0.015352815541411;0.00039402588187664;0.2;4
"2-Multi";86;"Musca_sp.";2.02272727272727;1.02272727272727;1;8;4;4;0.102301760472521;0.000556080859068917;2.46319160479346e-08;0.0296606434113683;0.000417702454921382;0.2;6
"2-Multi";87;"Oedemeridae";1.33939393939394;0.339393939393939;1;4;2;2;0.075627648262777;0.000226236323260349;2.48287220000358e-08;0.00888675285801564;0.000383674607583248;0.2;4
"2-Multi";88;"Psilothrix_viridicoerulea";6.1001998001998;5.1001998001998;1;46;23;23;0.284711681882152;0.00623176612855716;5.37504385147488e-06;0.192260500363756;0.00105581848716012;0.2;6
"2-Multi";89;"Small.bee.1.18.6";9.28571428571428;5.28571428571429;4;12;6;6;0.24877308162784;0.000265724573889068;0.000328730114978398;3.15289047346433e-05;0.00062044976165836;0.4;2
"2-Multi";90;"Small.bee.1.8.6";1.2;0.2;1;2;1;1;0.0555024696664072;8.00911200759732e-05;1.75011661565469e-08;0.00812853924999601;0.000536776570033745;0.2;2
"2-Multi";91;"Sphaerophoria_scripta";1.23376623376623;0.233766233766234;1;4;2;2;0.0595831470373832;0.000162842714786328;2.82001810445549e-08;0.0101283129664568;0.000545422959090512;0.2;4
"2-Multi";92;"Ulidiidae";12.0909090909091;10.0909090909091;2;22;11;11;0.372575201567006;5.02737597077924e-05;1.34933215831554e-08;0.00213139817104712;0.000345718880069212;0.4;2
"2-Multi";93;"X1.29.5";6.73571428571429;3.61071428571429;3.125;14;7;7;0.146575014069928;0.000347291323653731;0.0157438276657342;0.0203252871121757;0.000943222571966944;0.4;6
"3-Multi";1;"A1 LEMA";1.02614379084967;0.0261437908496732;1;2;1;1;0.0691129056521196;0.000827412863313191;1;1.01849501263249e-08;0.00136134732082454;0.2;2
"3-Multi";2;"A2 CHFU";1.23529411764706;0.235294117647059;1;2;1;1;0.113112233172889;0;0;0;1.57425410970544e-05;0.2;2
"3-Multi";3;"A2 LEMA";2.1301247771836;1.1301247771836;1;6;3;3;0.0987727336690554;0.0168603154616912;0.756401093995592;1.30738614549088e-05;0.0137240943518243;0.2;4
"3-Multi";4;"A2 PUPA";1.2;0.2;1;2;1;1;0.0575633551853273;1.62498600605152e-05;9.96166906063864e-06;4.03955836765913e-06;0.000198480672834256;0.2;2
"3-Multi";5;"A3 CETE";1.2;0.2;1;2;1;1;0.0614259732499627;6.76317381165842e-06;1.73837830893842e-05;6.41466303557334e-08;0.000115020814913666;0.2;2
"3-Multi";6;"A3 CHFU";1.05882352941176;0.0588235294117647;1;2;1;1;0.0640825959800786;0;0;0;1.57425410970544e-05;0.2;2
"3-Multi";7;"A3 LEMA";1.5517848164907;0.551784816490699;1;6;3;3;0.0901374310460109;0.000960075120595954;0.702591587506755;1.93305124538015e-08;0.00105676385164827;0.2;4
"3-Multi";8;"A4 BEMA";2;1;1;2;1;1;0.0620955571370004;8.83991480783442e-06;1.0527779807587e-10;0.00157903455680968;0.00024825567079156;0.2;2
"3-Multi";9;"A4 LEMA";1.01960784313725;0.0196078431372549;1;2;1;1;0.0637695251347085;0.000620559647484969;1;7.6387125962343e-09;0.00136134732082454;0.2;2
"3-Multi";10;"A5 CETE";1.4;0.4;1;2;1;1;0.0751125629174503;1.3526347622186e-05;1.73837830892897e-05;1.2829326072017e-07;0.000115020814913666;0.2;2
"3-Multi";11;"A5 CHFU";1.05882352941176;0.0588235294117647;1;2;1;1;0.0640825959800786;0;0;0;1.57425410970544e-05;0.2;2
"3-Multi";12;"A5 LEMA";1.51307189542484;0.513071895424837;1;4;2;2;0.0740777944018616;0.000460918704112341;0.674429674892257;5.4868467316774e-09;0.00101531736856724;0.2;4
"3-Multi";13;"A5 PUPA";1.4;0.4;1;2;1;1;0.0673873267881794;3.24997201200889e-05;9.96166906060963e-06;8.07911673532316e-06;0.000198480672834256;0.2;2
"3-Multi";14;"A6 LEMA";1.78579916815211;0.785799168152109;1;6;3;3;0.0837325871050687;0.0466075371028877;0.357094631427669;3.72926081620213e-05;0.0505413177595308;0.2;4
"3-Multi";15;"A6 PUPA";1.5;0.5;1;2;1;1;0.078159402747997;2.25755006493968e-05;4.96138943724151e-06;6.48427301131627e-06;0.000145358871932197;0.2;2
"3-Multi";16;"B1 CETE";1.33333333333333;0.333333333333333;1;2;1;1;0.0587117139080888;0.0615977788126205;0.0029174924028798;0.000801331375148906;0.218554813492378;0.2;2
"3-Multi";17;"B1 LEMA";1.1301247771836;0.130124777183601;1;4;2;2;0.0851857964143813;0.016257607941559;0.863600735691281;1.22437170986003e-05;0.0151224027430488;0.2;4
"3-Multi";18;"B1 PUPA";2;1;1;2;1;1;0.0782590362699409;0.184793336437895;0.00262085130655852;0.00249654901553184;0.218554813492378;0.2;2
"3-Multi";19;"B2 CETE";1.2;0.2;1;2;1;1;0.0614259732499627;6.76317381153896e-06;1.73837830893773e-05;6.41466303579969e-08;0.000115020814913666;0.2;2
"3-Multi";20;"B2 CHFU";1.11764705882353;0.117647058823529;1;2;1;1;0.0804258083776822;0;0;0;1.57425410970545e-05;0.2;2
"3-Multi";21;"B2 LEMA";1.52593811417341;0.525938114173408;1;6;3;3;0.117446571450877;0.0766158657285725;0.5706374038122;6.11687732204436e-05;0.0383496187684833;0.2;4
"3-Multi";22;"B3 CHFU";1.05882352941176;0.0588235294117647;1;2;1;1;0.0640825959800786;0;0;0;1.57425410970545e-05;0.2;2
"3-Multi";23;"B3 LEMA";1.8535696329814;0.853569632981398;1;8;4;4;0.122696118907835;0.00305857638607141;0.649687075953764;6.43135074124763e-07;0.00154621324706504;0.2;6
"3-Multi";24;"B4 LEMA";1.50779286073404;0.507792860734037;1;6;3;3;0.136120652269975;0.00266558007188836;0.737076057128595;6.36327314328762e-08;0.00109957024184777;0.2;4
"3-Multi";25;"B5 LEMA";1.65485168426345;0.654851684263449;1;8;4;4;0.132248996867852;0.0021153576134571;0.58882582679569;5.8834922912164e-08;0.000933209182471463;0.2;6
"3-Multi";26;"B6 LEMA";1.8360985419809;0.836098541980895;1;8;4;4;0.112902216107028;0.00127714565307686;0.480302945994615;2.24809840378535e-08;0.000771046011296894;0.2;6
"3-Multi";27;"C1 CHFU";1.17647058823529;0.176470588235294;1;2;1;1;0.0967690207752857;0;0;0;1.57425410970545e-05;0.2;2
"3-Multi";28;"C2 CHFU";1.11764705882353;0.117647058823529;1;2;1;1;0.0804258083776822;0;0;0;1.57425410970545e-05;0.2;2
"3-Multi";29;"C2 LEMA";2.04524886877828;1.04524886877828;1;6;3;3;0.0838567191244002;0.000748839804251754;0.64007780792275;1.75011658820064e-08;0.000990070086075183;0.2;4
"3-Multi";30;"C2 PUPA";2;1;1;2;1;1;0.101844018309279;0;0;0;1.57425410970545e-05;0.2;2
"3-Multi";31;"C3 LEMA";1.40422322775264;0.404223227752639;1;6;3;3;0.0926798482085489;0.000890584375663848;0.434187866370202;2.56624406866302e-08;0.000740000227204866;0.2;6
"3-Multi";32;"C4 LEMA";2.37858220211161;1.37858220211161;1;8;4;4;0.101104497252529;0.000834982604270551;0.410562636445033;1.80578609218573e-08;0.00069474799548559;0.2;6
"3-Multi";33;"C5 LEMA";1.45832076420312;0.458320764203117;1;6;3;3;0.0954884760593406;0.00144132043959343;0.655380177471047;2.92102955781732e-05;0.00119556126631237;0.2;6
"3-Multi";34;"C5 PUPA";1.5;0.5;1;2;1;1;0.0615856754044546;0.000346944578776421;0.00152701667990128;0.000673464706647889;0.00188798536254007;0.2;2
"3-Multi";35;"C6 CETE";2;1;1;2;1;1;0.0729089265177706;0.000745500368956972;0.00146747333657201;0.0013946707738778;0.00202683850223631;0.2;2
"3-Multi";36;"C6 LEMA";1.26435394670689;0.264353946706888;1;6;3;3;0.0770015529761929;0.000745408589122605;0.481982292085965;1.46170014563294e-05;0.000991895189729093;0.2;6
"3-Multi";37;"C6 PUPA";3.15;2.15;1;8;4;4;0.12182331888249;0.000425498546477167;0.000442137209407577;0.000731215585418067;0.00067528519446261;0.2;2
"3-Multi";38;"D1 CHFU";2;1;1;2;1;1;0.101844018309277;0;0;0;1.57425410970545e-05;0.2;2
"3-Multi";39;"D1 LEMA";1.0517848164907;0.0517848164906988;1;4;2;2;0.0744857812614467;0.000912862848139913;0.838452100072751;1.89361407942162e-08;0.0012034651291674;0.2;4
"3-Multi";40;"D2 CETE";1.5;0.5;1;2;1;1;0.0634911254903524;2.03616682147795e-05;6.73604391638954e-10;0.000499838139960395;0.000194626319724565;0.2;2
"3-Multi";41;"D2 LEMA";1.39165409753645;0.39165409753645;1;6;3;3;0.0907650598769912;0.00116804838623717;0.744655112400332;2.20050993162934e-08;0.00110141998312655;0.2;6
"3-Multi";42;"D3 LEMA";1.02614379084967;0.0261437908496732;1;2;1;1;0.0691129056521196;0.000827412863313859;1;1.01849501162889e-08;0.00136134732082454;0.2;2
"3-Multi";43;"D4 CHFU";1.05882352941176;0.0588235294117647;1;2;1;1;0.0640825959800786;0;0;0;1.57425410970545e-05;0.2;2
"3-Multi";44;"D4 LEMA";1.02614379084967;0.0261437908496732;1;2;1;1;0.0691129056521196;0.000827412863313766;1;1.01849501178457e-08;0.00136134732082454;0.2;2
"3-Multi";45;"D5 LEMA";1.37858220211161;0.378582202111614;1;6;3;3;0.0800782988421689;0.000754341954579748;0.642517157360465;1.69126242688423e-08;0.000997449048047356;0.2;6
"3-Multi";46;"D6 LEMA";1.48999497234791;0.489994972347914;1;6;3;3;0.0902040857257614;0.000991660761761563;0.375366060070842;2.92201592469255e-05;0.000946331556157572;0.2;6
"3-Multi";47;"E1 LEMA";1.37908496732026;0.379084967320261;1;4;2;2;0.093255627763022;0.00149636726926723;0.878021864075311;1.84430186602665e-08;0.00123249864201385;0.2;4
"3-Multi";48;"E2 CETE";2;1;1;2;1;1;0.0921745424465129;6.08517113793924e-05;2.15672356741014e-05;6.75417708999891e-07;0.000154805702488094;0.2;2
"3-Multi";49;"E2 CHFU";2;1;1;2;1;1;0.101844018309278;0;0;0;1.57425410970545e-05;0.2;2
"3-Multi";50;"E2 LEMA";1.81271995977878;0.812719959778783;1;8;4;4;0.111746579548568;0.00152164397732781;0.586724600046973;3.40226772965499e-08;0.000915667631073336;0.2;6
"3-Multi";51;"E3 CHFU";1.05882352941176;0.0588235294117647;1;2;1;1;0.0640825959800786;0;0;0;1.57425410970545e-05;0.2;2
"3-Multi";52;"E3 LEMA";1.55832076420312;0.558320764203117;1;6;3;3;0.0889206088517057;0.00116325760432193;0.743198401904316;2.23776846048937e-08;0.00109680983405499;0.2;4
"3-Multi";53;"E4 CETE";1.5;0.5;1;2;1;1;0.0634911254903524;2.0361668215099e-05;6.73604403665128e-10;0.00049983813996039;0.000194626319724565;0.2;2
"3-Multi";54;"E4 LEMA";1.09049773755656;0.0904977375565611;1;4;2;2;0.090545417905596;0.00141201926462381;0.798065125090939;3.27798065119067e-08;0.00116399458125312;0.2;4
"3-Multi";55;"E5 CETE";1.66666666666667;0.666666666666667;1;2;1;1;0.0696840442337025;0.123195557625241;0.00291749240287981;0.0016026627502978;0.218554813492378;0.2;2
"3-Multi";56;"E5 LEMA";1.42986425339367;0.429864253393665;1;6;3;3;0.0908240500608231;0.000925241924233697;0.513872398218548;3.44150055968298e-08;0.000875873995044923;0.2;6
"3-Multi";57;"E6 LEMA";1.34640522875817;0.34640522875817;1;4;2;2;0.0665387251759663;0.000462101190125212;0.674724970867497;5.71183102154087e-09;0.00101775084399603;0.2;4
"3-Multi";58;"E6 PUPA";1.25;0.25;1;2;1;1;0.0629493931652361;1.12877503247986e-05;4.96138943723439e-06;3.24213650566204e-06;0.000145358871932197;0.2;2
"3-Multi";59;"F1 LEMA";4.10947712418301;3.10947712418301;1;10;5;5;0.135501994205393;0.00103411443321302;0.369238971454451;1.34933214193041e-08;0.000627291879895115;0.2;4
"3-Multi";60;"F2 CHFU";1.05882352941176;0.0588235294117647;1;2;1;1;0.0640825959800786;0;0;0;1.57425410970545e-05;0.2;2
"3-Multi";61;"F2 LEMA";3.11051693404635;2.11051693404635;1;8;4;4;0.117033241571857;0.0185906584129791;0.342926106636702;1.40160138445974e-05;0.0134513923018806;0.2;4
"3-Multi";62;"F3 CETE";1.2;0.2;1;2;1;1;0.0614259732499627;6.7631738110001e-06;1.73837830893203e-05;6.41466303662096e-08;0.000115020814913666;0.2;2
"3-Multi";63;"F3 LEMA";1.0517848164907;0.0517848164906988;1;4;2;2;0.0744857812614467;0.000912862848140562;0.838452100072751;1.89361407846008e-08;0.0012034651291674;0.2;4
"3-Multi";64;"F4 LEMA";3.46549773755656;2.46549773755656;1;10;5;5;0.136137738701363;0.00161583938385232;0.49777473691479;4.28163745512758e-08;0.000824353281746879;0.2;6
"3-Multi";65;"F5 LEMA";1.03871292106586;0.0387129210658622;1;4;2;2;0.0637990202266245;0.000499156416483895;0.730753500121252;1.38436657276259e-08;0.00109821033472931;0.2;4
"3-Multi";66;"F6 LEMA";1.15717697335344;0.157176973353444;1;6;3;3;0.064613583040195;0.00033654617981957;0.406496608058304;1.28304911186032e-08;0.000745613700091;0.2;6
"3-Multi";67;"Andrena";16.5214285714286;8.27142857142857;8.25;26;13;13;0.324824327065734;0.00419509070148608;0.0443264198282505;0.0283849497187852;0.00930065627881829;0.8;6
"3-Multi";68;"Bee_4.19.5";1.44444444444444;0.444444444444444;1;2;1;1;0.077524038915807;0.00441852893794468;1.40160138449243e-05;0.00967760232737608;0.00720062688756238;0.2;2
"3-Multi";69;"Big.bee.2.8.6";2;1;1;2;1;1;0.101844018309279;0;0;0;1.57425410970545e-05;0.2;2
"3-Multi";70;"Black_small_fly";1.11111111111111;0.111111111111111;1;2;1;1;0.0551855474158081;0.00110463223448596;1.40160138449279e-05;0.00241940058184403;0.00720062688756238;0.2;2
"3-Multi";71;"Bombilus_major";12.1428571428571;8.14285714285714;4;18;9;9;0.332815363487094;0.000147665647922389;0.000209291544795478;2.23451725263006e-05;0.0004467153399737;0.4;2
"3-Multi";72;"Bombylidae";15.7635836385836;8.51358363858364;7.25;28;14;14;0.346311950291873;1;0.0792965991466476;0.0507434935484056;1;0.6;4
"3-Multi";73;"Brassicogethes";22.816520979021;21.816520979021;1;70;35;35;1;0.0591818118920331;6.13536782129711e-06;1;0.00253200775359822;0.2;6
"3-Multi";74;"Cerambycidae";1.07692307692308;0.0769230769230769;1;2;1;1;0.0541435602794039;6.64691748610008e-05;4.28163747233625e-08;0.00243130386564879;0.000448157404264776;0.2;2
"3-Multi";75;"Conophorus";1.28571428571429;0.285714285714286;1;2;1;1;0.0680499665007717;6.50122934528777e-05;0.000731215585417996;8.02118924577664e-06;0.000368441351378935;0.2;2
"3-Multi";76;"Cryptocephalus";1.09090909090909;0.0909090909090909;1;2;1;1;0.0552588303314291;5.02737597081586e-05;1.34933216368279e-08;0.00213139817104711;0.000342776316884103;0.2;2
"3-Multi";77;"Cylindromyia";5.75;2.625;3.125;10;5;5;0.103853699707511;0.000193101401835953;0.0248680716554225;0.0232890247820512;0.00102853125162813;0.4;4
"3-Multi";78;"Dilophus";1.125;0.125;1;2;1;1;0.0544238888110464;5.58152521680474e-05;1.80578609541818e-08;0.00325866096240293;0.000378849331409534;0.2;2
"3-Multi";79;"Elateridae";1.24358974358974;0.243589743589744;1;4;2;2;0.0597163381729285;0.00427985454918275;1.89678716181742e-05;0.00695233904910814;0.0139345583840348;0.2;4
"3-Multi";80;"Eristalis_sp.";1.07692307692308;0.0769230769230769;1;2;1;1;0.0541435602794039;6.64691748611781e-05;4.28163747296954e-08;0.00243130386564878;0.000448157404264776;0.2;2
"3-Multi";81;"Eucera";2;1;1;2;1;1;0.101844018309277;0;0;0;1.57425410970545e-05;0.2;2
"3-Multi";82;"Fly_jar";1.125;0.125;1;2;1;1;0.0541761389303011;0.00112704474849295;1.3073861455023e-05;0.00600360212576797;0.00734645777216968;0.2;2
"3-Multi";83;"Mordellidae";1.52083333333333;0.520833333333333;1;6;3;3;0.0668241441318684;0.000271490183330021;2.92625271912988e-08;0.0241749126024907;0.000604443565048025;0.2;4
"3-Multi";84;"Musca";1.85128205128205;0.851282051282051;1;8;4;4;0.0961486205693334;0.000661864213052633;1.93152451244587e-07;0.0272293238111548;0.000553952995279722;0.2;6
"3-Multi";85;"Musca.jar";1.54545454545455;0.545454545454545;1;4;2;2;0.0858706781185248;0.000348902678655073;1.94850966726423e-08;0.015352815541411;0.00039402588187664;0.2;4
"3-Multi";86;"Musca_sp.";2.02272727272727;1.02272727272727;1;8;4;4;0.102301760472521;0.000556080859068917;2.46319160479346e-08;0.0296606434113683;0.000417702454921382;0.2;6
"3-Multi";87;"Oedemeridae";1.33939393939394;0.339393939393939;1;4;2;2;0.075627648262777;0.000226236323260349;2.48287220000358e-08;0.00888675285801564;0.000383674607583248;0.2;4
"3-Multi";88;"Psilothrix_viridicoerulea";6.1001998001998;5.1001998001998;1;46;23;23;0.284711681882152;0.00623176612855716;5.37504385147488e-06;0.192260500363756;0.00105581848716012;0.2;6
"3-Multi";89;"Small.bee.1.18.6";9.28571428571428;5.28571428571429;4;12;6;6;0.24877308162784;0.000265724573889068;0.000328730114978398;3.15289047346433e-05;0.00062044976165836;0.4;2
"3-Multi";90;"Small.bee.1.8.6";1.2;0.2;1;2;1;1;0.0555024696664072;8.00911200759732e-05;1.75011661565469e-08;0.00812853924999601;0.000536776570033745;0.2;2
"3-Multi";91;"Sphaerophoria_scripta";1.23376623376623;0.233766233766234;1;4;2;2;0.0595831470373832;0.000162842714786328;2.82001810445549e-08;0.0101283129664568;0.000545422959090512;0.2;4
"3-Multi";92;"Ulidiidae";12.0909090909091;10.0909090909091;2;22;11;11;0.372575201567006;5.02737597077924e-05;1.34933215831554e-08;0.00213139817104712;0.000345718880069212;0.4;2
"3-Multi";93;"X1.29.5";6.73571428571429;3.61071428571429;3.125;14;7;7;0.146575014069928;0.000347291323653731;0.0157438276657342;0.0203252871121757;0.000943222571966944;0.4;6
"4-Multi";1;"A1 LEMA";1.02614379084967;0.0261437908496732;1;2;1;1;0.0691129056521196;0.000827412863313191;1;1.01849501263249e-08;0.00136134732082454;0.2;2
"4-Multi";2;"A2 CHFU";1.23529411764706;0.235294117647059;1;2;1;1;0.113112233172889;0;0;0;1.57425410970544e-05;0.2;2
"4-Multi";3;"A2 LEMA";2.1301247771836;1.1301247771836;1;6;3;3;0.0987727336690554;0.0168603154616912;0.756401093995592;1.30738614549088e-05;0.0137240943518243;0.2;4
"4-Multi";4;"A2 PUPA";1.2;0.2;1;2;1;1;0.0575633551853273;1.62498600605152e-05;9.96166906063864e-06;4.03955836765913e-06;0.000198480672834256;0.2;2
"4-Multi";5;"A3 CETE";1.2;0.2;1;2;1;1;0.0614259732499627;6.76317381165842e-06;1.73837830893842e-05;6.41466303557334e-08;0.000115020814913666;0.2;2
"4-Multi";6;"A3 CHFU";1.05882352941176;0.0588235294117647;1;2;1;1;0.0640825959800786;0;0;0;1.57425410970544e-05;0.2;2
"4-Multi";7;"A3 LEMA";1.5517848164907;0.551784816490699;1;6;3;3;0.0901374310460109;0.000960075120595954;0.702591587506755;1.93305124538015e-08;0.00105676385164827;0.2;4
"4-Multi";8;"A4 BEMA";2;1;1;2;1;1;0.0620955571370004;8.83991480783442e-06;1.0527779807587e-10;0.00157903455680968;0.00024825567079156;0.2;2
"4-Multi";9;"A4 LEMA";1.01960784313725;0.0196078431372549;1;2;1;1;0.0637695251347085;0.000620559647484969;1;7.6387125962343e-09;0.00136134732082454;0.2;2
"4-Multi";10;"A5 CETE";1.4;0.4;1;2;1;1;0.0751125629174503;1.3526347622186e-05;1.73837830892897e-05;1.2829326072017e-07;0.000115020814913666;0.2;2
"4-Multi";11;"A5 CHFU";1.05882352941176;0.0588235294117647;1;2;1;1;0.0640825959800786;0;0;0;1.57425410970544e-05;0.2;2
"4-Multi";12;"A5 LEMA";1.51307189542484;0.513071895424837;1;4;2;2;0.0740777944018616;0.000460918704112341;0.674429674892257;5.4868467316774e-09;0.00101531736856724;0.2;4
"4-Multi";13;"A5 PUPA";1.4;0.4;1;2;1;1;0.0673873267881794;3.24997201200889e-05;9.96166906060963e-06;8.07911673532316e-06;0.000198480672834256;0.2;2
"4-Multi";14;"A6 LEMA";1.78579916815211;0.785799168152109;1;6;3;3;0.0837325871050687;0.0466075371028877;0.357094631427669;3.72926081620213e-05;0.0505413177595308;0.2;4
"4-Multi";15;"A6 PUPA";1.5;0.5;1;2;1;1;0.078159402747997;2.25755006493968e-05;4.96138943724151e-06;6.48427301131627e-06;0.000145358871932197;0.2;2
"4-Multi";16;"B1 CETE";1.33333333333333;0.333333333333333;1;2;1;1;0.0587117139080888;0.0615977788126205;0.0029174924028798;0.000801331375148906;0.218554813492378;0.2;2
"4-Multi";17;"B1 LEMA";1.1301247771836;0.130124777183601;1;4;2;2;0.0851857964143813;0.016257607941559;0.863600735691281;1.22437170986003e-05;0.0151224027430488;0.2;4
"4-Multi";18;"B1 PUPA";2;1;1;2;1;1;0.0782590362699409;0.184793336437895;0.00262085130655852;0.00249654901553184;0.218554813492378;0.2;2
"4-Multi";19;"B2 CETE";1.2;0.2;1;2;1;1;0.0614259732499627;6.76317381153896e-06;1.73837830893773e-05;6.41466303579969e-08;0.000115020814913666;0.2;2
"4-Multi";20;"B2 CHFU";1.11764705882353;0.117647058823529;1;2;1;1;0.0804258083776822;0;0;0;1.57425410970545e-05;0.2;2
"4-Multi";21;"B2 LEMA";1.52593811417341;0.525938114173408;1;6;3;3;0.117446571450877;0.0766158657285725;0.5706374038122;6.11687732204436e-05;0.0383496187684833;0.2;4
"4-Multi";22;"B3 CHFU";1.05882352941176;0.0588235294117647;1;2;1;1;0.0640825959800786;0;0;0;1.57425410970545e-05;0.2;2
"4-Multi";23;"B3 LEMA";1.8535696329814;0.853569632981398;1;8;4;4;0.122696118907835;0.00305857638607141;0.649687075953764;6.43135074124763e-07;0.00154621324706504;0.2;6
"4-Multi";24;"B4 LEMA";1.50779286073404;0.507792860734037;1;6;3;3;0.136120652269975;0.00266558007188836;0.737076057128595;6.36327314328762e-08;0.00109957024184777;0.2;4
"4-Multi";25;"B5 LEMA";1.65485168426345;0.654851684263449;1;8;4;4;0.132248996867852;0.0021153576134571;0.58882582679569;5.8834922912164e-08;0.000933209182471463;0.2;6
"4-Multi";26;"B6 LEMA";1.8360985419809;0.836098541980895;1;8;4;4;0.112902216107028;0.00127714565307686;0.480302945994615;2.24809840378535e-08;0.000771046011296894;0.2;6
"4-Multi";27;"C1 CHFU";1.17647058823529;0.176470588235294;1;2;1;1;0.0967690207752857;0;0;0;1.57425410970545e-05;0.2;2
"4-Multi";28;"C2 CHFU";1.11764705882353;0.117647058823529;1;2;1;1;0.0804258083776822;0;0;0;1.57425410970545e-05;0.2;2
"4-Multi";29;"C2 LEMA";2.04524886877828;1.04524886877828;1;6;3;3;0.0838567191244002;0.000748839804251754;0.64007780792275;1.75011658820064e-08;0.000990070086075183;0.2;4
"4-Multi";30;"C2 PUPA";2;1;1;2;1;1;0.101844018309279;0;0;0;1.57425410970545e-05;0.2;2
"4-Multi";31;"C3 LEMA";1.40422322775264;0.404223227752639;1;6;3;3;0.0926798482085489;0.000890584375663848;0.434187866370202;2.56624406866302e-08;0.000740000227204866;0.2;6
"4-Multi";32;"C4 LEMA";2.37858220211161;1.37858220211161;1;8;4;4;0.101104497252529;0.000834982604270551;0.410562636445033;1.80578609218573e-08;0.00069474799548559;0.2;6
"4-Multi";33;"C5 LEMA";1.45832076420312;0.458320764203117;1;6;3;3;0.0954884760593406;0.00144132043959343;0.655380177471047;2.92102955781732e-05;0.00119556126631237;0.2;6
"4-Multi";34;"C5 PUPA";1.5;0.5;1;2;1;1;0.0615856754044546;0.000346944578776421;0.00152701667990128;0.000673464706647889;0.00188798536254007;0.2;2
"4-Multi";35;"C6 CETE";2;1;1;2;1;1;0.0729089265177706;0.000745500368956972;0.00146747333657201;0.0013946707738778;0.00202683850223631;0.2;2
"4-Multi";36;"C6 LEMA";1.26435394670689;0.264353946706888;1;6;3;3;0.0770015529761929;0.000745408589122605;0.481982292085965;1.46170014563294e-05;0.000991895189729093;0.2;6
"4-Multi";37;"C6 PUPA";3.15;2.15;1;8;4;4;0.12182331888249;0.000425498546477167;0.000442137209407577;0.000731215585418067;0.00067528519446261;0.2;2
"4-Multi";38;"D1 CHFU";2;1;1;2;1;1;0.101844018309277;0;0;0;1.57425410970545e-05;0.2;2
"4-Multi";39;"D1 LEMA";1.0517848164907;0.0517848164906988;1;4;2;2;0.0744857812614467;0.000912862848139913;0.838452100072751;1.89361407942162e-08;0.0012034651291674;0.2;4
"4-Multi";40;"D2 CETE";1.5;0.5;1;2;1;1;0.0634911254903524;2.03616682147795e-05;6.73604391638954e-10;0.000499838139960395;0.000194626319724565;0.2;2
"4-Multi";41;"D2 LEMA";1.39165409753645;0.39165409753645;1;6;3;3;0.0907650598769912;0.00116804838623717;0.744655112400332;2.20050993162934e-08;0.00110141998312655;0.2;6
"4-Multi";42;"D3 LEMA";1.02614379084967;0.0261437908496732;1;2;1;1;0.0691129056521196;0.000827412863313859;1;1.01849501162889e-08;0.00136134732082454;0.2;2
"4-Multi";43;"D4 CHFU";1.05882352941176;0.0588235294117647;1;2;1;1;0.0640825959800786;0;0;0;1.57425410970545e-05;0.2;2
"4-Multi";44;"D4 LEMA";1.02614379084967;0.0261437908496732;1;2;1;1;0.0691129056521196;0.000827412863313766;1;1.01849501178457e-08;0.00136134732082454;0.2;2
"4-Multi";45;"D5 LEMA";1.37858220211161;0.378582202111614;1;6;3;3;0.0800782988421689;0.000754341954579748;0.642517157360465;1.69126242688423e-08;0.000997449048047356;0.2;6
"4-Multi";46;"D6 LEMA";1.48999497234791;0.489994972347914;1;6;3;3;0.0902040857257614;0.000991660761761563;0.375366060070842;2.92201592469255e-05;0.000946331556157572;0.2;6
"4-Multi";47;"E1 LEMA";1.37908496732026;0.379084967320261;1;4;2;2;0.093255627763022;0.00149636726926723;0.878021864075311;1.84430186602665e-08;0.00123249864201385;0.2;4
"4-Multi";48;"E2 CETE";2;1;1;2;1;1;0.0921745424465129;6.08517113793924e-05;2.15672356741014e-05;6.75417708999891e-07;0.000154805702488094;0.2;2
"4-Multi";49;"E2 CHFU";2;1;1;2;1;1;0.101844018309278;0;0;0;1.57425410970545e-05;0.2;2
"4-Multi";50;"E2 LEMA";1.81271995977878;0.812719959778783;1;8;4;4;0.111746579548568;0.00152164397732781;0.586724600046973;3.40226772965499e-08;0.000915667631073336;0.2;6
"4-Multi";51;"E3 CHFU";1.05882352941176;0.0588235294117647;1;2;1;1;0.0640825959800786;0;0;0;1.57425410970545e-05;0.2;2
"4-Multi";52;"E3 LEMA";1.55832076420312;0.558320764203117;1;6;3;3;0.0889206088517057;0.00116325760432193;0.743198401904316;2.23776846048937e-08;0.00109680983405499;0.2;4
"4-Multi";53;"E4 CETE";1.5;0.5;1;2;1;1;0.0634911254903524;2.0361668215099e-05;6.73604403665128e-10;0.00049983813996039;0.000194626319724565;0.2;2
"4-Multi";54;"E4 LEMA";1.09049773755656;0.0904977375565611;1;4;2;2;0.090545417905596;0.00141201926462381;0.798065125090939;3.27798065119067e-08;0.00116399458125312;0.2;4
"4-Multi";55;"E5 CETE";1.66666666666667;0.666666666666667;1;2;1;1;0.0696840442337025;0.123195557625241;0.00291749240287981;0.0016026627502978;0.218554813492378;0.2;2
"4-Multi";56;"E5 LEMA";1.42986425339367;0.429864253393665;1;6;3;3;0.0908240500608231;0.000925241924233697;0.513872398218548;3.44150055968298e-08;0.000875873995044923;0.2;6
"4-Multi";57;"E6 LEMA";1.34640522875817;0.34640522875817;1;4;2;2;0.0665387251759663;0.000462101190125212;0.674724970867497;5.71183102154087e-09;0.00101775084399603;0.2;4
"4-Multi";58;"E6 PUPA";1.25;0.25;1;2;1;1;0.0629493931652361;1.12877503247986e-05;4.96138943723439e-06;3.24213650566204e-06;0.000145358871932197;0.2;2
"4-Multi";59;"F1 LEMA";4.10947712418301;3.10947712418301;1;10;5;5;0.135501994205393;0.00103411443321302;0.369238971454451;1.34933214193041e-08;0.000627291879895115;0.2;4
"4-Multi";60;"F2 CHFU";1.05882352941176;0.0588235294117647;1;2;1;1;0.0640825959800786;0;0;0;1.57425410970545e-05;0.2;2
"4-Multi";61;"F2 LEMA";3.11051693404635;2.11051693404635;1;8;4;4;0.117033241571857;0.0185906584129791;0.342926106636702;1.40160138445974e-05;0.0134513923018806;0.2;4
"4-Multi";62;"F3 CETE";1.2;0.2;1;2;1;1;0.0614259732499627;6.7631738110001e-06;1.73837830893203e-05;6.41466303662096e-08;0.000115020814913666;0.2;2
"4-Multi";63;"F3 LEMA";1.0517848164907;0.0517848164906988;1;4;2;2;0.0744857812614467;0.000912862848140562;0.838452100072751;1.89361407846008e-08;0.0012034651291674;0.2;4
"4-Multi";64;"F4 LEMA";3.46549773755656;2.46549773755656;1;10;5;5;0.136137738701363;0.00161583938385232;0.49777473691479;4.28163745512758e-08;0.000824353281746879;0.2;6
"4-Multi";65;"F5 LEMA";1.03871292106586;0.0387129210658622;1;4;2;2;0.0637990202266245;0.000499156416483895;0.730753500121252;1.38436657276259e-08;0.00109821033472931;0.2;4
"4-Multi";66;"F6 LEMA";1.15717697335344;0.157176973353444;1;6;3;3;0.064613583040195;0.00033654617981957;0.406496608058304;1.28304911186032e-08;0.000745613700091;0.2;6
"4-Multi";67;"Andrena";16.5214285714286;8.27142857142857;8.25;26;13;13;0.324824327065734;0.00419509070148608;0.0443264198282505;0.0283849497187852;0.00930065627881829;0.8;6
"4-Multi";68;"Bee_4.19.5";1.44444444444444;0.444444444444444;1;2;1;1;0.077524038915807;0.00441852893794468;1.40160138449243e-05;0.00967760232737608;0.00720062688756238;0.2;2
"4-Multi";69;"Big.bee.2.8.6";2;1;1;2;1;1;0.101844018309279;0;0;0;1.57425410970545e-05;0.2;2
"4-Multi";70;"Black_small_fly";1.11111111111111;0.111111111111111;1;2;1;1;0.0551855474158081;0.00110463223448596;1.40160138449279e-05;0.00241940058184403;0.00720062688756238;0.2;2
"4-Multi";71;"Bombilus_major";12.1428571428571;8.14285714285714;4;18;9;9;0.332815363487094;0.000147665647922389;0.000209291544795478;2.23451725263006e-05;0.0004467153399737;0.4;2
"4-Multi";72;"Bombylidae";15.7635836385836;8.51358363858364;7.25;28;14;14;0.346311950291873;1;0.0792965991466476;0.0507434935484056;1;0.6;4
"4-Multi";73;"Brassicogethes";22.816520979021;21.816520979021;1;70;35;35;1;0.0591818118920331;6.13536782129711e-06;1;0.00253200775359822;0.2;6
"4-Multi";74;"Cerambycidae";1.07692307692308;0.0769230769230769;1;2;1;1;0.0541435602794039;6.64691748610008e-05;4.28163747233625e-08;0.00243130386564879;0.000448157404264776;0.2;2
"4-Multi";75;"Conophorus";1.28571428571429;0.285714285714286;1;2;1;1;0.0680499665007717;6.50122934528777e-05;0.000731215585417996;8.02118924577664e-06;0.000368441351378935;0.2;2
"4-Multi";76;"Cryptocephalus";1.09090909090909;0.0909090909090909;1;2;1;1;0.0552588303314291;5.02737597081586e-05;1.34933216368279e-08;0.00213139817104711;0.000342776316884103;0.2;2
"4-Multi";77;"Cylindromyia";5.75;2.625;3.125;10;5;5;0.103853699707511;0.000193101401835953;0.0248680716554225;0.0232890247820512;0.00102853125162813;0.4;4
"4-Multi";78;"Dilophus";1.125;0.125;1;2;1;1;0.0544238888110464;5.58152521680474e-05;1.80578609541818e-08;0.00325866096240293;0.000378849331409534;0.2;2
"4-Multi";79;"Elateridae";1.24358974358974;0.243589743589744;1;4;2;2;0.0597163381729285;0.00427985454918275;1.89678716181742e-05;0.00695233904910814;0.0139345583840348;0.2;4
"4-Multi";80;"Eristalis_sp.";1.07692307692308;0.0769230769230769;1;2;1;1;0.0541435602794039;6.64691748611781e-05;4.28163747296954e-08;0.00243130386564878;0.000448157404264776;0.2;2
"4-Multi";81;"Eucera";2;1;1;2;1;1;0.101844018309277;0;0;0;1.57425410970545e-05;0.2;2
"4-Multi";82;"Fly_jar";1.125;0.125;1;2;1;1;0.0541761389303011;0.00112704474849295;1.3073861455023e-05;0.00600360212576797;0.00734645777216968;0.2;2
"4-Multi";83;"Mordellidae";1.52083333333333;0.520833333333333;1;6;3;3;0.0668241441318684;0.000271490183330021;2.92625271912988e-08;0.0241749126024907;0.000604443565048025;0.2;4
"4-Multi";84;"Musca";1.85128205128205;0.851282051282051;1;8;4;4;0.0961486205693334;0.000661864213052633;1.93152451244587e-07;0.0272293238111548;0.000553952995279722;0.2;6
"4-Multi";85;"Musca.jar";1.54545454545455;0.545454545454545;1;4;2;2;0.0858706781185248;0.000348902678655073;1.94850966726423e-08;0.015352815541411;0.00039402588187664;0.2;4
"4-Multi";86;"Musca_sp.";2.02272727272727;1.02272727272727;1;8;4;4;0.102301760472521;0.000556080859068917;2.46319160479346e-08;0.0296606434113683;0.000417702454921382;0.2;6
"4-Multi";87;"Oedemeridae";1.33939393939394;0.339393939393939;1;4;2;2;0.075627648262777;0.000226236323260349;2.48287220000358e-08;0.00888675285801564;0.000383674607583248;0.2;4
"4-Multi";88;"Psilothrix_viridicoerulea";6.1001998001998;5.1001998001998;1;46;23;23;0.284711681882152;0.00623176612855716;5.37504385147488e-06;0.192260500363756;0.00105581848716012;0.2;6
"4-Multi";89;"Small.bee.1.18.6";9.28571428571428;5.28571428571429;4;12;6;6;0.24877308162784;0.000265724573889068;0.000328730114978398;3.15289047346433e-05;0.00062044976165836;0.4;2
"4-Multi";90;"Small.bee.1.8.6";1.2;0.2;1;2;1;1;0.0555024696664072;8.00911200759732e-05;1.75011661565469e-08;0.00812853924999601;0.000536776570033745;0.2;2
"4-Multi";91;"Sphaerophoria_scripta";1.23376623376623;0.233766233766234;1;4;2;2;0.0595831470373832;0.000162842714786328;2.82001810445549e-08;0.0101283129664568;0.000545422959090512;0.2;4
"4-Multi";92;"Ulidiidae";12.0909090909091;10.0909090909091;2;22;11;11;0.372575201567006;5.02737597077924e-05;1.34933215831554e-08;0.00213139817104712;0.000345718880069212;0.4;2
"4-Multi";93;"X1.29.5";6.73571428571429;3.61071428571429;3.125;14;7;7;0.146575014069928;0.000347291323653731;0.0157438276657342;0.0203252871121757;0.000943222571966944;0.4;6
"5-Multi";1;"A1 LEMA";1.02614379084967;0.0261437908496732;1;2;1;1;0.0691129056521196;0.000827412863313191;1;1.01849501263249e-08;0.00136134732082454;0.2;2
"5-Multi";2;"A2 CHFU";1.23529411764706;0.235294117647059;1;2;1;1;0.113112233172889;0;0;0;1.57425410970544e-05;0.2;2
"5-Multi";3;"A2 LEMA";2.1301247771836;1.1301247771836;1;6;3;3;0.0987727336690554;0.0168603154616912;0.756401093995592;1.30738614549088e-05;0.0137240943518243;0.2;4
"5-Multi";4;"A2 PUPA";1.2;0.2;1;2;1;1;0.0575633551853273;1.62498600605152e-05;9.96166906063864e-06;4.03955836765913e-06;0.000198480672834256;0.2;2
"5-Multi";5;"A3 CETE";1.2;0.2;1;2;1;1;0.0614259732499627;6.76317381165842e-06;1.73837830893842e-05;6.41466303557334e-08;0.000115020814913666;0.2;2
"5-Multi";6;"A3 CHFU";1.05882352941176;0.0588235294117647;1;2;1;1;0.0640825959800786;0;0;0;1.57425410970544e-05;0.2;2
"5-Multi";7;"A3 LEMA";1.5517848164907;0.551784816490699;1;6;3;3;0.0901374310460109;0.000960075120595954;0.702591587506755;1.93305124538015e-08;0.00105676385164827;0.2;4
"5-Multi";8;"A4 BEMA";2;1;1;2;1;1;0.0620955571370004;8.83991480783442e-06;1.0527779807587e-10;0.00157903455680968;0.00024825567079156;0.2;2
"5-Multi";9;"A4 LEMA";1.01960784313725;0.0196078431372549;1;2;1;1;0.0637695251347085;0.000620559647484969;1;7.6387125962343e-09;0.00136134732082454;0.2;2
"5-Multi";10;"A5 CETE";1.4;0.4;1;2;1;1;0.0751125629174503;1.3526347622186e-05;1.73837830892897e-05;1.2829326072017e-07;0.000115020814913666;0.2;2
"5-Multi";11;"A5 CHFU";1.05882352941176;0.0588235294117647;1;2;1;1;0.0640825959800786;0;0;0;1.57425410970544e-05;0.2;2
"5-Multi";12;"A5 LEMA";1.51307189542484;0.513071895424837;1;4;2;2;0.0740777944018616;0.000460918704112341;0.674429674892257;5.4868467316774e-09;0.00101531736856724;0.2;4
"5-Multi";13;"A5 PUPA";1.4;0.4;1;2;1;1;0.0673873267881794;3.24997201200889e-05;9.96166906060963e-06;8.07911673532316e-06;0.000198480672834256;0.2;2
"5-Multi";14;"A6 LEMA";1.78579916815211;0.785799168152109;1;6;3;3;0.0837325871050687;0.0466075371028877;0.357094631427669;3.72926081620213e-05;0.0505413177595308;0.2;4
"5-Multi";15;"A6 PUPA";1.5;0.5;1;2;1;1;0.078159402747997;2.25755006493968e-05;4.96138943724151e-06;6.48427301131627e-06;0.000145358871932197;0.2;2
"5-Multi";16;"B1 CETE";1.33333333333333;0.333333333333333;1;2;1;1;0.0587117139080888;0.0615977788126205;0.0029174924028798;0.000801331375148906;0.218554813492378;0.2;2
"5-Multi";17;"B1 LEMA";1.1301247771836;0.130124777183601;1;4;2;2;0.0851857964143813;0.016257607941559;0.863600735691281;1.22437170986003e-05;0.0151224027430488;0.2;4
"5-Multi";18;"B1 PUPA";2;1;1;2;1;1;0.0782590362699409;0.184793336437895;0.00262085130655852;0.00249654901553184;0.218554813492378;0.2;2
"5-Multi";19;"B2 CETE";1.2;0.2;1;2;1;1;0.0614259732499627;6.76317381153896e-06;1.73837830893773e-05;6.41466303579969e-08;0.000115020814913666;0.2;2
"5-Multi";20;"B2 CHFU";1.11764705882353;0.117647058823529;1;2;1;1;0.0804258083776822;0;0;0;1.57425410970545e-05;0.2;2
"5-Multi";21;"B2 LEMA";1.52593811417341;0.525938114173408;1;6;3;3;0.117446571450877;0.0766158657285725;0.5706374038122;6.11687732204436e-05;0.0383496187684833;0.2;4
"5-Multi";22;"B3 CHFU";1.05882352941176;0.0588235294117647;1;2;1;1;0.0640825959800786;0;0;0;1.57425410970545e-05;0.2;2
"5-Multi";23;"B3 LEMA";1.8535696329814;0.853569632981398;1;8;4;4;0.122696118907835;0.00305857638607141;0.649687075953764;6.43135074124763e-07;0.00154621324706504;0.2;6
"5-Multi";24;"B4 LEMA";1.50779286073404;0.507792860734037;1;6;3;3;0.136120652269975;0.00266558007188836;0.737076057128595;6.36327314328762e-08;0.00109957024184777;0.2;4
"5-Multi";25;"B5 LEMA";1.65485168426345;0.654851684263449;1;8;4;4;0.132248996867852;0.0021153576134571;0.58882582679569;5.8834922912164e-08;0.000933209182471463;0.2;6
"5-Multi";26;"B6 LEMA";1.8360985419809;0.836098541980895;1;8;4;4;0.112902216107028;0.00127714565307686;0.480302945994615;2.24809840378535e-08;0.000771046011296894;0.2;6
"5-Multi";27;"C1 CHFU";1.17647058823529;0.176470588235294;1;2;1;1;0.0967690207752857;0;0;0;1.57425410970545e-05;0.2;2
"5-Multi";28;"C2 CHFU";1.11764705882353;0.117647058823529;1;2;1;1;0.0804258083776822;0;0;0;1.57425410970545e-05;0.2;2
"5-Multi";29;"C2 LEMA";2.04524886877828;1.04524886877828;1;6;3;3;0.0838567191244002;0.000748839804251754;0.64007780792275;1.75011658820064e-08;0.000990070086075183;0.2;4
"5-Multi";30;"C2 PUPA";2;1;1;2;1;1;0.101844018309279;0;0;0;1.57425410970545e-05;0.2;2
"5-Multi";31;"C3 LEMA";1.40422322775264;0.404223227752639;1;6;3;3;0.0926798482085489;0.000890584375663848;0.434187866370202;2.56624406866302e-08;0.000740000227204866;0.2;6
"5-Multi";32;"C4 LEMA";2.37858220211161;1.37858220211161;1;8;4;4;0.101104497252529;0.000834982604270551;0.410562636445033;1.80578609218573e-08;0.00069474799548559;0.2;6
"5-Multi";33;"C5 LEMA";1.45832076420312;0.458320764203117;1;6;3;3;0.0954884760593406;0.00144132043959343;0.655380177471047;2.92102955781732e-05;0.00119556126631237;0.2;6
"5-Multi";34;"C5 PUPA";1.5;0.5;1;2;1;1;0.0615856754044546;0.000346944578776421;0.00152701667990128;0.000673464706647889;0.00188798536254007;0.2;2
"5-Multi";35;"C6 CETE";2;1;1;2;1;1;0.0729089265177706;0.000745500368956972;0.00146747333657201;0.0013946707738778;0.00202683850223631;0.2;2
"5-Multi";36;"C6 LEMA";1.26435394670689;0.264353946706888;1;6;3;3;0.0770015529761929;0.000745408589122605;0.481982292085965;1.46170014563294e-05;0.000991895189729093;0.2;6
"5-Multi";37;"C6 PUPA";3.15;2.15;1;8;4;4;0.12182331888249;0.000425498546477167;0.000442137209407577;0.000731215585418067;0.00067528519446261;0.2;2
"5-Multi";38;"D1 CHFU";2;1;1;2;1;1;0.101844018309277;0;0;0;1.57425410970545e-05;0.2;2
"5-Multi";39;"D1 LEMA";1.0517848164907;0.0517848164906988;1;4;2;2;0.0744857812614467;0.000912862848139913;0.838452100072751;1.89361407942162e-08;0.0012034651291674;0.2;4
"5-Multi";40;"D2 CETE";1.5;0.5;1;2;1;1;0.0634911254903524;2.03616682147795e-05;6.73604391638954e-10;0.000499838139960395;0.000194626319724565;0.2;2
"5-Multi";41;"D2 LEMA";1.39165409753645;0.39165409753645;1;6;3;3;0.0907650598769912;0.00116804838623717;0.744655112400332;2.20050993162934e-08;0.00110141998312655;0.2;6
"5-Multi";42;"D3 LEMA";1.02614379084967;0.0261437908496732;1;2;1;1;0.0691129056521196;0.000827412863313859;1;1.01849501162889e-08;0.00136134732082454;0.2;2
"5-Multi";43;"D4 CHFU";1.05882352941176;0.0588235294117647;1;2;1;1;0.0640825959800786;0;0;0;1.57425410970545e-05;0.2;2
"5-Multi";44;"D4 LEMA";1.02614379084967;0.0261437908496732;1;2;1;1;0.0691129056521196;0.000827412863313766;1;1.01849501178457e-08;0.00136134732082454;0.2;2
"5-Multi";45;"D5 LEMA";1.37858220211161;0.378582202111614;1;6;3;3;0.0800782988421689;0.000754341954579748;0.642517157360465;1.69126242688423e-08;0.000997449048047356;0.2;6
"5-Multi";46;"D6 LEMA";1.48999497234791;0.489994972347914;1;6;3;3;0.0902040857257614;0.000991660761761563;0.375366060070842;2.92201592469255e-05;0.000946331556157572;0.2;6
"5-Multi";47;"E1 LEMA";1.37908496732026;0.379084967320261;1;4;2;2;0.093255627763022;0.00149636726926723;0.878021864075311;1.84430186602665e-08;0.00123249864201385;0.2;4
"5-Multi";48;"E2 CETE";2;1;1;2;1;1;0.0921745424465129;6.08517113793924e-05;2.15672356741014e-05;6.75417708999891e-07;0.000154805702488094;0.2;2
"5-Multi";49;"E2 CHFU";2;1;1;2;1;1;0.101844018309278;0;0;0;1.57425410970545e-05;0.2;2
"5-Multi";50;"E2 LEMA";1.81271995977878;0.812719959778783;1;8;4;4;0.111746579548568;0.00152164397732781;0.586724600046973;3.40226772965499e-08;0.000915667631073336;0.2;6
"5-Multi";51;"E3 CHFU";1.05882352941176;0.0588235294117647;1;2;1;1;0.0640825959800786;0;0;0;1.57425410970545e-05;0.2;2
"5-Multi";52;"E3 LEMA";1.55832076420312;0.558320764203117;1;6;3;3;0.0889206088517057;0.00116325760432193;0.743198401904316;2.23776846048937e-08;0.00109680983405499;0.2;4
"5-Multi";53;"E4 CETE";1.5;0.5;1;2;1;1;0.0634911254903524;2.0361668215099e-05;6.73604403665128e-10;0.00049983813996039;0.000194626319724565;0.2;2
"5-Multi";54;"E4 LEMA";1.09049773755656;0.0904977375565611;1;4;2;2;0.090545417905596;0.00141201926462381;0.798065125090939;3.27798065119067e-08;0.00116399458125312;0.2;4
"5-Multi";55;"E5 CETE";1.66666666666667;0.666666666666667;1;2;1;1;0.0696840442337025;0.123195557625241;0.00291749240287981;0.0016026627502978;0.218554813492378;0.2;2
"5-Multi";56;"E5 LEMA";1.42986425339367;0.429864253393665;1;6;3;3;0.0908240500608231;0.000925241924233697;0.513872398218548;3.44150055968298e-08;0.000875873995044923;0.2;6
"5-Multi";57;"E6 LEMA";1.34640522875817;0.34640522875817;1;4;2;2;0.0665387251759663;0.000462101190125212;0.674724970867497;5.71183102154087e-09;0.00101775084399603;0.2;4
"5-Multi";58;"E6 PUPA";1.25;0.25;1;2;1;1;0.0629493931652361;1.12877503247986e-05;4.96138943723439e-06;3.24213650566204e-06;0.000145358871932197;0.2;2
"5-Multi";59;"F1 LEMA";4.10947712418301;3.10947712418301;1;10;5;5;0.135501994205393;0.00103411443321302;0.369238971454451;1.34933214193041e-08;0.000627291879895115;0.2;4
"5-Multi";60;"F2 CHFU";1.05882352941176;0.0588235294117647;1;2;1;1;0.0640825959800786;0;0;0;1.57425410970545e-05;0.2;2
"5-Multi";61;"F2 LEMA";3.11051693404635;2.11051693404635;1;8;4;4;0.117033241571857;0.0185906584129791;0.342926106636702;1.40160138445974e-05;0.0134513923018806;0.2;4
"5-Multi";62;"F3 CETE";1.2;0.2;1;2;1;1;0.0614259732499627;6.7631738110001e-06;1.73837830893203e-05;6.41466303662096e-08;0.000115020814913666;0.2;2
"5-Multi";63;"F3 LEMA";1.0517848164907;0.0517848164906988;1;4;2;2;0.0744857812614467;0.000912862848140562;0.838452100072751;1.89361407846008e-08;0.0012034651291674;0.2;4
"5-Multi";64;"F4 LEMA";3.46549773755656;2.46549773755656;1;10;5;5;0.136137738701363;0.00161583938385232;0.49777473691479;4.28163745512758e-08;0.000824353281746879;0.2;6
"5-Multi";65;"F5 LEMA";1.03871292106586;0.0387129210658622;1;4;2;2;0.0637990202266245;0.000499156416483895;0.730753500121252;1.38436657276259e-08;0.00109821033472931;0.2;4
"5-Multi";66;"F6 LEMA";1.15717697335344;0.157176973353444;1;6;3;3;0.064613583040195;0.00033654617981957;0.406496608058304;1.28304911186032e-08;0.000745613700091;0.2;6
"5-Multi";67;"Andrena";16.5214285714286;8.27142857142857;8.25;26;13;13;0.324824327065734;0.00419509070148608;0.0443264198282505;0.0283849497187852;0.00930065627881829;0.8;6
"5-Multi";68;"Bee_4.19.5";1.44444444444444;0.444444444444444;1;2;1;1;0.077524038915807;0.00441852893794468;1.40160138449243e-05;0.00967760232737608;0.00720062688756238;0.2;2
"5-Multi";69;"Big.bee.2.8.6";2;1;1;2;1;1;0.101844018309279;0;0;0;1.57425410970545e-05;0.2;2
"5-Multi";70;"Black_small_fly";1.11111111111111;0.111111111111111;1;2;1;1;0.0551855474158081;0.00110463223448596;1.40160138449279e-05;0.00241940058184403;0.00720062688756238;0.2;2
"5-Multi";71;"Bombilus_major";12.1428571428571;8.14285714285714;4;18;9;9;0.332815363487094;0.000147665647922389;0.000209291544795478;2.23451725263006e-05;0.0004467153399737;0.4;2
"5-Multi";72;"Bombylidae";15.7635836385836;8.51358363858364;7.25;28;14;14;0.346311950291873;1;0.0792965991466476;0.0507434935484056;1;0.6;4
"5-Multi";73;"Brassicogethes";22.816520979021;21.816520979021;1;70;35;35;1;0.0591818118920331;6.13536782129711e-06;1;0.00253200775359822;0.2;6
"5-Multi";74;"Cerambycidae";1.07692307692308;0.0769230769230769;1;2;1;1;0.0541435602794039;6.64691748610008e-05;4.28163747233625e-08;0.00243130386564879;0.000448157404264776;0.2;2
"5-Multi";75;"Conophorus";1.28571428571429;0.285714285714286;1;2;1;1;0.0680499665007717;6.50122934528777e-05;0.000731215585417996;8.02118924577664e-06;0.000368441351378935;0.2;2
"5-Multi";76;"Cryptocephalus";1.09090909090909;0.0909090909090909;1;2;1;1;0.0552588303314291;5.02737597081586e-05;1.34933216368279e-08;0.00213139817104711;0.000342776316884103;0.2;2
"5-Multi";77;"Cylindromyia";5.75;2.625;3.125;10;5;5;0.103853699707511;0.000193101401835953;0.0248680716554225;0.0232890247820512;0.00102853125162813;0.4;4
"5-Multi";78;"Dilophus";1.125;0.125;1;2;1;1;0.0544238888110464;5.58152521680474e-05;1.80578609541818e-08;0.00325866096240293;0.000378849331409534;0.2;2
"5-Multi";79;"Elateridae";1.24358974358974;0.243589743589744;1;4;2;2;0.0597163381729285;0.00427985454918275;1.89678716181742e-05;0.00695233904910814;0.0139345583840348;0.2;4
"5-Multi";80;"Eristalis_sp.";1.07692307692308;0.0769230769230769;1;2;1;1;0.0541435602794039;6.64691748611781e-05;4.28163747296954e-08;0.00243130386564878;0.000448157404264776;0.2;2
"5-Multi";81;"Eucera";2;1;1;2;1;1;0.101844018309277;0;0;0;1.57425410970545e-05;0.2;2
"5-Multi";82;"Fly_jar";1.125;0.125;1;2;1;1;0.0541761389303011;0.00112704474849295;1.3073861455023e-05;0.00600360212576797;0.00734645777216968;0.2;2
"5-Multi";83;"Mordellidae";1.52083333333333;0.520833333333333;1;6;3;3;0.0668241441318684;0.000271490183330021;2.92625271912988e-08;0.0241749126024907;0.000604443565048025;0.2;4
"5-Multi";84;"Musca";1.85128205128205;0.851282051282051;1;8;4;4;0.0961486205693334;0.000661864213052633;1.93152451244587e-07;0.0272293238111548;0.000553952995279722;0.2;6
"5-Multi";85;"Musca.jar";1.54545454545455;0.545454545454545;1;4;2;2;0.0858706781185248;0.000348902678655073;1.94850966726423e-08;0.015352815541411;0.00039402588187664;0.2;4
"5-Multi";86;"Musca_sp.";2.02272727272727;1.02272727272727;1;8;4;4;0.102301760472521;0.000556080859068917;2.46319160479346e-08;0.0296606434113683;0.000417702454921382;0.2;6
"5-Multi";87;"Oedemeridae";1.33939393939394;0.339393939393939;1;4;2;2;0.075627648262777;0.000226236323260349;2.48287220000358e-08;0.00888675285801564;0.000383674607583248;0.2;4
"5-Multi";88;"Psilothrix_viridicoerulea";6.1001998001998;5.1001998001998;1;46;23;23;0.284711681882152;0.00623176612855716;5.37504385147488e-06;0.192260500363756;0.00105581848716012;0.2;6
"5-Multi";89;"Small.bee.1.18.6";9.28571428571428;5.28571428571429;4;12;6;6;0.24877308162784;0.000265724573889068;0.000328730114978398;3.15289047346433e-05;0.00062044976165836;0.4;2
"5-Multi";90;"Small.bee.1.8.6";1.2;0.2;1;2;1;1;0.0555024696664072;8.00911200759732e-05;1.75011661565469e-08;0.00812853924999601;0.000536776570033745;0.2;2
"5-Multi";91;"Sphaerophoria_scripta";1.23376623376623;0.233766233766234;1;4;2;2;0.0595831470373832;0.000162842714786328;2.82001810445549e-08;0.0101283129664568;0.000545422959090512;0.2;4
"5-Multi";92;"Ulidiidae";12.0909090909091;10.0909090909091;2;22;11;11;0.372575201567006;5.02737597077924e-05;1.34933215831554e-08;0.00213139817104712;0.000345718880069212;0.4;2
"5-Multi";93;"X1.29.5";6.73571428571429;3.61071428571429;3.125;14;7;7;0.146575014069928;0.000347291323653731;0.0157438276657342;0.0203252871121757;0.000943222571966944;0.4;6
"Aggr";1;"A1 LEMA";1.02614379084967;0.0261437908496732;1;2;1;1;0.0317461489411426;1;0.999999999999999;0;0.00444135414140971;0;2
"Aggr";2;"A2 CHFU";1.23529411764706;0.235294117647059;1;2;1;1;0.0257853266942495;1;0.00583831665189944;0;0.00117164406526931;0;2
"Aggr";3;"A2 LEMA";2.1301247771836;1.1301247771836;1;6;3;3;0.0613651731187308;1;0.75718838481386;0;0.00407934360946014;0;4
"Aggr";4;"A2 PUPA";1.2;0.2;1;2;1;1;0.021161020647152;1;0.000188526745770154;0;0.0629209559542018;0;2
"Aggr";5;"A3 CETE";1.2;0.2;1;2;1;1;0.0257187552766651;1;0.0001232534630623;0;0.0442732274306437;0;2
"Aggr";6;"A3 CHFU";1.05882352941176;0.0588235294117647;1;2;1;1;0.0135892767128397;1;0.00583831665189953;0;0.00117164406526931;0;2
"Aggr";7;"A3 LEMA";1.5517848164907;0.551784816490699;1;6;3;3;0.0483382590121808;1;0.702574036304005;0;0.00489411002817274;0;4
"Aggr";8;"A4 BEMA";2;1;1;2;1;1;0.0317926008823974;1;0.0231717449219523;0;0.00222186492603095;0;2
"Aggr";9;"A4 LEMA";1.01960784313725;0.0196078431372549;1;2;1;1;0.0261905933853964;1;1;0;0.00444135414140971;0;2
"Aggr";10;"A5 CETE";1.4;0.4;1;2;1;1;0.041913583834252;1;0.000123253463062587;0;0.0442732274306437;0;2
"Aggr";11;"A5 CHFU";1.05882352941176;0.0588235294117647;1;2;1;1;0.0135892767127812;1;0.00583831665189969;0;0.00117164406526931;0;2
"Aggr";12;"A5 LEMA";1.51307189542484;0.513071895424837;1;4;2;2;0.031769374911706;1;0.674390581640651;0;0.00370152440295012;0;4
"Aggr";13;"A5 PUPA";1.4;0.4;1;2;1;1;0.0327981145752099;1;0.000188526745770348;0;0.0629209559542018;0;2
"Aggr";14;"A6 LEMA";1.78579916815211;0.785799168152109;1;6;3;3;0.0443736055110406;1;0.360246911891295;0;0.00402051838383839;0;4
"Aggr";15;"A6 PUPA";1.5;0.5;1;2;1;1;0.0500109981134306;1;0.000123253463062044;0;0.0442732274306437;0;2
"Aggr";16;"B1 CETE";1.33333333333333;0.333333333333333;1;2;1;1;0.0273825483031001;1;0.0514994460338173;0;0.00459371761753678;0;2
"Aggr";17;"B1 LEMA";1.1301247771836;0.130124777183601;1;4;2;2;0.0477277932112301;1;0.864499920861974;0;0.004463120352285;0;4
"Aggr";18;"B1 PUPA";2;1;1;2;1;1;0.0630997914716134;1;0.051499446033817;0;0.00459371761753678;0;2
"Aggr";19;"B2 CETE";1.2;0.2;1;2;1;1;0.0257187552767182;1;0.000123253463062269;0;0.0442732274306437;0;2
"Aggr";20;"B2 CHFU";1.11764705882353;0.117647058823529;1;2;1;1;0.0176546267066867;1;0.00583831665189945;0;0.00117164406526931;0;2
"Aggr";21;"B2 LEMA";1.52593811417341;0.525938114173408;1;6;3;3;0.0782232543933924;1;0.573059207928551;0;0.00487964967345527;0;4
"Aggr";22;"B3 CHFU";1.05882352941176;0.0588235294117647;1;2;1;1;0.0135892767126733;1;0.00583831665189969;0;0.00117164406526931;0;2
"Aggr";23;"B3 LEMA";1.8535696329814;0.853569632981398;1;8;4;4;0.0866416628677257;1;0.649689747760266;0;0.00452877653202793;0;6
"Aggr";24;"B4 LEMA";1.50779286073404;0.507792860734037;1;6;3;3;0.100703605831633;1;0.737078488615557;0;0.00549033950121923;0;4
"Aggr";25;"B5 LEMA";1.65485168426345;0.654851684263449;1;8;4;4;0.100198276996417;1;0.588827857098288;0;0.0051459094253966;0;6
"Aggr";26;"B6 LEMA";1.8360985419809;0.836098541980895;1;8;4;4;0.08433522449001;1;0.480302380738614;0;0.00337033527738322;0;6
"Aggr";27;"C1 CHFU";1.17647058823529;0.176470588235294;1;2;1;1;0.0217199767004706;1;0.00583831665189939;0;0.00117164406526931;0;2
"Aggr";28;"C2 CHFU";1.11764705882353;0.117647058823529;1;2;1;1;0.0176546267064778;1;0.00583831665189987;0;0.00117164406526931;0;2
"Aggr";29;"C2 LEMA";2.04524886877828;1.04524886877828;1;6;3;3;0.046456696767324;1;0.640079606898113;0;0.00487277353967708;0;4
"Aggr";30;"C2 PUPA";2;1;1;2;1;1;0.0634928447942043;1;0;0;1.08953548387831e-05;0;2
"Aggr";31;"C3 LEMA";1.40422322775264;0.404223227752639;1;6;3;3;0.0557942569732121;1;0.434186716537764;0;0.00452954191443452;0;6
"Aggr";32;"C4 LEMA";2.37858220211161;1.37858220211161;1;8;4;4;0.0642328510545812;1;0.410559836909572;0;0.00350718846048909;0;6
"Aggr";33;"C5 LEMA";1.45832076420312;0.458320764203117;1;6;3;3;0.0564967167602856;1;0.656297467395685;0;0.149656474494505;0;6
"Aggr";34;"C5 PUPA";1.5;0.5;1;2;1;1;0.0266954758121505;1;0.0290536331317;0;0.58283382328581;0;2
"Aggr";35;"C6 CETE";2;1;1;2;1;1;0.043867024904948;1;0.0290536331317004;0;0.58283382328581;0;2
"Aggr";36;"C6 LEMA";1.26435394670689;0.264353946706888;1;6;3;3;0.0384192034458297;1;0.482719715787172;0;0.122094257784673;0;6
"Aggr";37;"C6 PUPA";3.15;2.15;1;8;4;4;0.0986786245791507;1;0.00841611835697022;0;0.211339577563857;0;2
"Aggr";38;"D1 CHFU";2;1;1;2;1;1;0.0634928447940734;1;0;0;1.08953548387831e-05;0;2
"Aggr";39;"D1 LEMA";1.0517848164907;0.0517848164906988;1;4;2;2;0.0372039219300879;1;0.838454494580416;0;0.00542855904860109;0;4
"Aggr";40;"D2 CETE";1.5;0.5;1;2;1;1;0.0247055167945962;1;0.0224260750253198;0;0.0028130436341841;0;2
"Aggr";41;"D2 LEMA";1.39165409753645;0.39165409753645;1;6;3;3;0.052880537536258;1;0.7449569354182;0;0.00491388471694276;0;6
"Aggr";42;"D3 LEMA";1.02614379084967;0.0261437908496732;1;2;1;1;0.031746148940793;1;1;0;0.00444135414140971;0;2
"Aggr";43;"D4 CHFU";1.05882352941176;0.0588235294117647;1;2;1;1;0.0135892767126605;1;0.00583831665189972;0;0.00117164406526931;0;2
"Aggr";44;"D4 LEMA";1.02614379084967;0.0261437908496732;1;2;1;1;0.0317461489408746;1;1;0;0.00444135414140971;0;2
"Aggr";45;"D5 LEMA";1.37858220211161;0.378582202111614;1;6;3;3;0.0417694264251052;1;0.64293970958548;0;0.00510289694715597;0;6
"Aggr";46;"D6 LEMA";1.48999497234791;0.489994972347914;1;6;3;3;0.0507455960724355;1;0.37641781213852;0;0.171811784412363;0;6
"Aggr";47;"E1 LEMA";1.37908496732026;0.379084967320261;1;4;2;2;0.0566502916525304;1;0.878020740780073;0;0.00407131259305029;0;4
"Aggr";48;"E2 CETE";2;1;1;2;1;1;0.0677093963597621;1;0.000188526745770323;0;0.0629209559542018;0;2
"Aggr";49;"E2 CHFU";2;1;1;2;1;1;0.0438670249051129;1;0.0290536331317001;0;0.58283382328581;0;2
"Aggr";50;"E2 LEMA";1.81271995977878;0.812719959778783;1;8;4;4;0.0754385302212742;1;0.586724429162148;0;0.00452315196058959;0;6
"Aggr";51;"E3 CHFU";1.05882352941176;0.0588235294117647;1;2;1;1;0.0135892767126449;1;0.00583831665189987;0;0.00117164406526931;0;2
"Aggr";52;"E3 LEMA";1.55832076420312;0.558320764203117;1;6;3;3;0.0519664566035891;1;0.743199579554702;0;0.00473775167476666;0;4
"Aggr";53;"E4 CETE";1.5;0.5;1;2;1;1;0.0247055167946416;1;0.0224260750253197;0;0.0028130436341841;0;2
"Aggr";54;"E4 LEMA";1.09049773755656;0.0904977375565611;1;4;2;2;0.0537728060306494;1;0.79806811822552;0;0.00567536027539894;0;4
"Aggr";55;"E5 CETE";1.66666666666667;0.666666666666667;1;2;1;1;0.0452411698873245;1;0.0514994460338173;0;0.00459371761753678;0;2
"Aggr";56;"E5 LEMA";1.42986425339367;0.429864253393665;1;6;3;3;0.0526849724038735;1;0.514177641961651;0;0.00632417744150187;0;6
"Aggr";57;"E6 LEMA";1.34640522875817;0.34640522875817;1;4;2;2;0.0288725138750597;1;0.674721975413527;0;0.00345457667911791;0;4
"Aggr";58;"E6 PUPA";1.25;0.25;1;2;1;1;0.0297674624159678;1;0.000123253463062531;0;0.0442732274306437;0;2
"Aggr";59;"F1 LEMA";4.10947712418301;3.10947712418301;1;10;5;5;0.173313263083345;1;0.369576445848974;0;0.00225633398832311;0;4
"Aggr";60;"F2 CHFU";1.05882352941176;0.0588235294117647;1;2;1;1;0.0135892767128961;1;0.0058383166518994;0;0.00117164406526931;0;2
"Aggr";61;"F2 LEMA";3.11051693404635;2.11051693404635;1;8;4;4;0.0789357248628789;1;0.343633205580365;0;0.00245889587842416;0;4
"Aggr";62;"F3 CETE";1.2;0.2;1;2;1;1;0.0257187552766752;1;0.000123253463062325;0;0.0442732274306437;0;2
"Aggr";63;"F3 LEMA";1.0517848164907;0.0517848164906988;1;4;2;2;0.0372039219302568;1;0.838454494580416;0;0.00542855904860109;0;4
"Aggr";64;"F4 LEMA";3.46549773755656;2.46549773755656;1;10;5;5;0.100028162750639;1;0.497774131956648;0;0.00406725907106013;0;6
"Aggr";65;"F5 LEMA";1.03871292106586;0.0387129210658622;1;4;2;2;0.0260928108190805;1;0.730757490967361;0;0.00608669565339535;0;4
"Aggr";66;"F6 LEMA";1.15717697335344;0.157176973353444;1;6;3;3;0.0268526440253573;1;0.40649726460619;0;0.00512778681671739;0;6
"Aggr";67;"Andrena";8.02142857142857;4.02142857142857;4;14;7;7;0.161614579695954;1;0;0.0290536331316996;1;0;6
"Aggr";68;"Bee_4.19.5";1.44444444444444;0.444444444444444;1;2;1;1;0.039344089444288;1;0;0.00969397745634544;0.00143766173269732;0;2
"Aggr";69;"Big.bee.2.8.6";2;1;1;2;1;1;0.0634928447941994;1;0;0;1.08953548387831e-05;0;2
"Aggr";70;"Black_small_fly";1.11111111111111;0.111111111111111;1;2;1;1;0.0169789674003974;1;0;0.0024234943640864;0.00143766173269732;0;2
"Aggr";71;"Bombilus_major";8.14285714285714;6.14285714285714;2;14;7;7;0.190527394797442;1;0;0.000123253463062251;0.0759548016440458;0;2
"Aggr";72;"Bombylidae";7.26358363858364;4.26358363858364;3;16;8;8;0.189091287359931;1;0;0.0514994460338166;0.0078739565207613;0;4
"Aggr";73;"Brassicogethes";22.816520979021;21.816520979021;1;70;35;35;1;1;0;1;0.00761253609824324;0;6
"Aggr";74;"Cerambycidae";1.07692307692308;0.0769230769230769;1;2;1;1;0.0160642296683113;1;0;0.00243040344139559;0.00237506289112407;0;2
"Aggr";75;"Conophorus";1.28571428571429;0.285714285714286;1;2;1;1;0.0334887355453645;1;0;0.000152627640393805;0.123179438640677;0;2
"Aggr";76;"Cryptocephalus";1.09090909090909;0.0909090909090909;1;2;1;1;0.02291631522941;1;0;0.00213255872610191;0.0013196027325267;0;2
"Aggr";77;"Cylindromyia";3.5;1.5;2;6;3;3;0.052396880387795;1;0;0.0231717449219522;0.00380440685882685;0;4
"Aggr";78;"Dilophus";1.125;0.125;1;2;1;1;0.0163486671424645;1;0;0.00325743587654428;0.00204863734150078;0;2
"Aggr";79;"Elateridae";1.24358974358974;0.243589743589744;1;4;2;2;0.0214752193031328;1;0;0.00698313324631812;0.00249593491492388;0;4
"Aggr";80;"Eristalis_sp.";1.07692307692308;0.0769230769230769;1;2;1;1;0.0160642296683624;1;0;0.0024304034413956;0.00237506289112407;0;2
"Aggr";81;"Eucera";2;1;1;2;1;1;0.063492844794072;1;0;0;1.08953548387831e-05;0;2
"Aggr";82;"Fly_jar";1.125;0.125;1;2;1;1;0.0160439763627554;1;0;0.00600763247706211;0.00238210611391547;0;2
"Aggr";83;"Mordellidae";1.52083333333333;0.520833333333333;1;6;3;3;0.0290734448655964;1;0;0.024165926240583;0.00253329162940825;0;4
"Aggr";84;"Musca";1.85128205128205;0.851282051282051;1;8;4;4;0.059438953038129;1;0;0.0272193209164884;0.00267673994264227;0;6
"Aggr";85;"Musca.jar";1.54545454545455;0.545454545454545;1;4;2;2;0.0623759549439079;1;0;0.0153510299308384;0.00175245111056929;0;4
"Aggr";86;"Musca_sp.";2.02272727272727;1.02272727272727;1;8;4;4;0.0659580621472073;1;0;0.0296495954993167;0.00236997923940713;0;6
"Aggr";87;"Oedemeridae";1.33939393939394;0.339393939393939;1;4;2;2;0.0553789946144647;1;0;0.00888932303301165;0.00174063502400106;0;4
"Aggr";88;"Psilothrix_viridicoerulea";6.1001998001998;5.1001998001998;1;46;23;23;0.250415466569758;1;0;0.192272472902081;0.0160816105283465;0;6
"Aggr";89;"Small.bee.1.18.6";5.28571428571429;3.28571428571429;2;8;4;4;0.13690698739084;1;0;0.000188526745770605;0.107949983124188;0;2
"Aggr";90;"Small.bee.1.8.6";1.2;0.2;1;2;1;1;0.0174215651695524;1;0;0.00812556158848427;0.0028445403073372;0;2
"Aggr";91;"Sphaerophoria_scripta";1.23376623376623;0.233766233766234;1;4;2;2;0.0216634802779748;1;0;0.0101245839808327;0.00270330811304562;0;4
"Aggr";92;"Ulidiidae";12.0909090909091;10.0909090909091;2;22;11;11;0.162613999750658;1;0;0.00583831665190034;0.00200247119723413;0;2
"Aggr";93;"X1.29.5";4.48571428571428;2.48571428571429;2;10;5;5;0.0714427768251029;1;0;0.0224260750253193;0.00481873254630457;0;6
