"Layer";"Node";"Label";"Strength";"StrengthIn";"StrengthOut";"Degree";"DegreeIn";"DegreeOut";"PageRank";"Eigenvector";"Hub";"Authority";"Katz";"Multiplexity";"Kcore"
"1-Multi";1;"A3 LEMA";1.33333333333333;0.333333333333333;1;4;2;2;0.306032750697866;1;0.841945460765226;0;0.0885919953025734;0.5;4
"1-Multi";2;"A5 LEMA";1.16666666666667;0.166666666666667;1;2;1;1;0.169700477503166;1;0.604863651913065;0;0.0773861260330393;0.5;2
"1-Multi";3;"B6 LEMA";1.16666666666667;0.166666666666667;1;2;1;1;0.169700477503166;1;0.604863651913066;0;0.0773861260330393;0.5;2
"1-Multi";4;"C2 LEMA";1.19444444444444;0.194444444444444;1;4;2;2;0.21339296303644;1;0.868287883971022;0;0.0898370918880772;0.5;4
"1-Multi";5;"C3 LEMA";1.08333333333333;0.0833333333333333;1;2;1;1;0.12250478090664;1;0.604863651913066;0;0.0773861260330393;0.5;2
"1-Multi";6;"C6 LEMA";3.11111111111111;2.11111111111111;1;6;3;3;0.46798246438577;1;0.30844787828577;0;0.216441311173434;0.5;2
"1-Multi";7;"C6 PUPA";2.2;1.2;1;4;2;2;0.242898192527218;1;0;0.00474570419933622;0.590640321343019;0.5;2
"1-Multi";8;"D6 LEMA";1.13888888888889;0.138888888888889;1;4;2;2;0.16794887197154;1;0.802431825956533;0;0.0867243504243177;0.5;4
"1-Multi";9;"E5 PUPA";1.6;0.6;1;2;1;1;0.268456032239714;1;0;0.000123718957961582;0.413949168620209;0.5;2
"1-Multi";10;"E6 LEMA";3.63888888888889;2.63888888888889;1;8;4;4;0.675869216977452;1;0.736594093810142;0;0.0890594971879801;0.5;4
"1-Multi";11;"F3 PUPA";1.2;0.2;1;2;1;1;0.139691400286648;1;0;4.12396526538775e-05;0.413949168620209;0.5;2
"1-Multi";12;"F4 LEMA";1.05555555555556;0.0555555555555556;1;2;1;1;0.120753175375015;1;1;0;0.0960625748155962;0.5;2
"1-Multi";13;"F5 LEMA";1.05555555555556;0.0555555555555556;1;2;1;1;0.120753175375015;1;1;0;0.0960625748155962;0.5;2
"1-Multi";14;"F6 LEMA";1.05555555555556;0.0555555555555556;1;2;1;1;0.120753175375015;1;1;0;0.0960625748155962;0.5;2
"1-Multi";15;"Brassicogethes";6.63571428571429;5.63571428571429;1;16;8;8;1;1;0;1;0.100076837552829;0.5;4
"1-Multi";16;"Malachius_bipustulatus";1.14285714285714;0.142857142857143;1;2;1;1;0.127563189152416;1;0;0.00880742464158959;0.207756376035772;0.5;2
"1-Multi";17;"Muscidae";1.08333333333333;0.0833333333333333;1;2;1;1;0.120515957110035;1;0;0.0122690849912509;0.0854874517870801;0.5;2
"1-Multi";18;"Oedemeridae";1.08333333333333;0.0833333333333333;1;2;1;1;0.120515957110034;1;0;0.0122690849912509;0.0854874517870801;0.5;2
"1-Multi";19;"Psilothrix_viridicoerulea";5.48333333333333;4.48333333333333;1;14;7;7;0.703946729400122;1;0;0.604863651913066;0.0806194002739204;0.5;4
"1-Multi";20;"Small.bee.1.16.6";3.33333333333333;2.33333333333333;1;6;3;3;0.416374047899369;1;0.00103162014517528;0;0.43125641739543;0.5;2
"1-Multi";21;"Small.bee.1.8.6";4.48809523809524;1.86309523809524;2.625;8;4;4;0.480403991010256;1;0.023536669619186;0.0375819308396995;1;1;2
"2-Multi";1;"A3 LEMA";1.33333333333333;0.333333333333333;1;4;2;2;0.306032750697866;1;0.841945460765226;0;0.0885919953025734;0.5;4
"2-Multi";2;"A5 LEMA";1.16666666666667;0.166666666666667;1;2;1;1;0.169700477503166;1;0.604863651913065;0;0.0773861260330393;0.5;2
"2-Multi";3;"B6 LEMA";1.16666666666667;0.166666666666667;1;2;1;1;0.169700477503166;1;0.604863651913066;0;0.0773861260330393;0.5;2
"2-Multi";4;"C2 LEMA";1.19444444444444;0.194444444444444;1;4;2;2;0.21339296303644;1;0.868287883971022;0;0.0898370918880772;0.5;4
"2-Multi";5;"C3 LEMA";1.08333333333333;0.0833333333333333;1;2;1;1;0.12250478090664;1;0.604863651913066;0;0.0773861260330393;0.5;2
"2-Multi";6;"C6 LEMA";3.11111111111111;2.11111111111111;1;6;3;3;0.46798246438577;1;0.30844787828577;0;0.216441311173434;0.5;2
"2-Multi";7;"C6 PUPA";2.2;1.2;1;4;2;2;0.242898192527218;1;0;0.00474570419933622;0.590640321343019;0.5;2
"2-Multi";8;"D6 LEMA";1.13888888888889;0.138888888888889;1;4;2;2;0.16794887197154;1;0.802431825956533;0;0.0867243504243177;0.5;4
"2-Multi";9;"E5 PUPA";1.6;0.6;1;2;1;1;0.268456032239714;1;0;0.000123718957961582;0.413949168620209;0.5;2
"2-Multi";10;"E6 LEMA";3.63888888888889;2.63888888888889;1;8;4;4;0.675869216977452;1;0.736594093810142;0;0.0890594971879801;0.5;4
"2-Multi";11;"F3 PUPA";1.2;0.2;1;2;1;1;0.139691400286648;1;0;4.12396526538775e-05;0.413949168620209;0.5;2
"2-Multi";12;"F4 LEMA";1.05555555555556;0.0555555555555556;1;2;1;1;0.120753175375015;1;1;0;0.0960625748155962;0.5;2
"2-Multi";13;"F5 LEMA";1.05555555555556;0.0555555555555556;1;2;1;1;0.120753175375015;1;1;0;0.0960625748155962;0.5;2
"2-Multi";14;"F6 LEMA";1.05555555555556;0.0555555555555556;1;2;1;1;0.120753175375015;1;1;0;0.0960625748155962;0.5;2
"2-Multi";15;"Brassicogethes";6.63571428571429;5.63571428571429;1;16;8;8;1;1;0;1;0.100076837552829;0.5;4
"2-Multi";16;"Malachius_bipustulatus";1.14285714285714;0.142857142857143;1;2;1;1;0.127563189152416;1;0;0.00880742464158959;0.207756376035772;0.5;2
"2-Multi";17;"Muscidae";1.08333333333333;0.0833333333333333;1;2;1;1;0.120515957110035;1;0;0.0122690849912509;0.0854874517870801;0.5;2
"2-Multi";18;"Oedemeridae";1.08333333333333;0.0833333333333333;1;2;1;1;0.120515957110034;1;0;0.0122690849912509;0.0854874517870801;0.5;2
"2-Multi";19;"Psilothrix_viridicoerulea";5.48333333333333;4.48333333333333;1;14;7;7;0.703946729400122;1;0;0.604863651913066;0.0806194002739204;0.5;4
"2-Multi";20;"Small.bee.1.16.6";3.33333333333333;2.33333333333333;1;6;3;3;0.416374047899369;1;0.00103162014517528;0;0.43125641739543;0.5;2
"2-Multi";21;"Small.bee.1.8.6";4.48809523809524;1.86309523809524;2.625;8;4;4;0.480403991010256;1;0.023536669619186;0.0375819308396995;1;1;2
"Aggr";1;"A3 LEMA";1.33333333333333;0.333333333333333;1;4;2;2;0.283748052454204;0.0897680278962208;0.841918417913909;0;0.0718371814653124;0;4
"Aggr";2;"A5 LEMA";1.16666666666667;0.166666666666667;1;2;1;1;0.142081385787538;0.0209477431185436;0.604796044784773;0;0.0419201227375109;0;2
"Aggr";3;"B6 LEMA";1.16666666666667;0.166666666666667;1;2;1;1;0.142081385787538;0.0209477431185436;0.604796044784773;0;0.0419201227375109;0;2
"Aggr";4;"C2 LEMA";1.19444444444444;0.194444444444444;1;4;2;2;0.186083136901702;0.0563540614110566;0.868265348261591;0;0.0751612991017348;0;4
"Aggr";5;"C3 LEMA";1.08333333333333;0.0833333333333333;1;2;1;1;0.0916386924572575;0.0104738715592718;0.604796044784773;0;0.0419201227375109;0;2
"Aggr";6;"C6 LEMA";3.11111111111111;2.11111111111111;1;6;3;3;0.369835091900792;0.98506582569572;0.309206334095854;0;0.56289946745675;0;2
"Aggr";7;"C6 PUPA";2.2;1.2;1;4;2;2;0.278835798953446;0.94155958071046;0.0269323517414919;0;0.627707840174713;0;2
"Aggr";8;"D6 LEMA";1.13888888888889;0.138888888888889;1;4;2;2;0.13886091467948;0.0334139664851642;0.802398022392386;0;0.0668510050106788;0;4
"Aggr";9;"E5 PUPA";1.6;0.6;1;2;1;1;0.271098045919917;0.304943217431793;0.00298928672616311;0;0.203306988195003;0;2
"Aggr";10;"E6 LEMA";3.63888888888889;2.63888888888889;1;8;4;4;0.674311132001024;0.217584891768819;0.736577079966256;0;0.0725509777254085;0;4
"Aggr";11;"F3 PUPA";1.2;0.2;1;2;1;1;0.117830014724624;0.101647739143931;0.002989286726163;0;0.203306988195003;0;2
"Aggr";12;"F4 LEMA";1.05555555555556;0.0555555555555556;1;2;1;1;0.0884182213491995;0.0229400949258924;1;0;0.0917818872838468;0;2
"Aggr";13;"F5 LEMA";1.05555555555556;0.0555555555555556;1;2;1;1;0.0884182213491997;0.0229400949258924;1;0;0.0917818872838468;0;2
"Aggr";14;"F6 LEMA";1.05555555555556;0.0555555555555556;1;2;1;1;0.0884182213491992;0.0229400949258924;1;0;0.0917818872838468;0;2
"Aggr";15;"Brassicogethes";6.63571428571429;5.63571428571429;1;16;8;8;1;0.491625059001333;0;1;0.109270969648468;0;4
"Aggr";16;"Malachius_bipustulatus";1.14285714285714;0.142857142857143;1;2;1;1;0.0861045460006448;0.118195493103478;0;0.0088288016743498;0.472786024185589;0;2
"Aggr";17;"Muscidae";1.08333333333333;0.0833333333333333;1;2;1;1;0.0889597043103834;0.0152293439285503;0;0.0122684126203747;0.0609406396610019;0;2
"Aggr";18;"Oedemeridae";1.08333333333333;0.0833333333333333;1;2;1;1;0.088959704310383;0.0152293439285502;0;0.0122684126203745;0.0609406396610019;0;2
"Aggr";19;"Psilothrix_viridicoerulea";5.48333333333333;4.48333333333333;1;14;7;7;0.712132141133369;0.149642441612495;0;0.604796044784772;0.0499049020431242;0;4
"Aggr";20;"Small.bee.1.16.6";3.33333333333333;2.33333333333333;1;6;3;3;0.450788327044981;0.605109572894858;0;0.00298928672616331;0.24205421028633;0;2
"Aggr";21;"Small.bee.1.8.6";3.23809523809524;1.23809523809524;2;4;2;2;0.378837139361933;1;0;0.0389038842491559;1;0;2
