"Layer";"Node";"Label";"Degree";"DegreeIn";"DegreeOut";"Strength";"StrengthIn";"StrengthOut";"PageRank";"Eigenvector";"Hub";"Authority";"Katz";"Multiplexity";"Kcore"
"1";1;"A1 LEMA";0;0;0;0;0;0;0.102777777777778;0;0;0;0;0;0
"1";2;"A2 LEMA";0;0;0;0;0;0;0.102777777777778;0;0;0;0;0;0
"1";3;"A2 SPRU";0;0;0;0;0;0;0.102777777777778;0;0;0;0;0;0
"1";4;"A3 LEMA";0;0;0;0;0;0;0.102777777777778;0;0;0;0;0;0
"1";5;"A4 CHFU";0;0;0;0;0;0;0.102777777777778;0;0;0;0;0;0
"1";6;"A4 LEMA";0;0;0;0;0;0;0.102777777777778;0;0;0;0;0;0
"1";7;"A5 LEMA";0;0;0;0;0;0;0.102777777777778;0;0;0;0;0;0
"1";8;"A6 LEMA";0;0;0;0;0;0;0.102777777777778;0;0;0;0;0;0
"1";9;"B1 LEMA";0;0;0;0;0;0;0.102777777777778;0;0;0;0;0;0
"1";10;"B2 LEMA";0;0;0;0;0;0;0.102777777777778;0;0;0;0;0;0
"1";11;"B2 MESU";0;0;0;0;0;0;0.102777777777778;0;0;0;0;0;0
"1";12;"B3 LEMA";0;0;0;0;0;0;0.102777777777778;0;0;0;0;0;0
"1";13;"B4 LEMA";0;0;0;0;0;0;0.102777777777778;0;0;0;0;0;0
"1";14;"B5 LEMA";0;0;0;0;0;0;0.102777777777778;0;0;0;0;0;0
"1";15;"B6 LEMA";0;0;0;0;0;0;0.102777777777778;0;0;0;0;0;0
"1";16;"C1 LEMA";0;0;0;0;0;0;0.102777777777778;0;0;0;0;0;0
"1";17;"C1 MESU";0;0;0;0;0;0;0.102777777777778;0;0;0;0;0;0
"1";18;"C2 BEMA";4;2;2;3;2;1;1;1;0;1;1;0;2
"1";19;"C2 LEMA";0;0;0;0;0;0;0.102777777777778;0;0;0;0;0;0
"1";20;"C3 LEMA";0;0;0;0;0;0;0.102777777777778;0;0;0;0;0;0
"1";21;"C4 CETE";0;0;0;0;0;0;0.102777777777778;0;0;0;0;0;0
"1";22;"C4 LEMA";0;0;0;0;0;0;0.102777777777778;0;0;0;0;0;0
"1";23;"C5 LEMA";0;0;0;0;0;0;0.102777777777778;0;0;0;0;0;0
"1";24;"C6 LEMA";0;0;0;0;0;0;0.102777777777778;0;0;0;0;0;0
"1";25;"D1 LEMA";0;0;0;0;0;0;0.102777777777778;0;0;0;0;0;0
"1";26;"D4 LEMA";0;0;0;0;0;0;0.102777777777778;0;0;0;0;0;0
"1";27;"D5 LEMA";0;0;0;0;0;0;0.102777777777778;0;0;0;0;0;0
"1";28;"D6 LEMA";0;0;0;0;0;0;0.102777777777778;0;0;0;0;0;0
"1";29;"E1 CHFU";0;0;0;0;0;0;0.102777777777778;0;0;0;0;0;0
"1";30;"E1 LEMA";0;0;0;0;0;0;0.102777777777778;0;0;0;0;0;0
"1";31;"E2 LEMA";0;0;0;0;0;0;0.102777777777778;0;0;0;0;0;0
"1";32;"E4 CHFU";0;0;0;0;0;0;0.102777777777778;0;0;0;0;0;0
"1";33;"E4 LEMA";0;0;0;0;0;0;0.102777777777778;0;0;0;0;0;0
"1";34;"E5 LEMA";0;0;0;0;0;0;0.102777777777778;0;0;0;0;0;0
"1";35;"E6 BEMA";4;2;2;3;2;1;1;0;0;1;1;0;2
"1";36;"E6 LEMA";0;0;0;0;0;0;0.102777777777778;0;0;0;0;0;0
"1";37;"F1 LEMA";0;0;0;0;0;0;0.102777777777778;0;0;0;0;0;0
"1";38;"F1 SPRU";0;0;0;0;0;0;0.102777777777778;0;0;0;0;0;0
"1";39;"F2 CHFU";0;0;0;0;0;0;0.102777777777778;0;0;0;0;0;0
"1";40;"F2 LEMA";0;0;0;0;0;0;0.102777777777778;0;0;0;0;0;0
"1";41;"F3 LEMA";0;0;0;0;0;0;0.102777777777778;0;0;0;0;0;0
"1";42;"F4 LEMA";0;0;0;0;0;0;0.102777777777778;0;0;0;0;0;0
"1";43;"F5 LEMA";0;0;0;0;0;0;0.102777777777778;0;0;0;0;0;0
"1";44;"Andrena";0;0;0;0;0;0;0.102777777777778;0;0;0;0;0;0
"1";45;"Andrena_2_10_3";0;0;0;0;0;0;0.102777777777778;0;0;0;0;0;0
"1";46;"Beetle_orange_3_10_3";0;0;0;0;0;0;0.102777777777778;0;0;0;0;0;0
"1";47;"Black_beetle_1_10_03";0;0;0;0;0;0;0.102777777777778;0;0;0;0;0;0
"1";48;"Black_small_fly";0;0;0;0;0;0;0.102777777777778;0;0;0;0;0;0
"1";49;"Black_small_fly_SPRU";0;0;0;0;0;0;0.102777777777778;0;0;0;0;0;0
"1";50;"Bombylidae";0;0;0;0;0;0;0.102777777777778;0;0;0;0;0;0
"1";51;"Brassicogethes";0;0;0;0;0;0;0.102777777777778;0;0;0;0;0;0
"1";52;"Chryptocephalus";0;0;0;0;0;0;0.102777777777778;0;0;0;0;0;0
"1";53;"Cylindromyia";0;0;0;0;0;0;0.102777777777778;0;0;0;0;0;0
"1";54;"Eristalis.";2;1;1;1.5;0.5;1;0.527777777777778;0;1;0;0.499998333327778;0;2
"1";55;"Lagorina_sericea";0;0;0;0;0;0;0.102777777777778;0;0;0;0;0;0
"1";56;"Lasioglossum";0;0;0;0;0;0;0.102777777777778;0;0;0;0;0;0
"1";57;"Lomatia.";2;1;1;1.5;0.5;1;0.527777777777778;0;1;0;0.499998333327778;0;2
"1";58;"Malachius_bipustulatus";0;0;0;0;0;0;0.102777777777778;0;0;0;0;0;0
"1";59;"Musca";2;1;1;1.5;0.5;1;0.527777777777778;0.5;1;0;0.499998333327778;0;2
"1";60;"Nemotelus";0;0;0;0;0;0;0.102777777777778;0;0;0;0;0;0
"1";61;"Psilothrix_viridicoerulea";0;0;0;0;0;0;0.102777777777778;0;0;0;0;0;0
"1";62;"Sphaerophoria";0;0;0;0;0;0;0.102777777777778;0;0;0;0;0;0
"1";63;"Sphaerophoria_scripta";2;1;1;1.5;0.5;1;0.527777777777778;0.5;1;0;0.499998333327778;0;2
"1";64;"Ulidiidae";0;0;0;0;0;0;0.102777777777778;0;0;0;0;0;0
"2";1;"A1 LEMA";0;0;0;0;0;0;0.15;0;0;0;0;0;0
"2";2;"A2 LEMA";0;0;0;0;0;0;0.15;0;0;0;0;0;0
"2";3;"A2 SPRU";0;0;0;0;0;0;0.15;0;0;0;0;0;0
"2";4;"A3 LEMA";0;0;0;0;0;0;0.15;0;0;0;0;0;0
"2";5;"A4 CHFU";0;0;0;0;0;0;0.15;0;0;0;0;0;0
"2";6;"A4 LEMA";0;0;0;0;0;0;0.15;0;0;0;0;0;0
"2";7;"A5 LEMA";0;0;0;0;0;0;0.15;0;0;0;0;0;0
"2";8;"A6 LEMA";0;0;0;0;0;0;0.15;0;0;0;0;0;0
"2";9;"B1 LEMA";0;0;0;0;0;0;0.15;0;0;0;0;0;0
"2";10;"B2 LEMA";0;0;0;0;0;0;0.15;0;0;0;0;0;0
"2";11;"B2 MESU";0;0;0;0;0;0;0.15;0;0;0;0;0;0
"2";12;"B3 LEMA";0;0;0;0;0;0;0.15;0;0;0;0;0;0
"2";13;"B4 LEMA";0;0;0;0;0;0;0.15;0;0;0;0;0;0
"2";14;"B5 LEMA";0;0;0;0;0;0;0.15;0;0;0;0;0;0
"2";15;"B6 LEMA";0;0;0;0;0;0;0.15;0;0;0;0;0;0
"2";16;"C1 LEMA";0;0;0;0;0;0;0.15;0;0;0;0;0;0
"2";17;"C1 MESU";0;0;0;0;0;0;0.15;0;0;0;0;0;0
"2";18;"C2 BEMA";0;0;0;0;0;0;0.15;0;0;0;0;0;0
"2";19;"C2 LEMA";0;0;0;0;0;0;0.15;0;0;0;0;0;0
"2";20;"C3 LEMA";0;0;0;0;0;0;0.15;0;0;0;0;0;0
"2";21;"C4 CETE";2;1;1;2;1;1;1;1;1;0;1;0;2
"2";22;"C4 LEMA";0;0;0;0;0;0;0.15;0;0;0;0;0;0
"2";23;"C5 LEMA";0;0;0;0;0;0;0.15;0;0;0;0;0;0
"2";24;"C6 LEMA";0;0;0;0;0;0;0.15;0;0;0;0;0;0
"2";25;"D1 LEMA";0;0;0;0;0;0;0.15;0;0;0;0;0;0
"2";26;"D4 LEMA";0;0;0;0;0;0;0.15;0;0;0;0;0;0
"2";27;"D5 LEMA";0;0;0;0;0;0;0.15;0;0;0;0;0;0
"2";28;"D6 LEMA";0;0;0;0;0;0;0.15;0;0;0;0;0;0
"2";29;"E1 CHFU";0;0;0;0;0;0;0.15;0;0;0;0;0;0
"2";30;"E1 LEMA";0;0;0;0;0;0;0.15;0;0;0;0;0;0
"2";31;"E2 LEMA";0;0;0;0;0;0;0.15;0;0;0;0;0;0
"2";32;"E4 CHFU";0;0;0;0;0;0;0.15;0;0;0;0;0;0
"2";33;"E4 LEMA";0;0;0;0;0;0;0.15;0;0;0;0;0;0
"2";34;"E5 LEMA";0;0;0;0;0;0;0.15;0;0;0;0;0;0
"2";35;"E6 BEMA";0;0;0;0;0;0;0.15;0;0;0;0;0;0
"2";36;"E6 LEMA";0;0;0;0;0;0;0.15;0;0;0;0;0;0
"2";37;"F1 LEMA";0;0;0;0;0;0;0.15;0;0;0;0;0;0
"2";38;"F1 SPRU";0;0;0;0;0;0;0.15;0;0;0;0;0;0
"2";39;"F2 CHFU";0;0;0;0;0;0;0.15;0;0;0;0;0;0
"2";40;"F2 LEMA";0;0;0;0;0;0;0.15;0;0;0;0;0;0
"2";41;"F3 LEMA";0;0;0;0;0;0;0.15;0;0;0;0;0;0
"2";42;"F4 LEMA";0;0;0;0;0;0;0.15;0;0;0;0;0;0
"2";43;"F5 LEMA";0;0;0;0;0;0;0.15;0;0;0;0;0;0
"2";44;"Andrena";0;0;0;0;0;0;0.15;0;0;0;0;0;0
"2";45;"Andrena_2_10_3";0;0;0;0;0;0;0.15;0;0;0;0;0;0
"2";46;"Beetle_orange_3_10_3";0;0;0;0;0;0;0.15;0;0;0;0;0;0
"2";47;"Black_beetle_1_10_03";0;0;0;0;0;0;0.15;0;0;0;0;0;0
"2";48;"Black_small_fly";0;0;0;0;0;0;0.15;0;0;0;0;0;0
"2";49;"Black_small_fly_SPRU";0;0;0;0;0;0;0.15;0;0;0;0;0;0
"2";50;"Bombylidae";0;0;0;0;0;0;0.15;0;0;0;0;0;0
"2";51;"Brassicogethes";0;0;0;0;0;0;0.15;0;0;0;0;0;0
"2";52;"Chryptocephalus";0;0;0;0;0;0;0.15;0;0;0;0;0;0
"2";53;"Cylindromyia";0;0;0;0;0;0;0.15;0;0;0;0;0;0
"2";54;"Eristalis.";0;0;0;0;0;0;0.15;0;0;0;0;0;0
"2";55;"Lagorina_sericea";0;0;0;0;0;0;0.15;0;0;0;0;0;0
"2";56;"Lasioglossum";2;1;1;2;1;1;1;1;1;1;1;0;2
"2";57;"Lomatia.";0;0;0;0;0;0;0.15;0;0;0;0;0;0
"2";58;"Malachius_bipustulatus";0;0;0;0;0;0;0.15;0;0;0;0;0;0
"2";59;"Musca";0;0;0;0;0;0;0.15;0;0;0;0;0;0
"2";60;"Nemotelus";0;0;0;0;0;0;0.15;0;0;0;0;0;0
"2";61;"Psilothrix_viridicoerulea";0;0;0;0;0;0;0.15;0;0;0;0;0;0
"2";62;"Sphaerophoria";0;0;0;0;0;0;0.15;0;0;0;0;0;0
"2";63;"Sphaerophoria_scripta";0;0;0;0;0;0;0.15;0;0;0;0;0;0
"2";64;"Ulidiidae";0;0;0;0;0;0;0.15;0;0;0;0;0;0
"3";1;"A1 LEMA";0;0;0;0;0;0;0.0662499232516731;1.69967494438815e-17;5.03677186972721e-17;0;0;0;0
"3";2;"A2 LEMA";0;0;0;0;0;0;0.0662499232516731;1.69967494438815e-17;5.03677186972721e-17;0;0;0;0
"3";3;"A2 SPRU";0;0;0;0;0;0;0.0662499232516731;1.69967494438815e-17;5.03677186972721e-17;0;0;0;0
"3";4;"A3 LEMA";0;0;0;0;0;0;0.0662499232516731;1.69967494438815e-17;5.03677186972721e-17;0;0;0;0
"3";5;"A4 CHFU";2;1;1;1.25;0.25;1;0.278749923251673;0.25;1;0;0.500022500600023;0;2
"3";6;"A4 LEMA";0;0;0;0;0;0;0.0662499232516731;1.69967494438815e-17;5.03677186972721e-17;0;0;0;0
"3";7;"A5 LEMA";0;0;0;0;0;0;0.0662499232516731;1.69967494438815e-17;5.03677186972721e-17;0;0;0;0
"3";8;"A6 LEMA";0;0;0;0;0;0;0.0662499232516731;1.69967494438815e-17;5.03677186972721e-17;0;0;0;0
"3";9;"B1 LEMA";0;0;0;0;0;0;0.0662499232516731;1.69967494438815e-17;5.03677186972721e-17;0;0;0;0
"3";10;"B2 LEMA";0;0;0;0;0;0;0.0662499232516731;1.69967494438815e-17;5.03677186972721e-17;0;0;0;0
"3";11;"B2 MESU";0;0;0;0;0;0;0.0662499232516731;1.69967494438815e-17;5.03677186972721e-17;0;0;0;0
"3";12;"B3 LEMA";0;0;0;0;0;0;0.0662499232516731;1.69967494438815e-17;5.03677186972721e-17;0;0;0;0
"3";13;"B4 LEMA";0;0;0;0;0;0;0.0662499232516731;1.69967494438815e-17;5.03677186972721e-17;0;0;0;0
"3";14;"B5 LEMA";0;0;0;0;0;0;0.0662499232516731;1.69967494438815e-17;5.03677186972721e-17;0;0;0;0
"3";15;"B6 LEMA";0;0;0;0;0;0;0.0662499232516731;1.69967494438815e-17;5.03677186972721e-17;0;0;0;0
"3";16;"C1 LEMA";0;0;0;0;0;0;0.0662499232516731;1.69967494438815e-17;5.03677186972721e-17;0;0;0;0
"3";17;"C1 MESU";0;0;0;0;0;0;0.0662499232516731;1.69967494438815e-17;5.03677186972721e-17;0;0;0;0
"3";18;"C2 BEMA";0;0;0;0;0;0;0.0662499232516731;1.69967494438815e-17;5.03677186972721e-17;0;0;0;0
"3";19;"C2 LEMA";0;0;0;0;0;0;0.0662499232516731;1.69967494438815e-17;5.03677186972721e-17;0;0;0;0
"3";20;"C3 LEMA";0;0;0;0;0;0;0.0662499232516731;1.69967494438815e-17;5.03677186972721e-17;0;0;0;0
"3";21;"C4 CETE";0;0;0;0;0;0;0.0662499232516731;1.69967494438815e-17;5.03677186972721e-17;0;0;0;0
"3";22;"C4 LEMA";0;0;0;0;0;0;0.0662499232516731;1.69967494438815e-17;5.03677186972721e-17;0;0;0;0
"3";23;"C5 LEMA";0;0;0;0;0;0;0.0662499232516731;1.69967494438815e-17;5.03677186972721e-17;0;0;0;0
"3";24;"C6 LEMA";0;0;0;0;0;0;0.0662499232516731;1.69967494438815e-17;5.03677186972721e-17;0;0;0;0
"3";25;"D1 LEMA";0;0;0;0;0;0;0.0662499232516731;1.69967494438815e-17;5.03677186972721e-17;0;0;0;0
"3";26;"D4 LEMA";0;0;0;0;0;0;0.0662499232516731;1.69967494438815e-17;5.03677186972721e-17;0;0;0;0
"3";27;"D5 LEMA";0;0;0;0;0;0;0.0662499232516731;1.69967494438815e-17;5.03677186972721e-17;0;0;0;0
"3";28;"D6 LEMA";0;0;0;0;0;0;0.0662499232516731;1.69967494438815e-17;5.03677186972721e-17;0;0;0;0
"3";29;"E1 CHFU";2;1;1;1.25;0.25;1;0.278749923251673;0.25;1;0;0.500022500600023;0;2
"3";30;"E1 LEMA";0;0;0;0;0;0;0.0662499232516731;1.69967494438815e-17;5.03677186972721e-17;0;0;0;0
"3";31;"E2 LEMA";0;0;0;0;0;0;0.0662499232516731;1.69967494438815e-17;5.03677186972721e-17;0;0;0;0
"3";32;"E4 CHFU";2;1;1;1.25;0.25;1;0.278749923251673;0.25;1;0;0.500022500600023;0;2
"3";33;"E4 LEMA";0;0;0;0;0;0;0.0662499232516731;1.69967494438815e-17;5.03677186972721e-17;0;0;0;0
"3";34;"E5 LEMA";0;0;0;0;0;0;0.0662499232516731;1.69967494438815e-17;5.03677186972721e-17;0;0;0;0
"3";35;"E6 BEMA";0;0;0;0;0;0;0.0662499232516731;1.69967494438815e-17;5.03677186972721e-17;0;0;0;0
"3";36;"E6 LEMA";0;0;0;0;0;0;0.0662499232516731;1.69967494438815e-17;5.03677186972721e-17;0;0;0;0
"3";37;"F1 LEMA";0;0;0;0;0;0;0.0662499232516731;1.69967494438815e-17;5.03677186972721e-17;0;0;0;0
"3";38;"F1 SPRU";0;0;0;0;0;0;0.0662499232516731;1.69967494438815e-17;5.03677186972721e-17;0;0;0;0
"3";39;"F2 CHFU";4;2;2;2.25;1.25;1;0.524559464603672;0.5;0.54138126514911;0;1;0;2
"3";40;"F2 LEMA";0;0;0;0;0;0;0.0662499232516731;1.69967494438815e-17;5.03677186972721e-17;0;0;0;0
"3";41;"F3 LEMA";0;0;0;0;0;0;0.0662499232516731;1.69967494438815e-17;5.03677186972721e-17;0;0;0;0
"3";42;"F4 LEMA";0;0;0;0;0;0;0.0662499232516731;1.69967494438815e-17;5.03677186972721e-17;0;0;0;0
"3";43;"F5 LEMA";0;0;0;0;0;0;0.0662499232516731;1.69967494438815e-17;5.03677186972721e-17;0;0;0;0
"3";44;"Andrena";0;0;0;0;0;0;0.0662499232516731;1.69967494438815e-17;5.03677186972721e-17;0;0;0;0
"3";45;"Andrena_2_10_3";0;0;0;0;0;0;0.0662499232516731;1.69967494438815e-17;5.03677186972721e-17;0;0;0;0
"3";46;"Beetle_orange_3_10_3";0;0;0;0;0;0;0.0662499232516731;1.69967494438815e-17;5.03677186972721e-17;0;0;0;0
"3";47;"Black_beetle_1_10_03";0;0;0;0;0;0;0.0662499232516731;1.69967494438815e-17;5.03677186972721e-17;0;0;0;0
"3";48;"Black_small_fly";8;4;4;4.5;3.5;1;1;1;2.01470874789088e-16;1;-2.00013500480017;0;2
"3";49;"Black_small_fly_SPRU";0;0;0;0;0;0;0.0662499232516731;1.69967494438815e-17;5.03677186972721e-17;0;0;0;0
"3";50;"Bombylidae";0;0;0;0;0;0;0.0662499232516731;1.69967494438815e-17;5.03677186972721e-17;0;0;0;0
"3";51;"Brassicogethes";0;0;0;0;0;0;0.0662499232516731;1.69967494438815e-17;5.03677186972721e-17;0;0;0;0
"3";52;"Chryptocephalus";0;0;0;0;0;0;0.0662499232516731;1.69967494438815e-17;5.03677186972721e-17;0;0;0;0
"3";53;"Cylindromyia";0;0;0;0;0;0;0.0662499232516731;1.69967494438815e-17;5.03677186972721e-17;0;0;0;0
"3";54;"Eristalis.";0;0;0;0;0;0;0.0662499232516731;1.69967494438815e-17;5.03677186972721e-17;0;0;0;0
"3";55;"Lagorina_sericea";0;0;0;0;0;0;0.0662499232516731;1.69967494438815e-17;5.03677186972721e-17;0;0;0;0
"3";56;"Lasioglossum";0;0;0;0;0;0;0.0662499232516731;1.69967494438815e-17;5.03677186972721e-17;0;0;0;0
"3";57;"Lomatia.";0;0;0;0;0;0;0.0662499232516731;1.69967494438815e-17;5.03677186972721e-17;0;0;0;0
"3";58;"Malachius_bipustulatus";0;0;0;0;0;0;0.0662499232516731;1.69967494438815e-17;5.03677186972721e-17;0;0;0;0
"3";59;"Musca";0;0;0;0;0;0;0.0662499232516731;1.69967494438815e-17;5.03677186972721e-17;0;0;0;0
"3";60;"Nemotelus";0;0;0;0;0;0;0.0662499232516731;1.69967494438815e-17;5.03677186972721e-17;0;0;0;0
"3";61;"Psilothrix_viridicoerulea";0;0;0;0;0;0;0.0662499232516731;1.69967494438815e-17;5.03677186972721e-17;0;0;0;0
"3";62;"Sphaerophoria";0;0;0;0;0;0;0.0662499232516731;1.69967494438815e-17;5.03677186972721e-17;0;0;0;0
"3";63;"Sphaerophoria_scripta";0;0;0;0;0;0;0.0662499232516731;1.69967494438815e-17;5.03677186972721e-17;0;0;0;0
"3";64;"Ulidiidae";2;1;1;1.5;0.5;1;0.289187695708234;0.25;0;0.0827625302982197;-0.500007500525018;0;2
"4";1;"A1 LEMA";4;2;2;1.54166666666667;0.541666666666667;1;0.0716326856629775;0;0.148552814570711;1.61467449016941e-17;0.0941069706326769;0;4
"4";2;"A2 LEMA";2;1;1;1.07272727272727;0.0727272727272727;1;0.0833691500780325;0;1;4.03668622542354e-18;0.091163843505313;0;2
"4";3;"A2 SPRU";0;0;0;0;0;0;0.0215509682598507;3.40446298968544e-17;1.19473901332598e-17;2.01834311271177e-18;0;0;0
"4";4;"A3 LEMA";2;1;1;1.03636363636364;0.0363636363636364;1;0.0524600591689416;0;1;8.07337245084707e-18;0.0455819217526566;0;2
"4";5;"A4 CHFU";0;0;0;0;0;0;0.0215509682598507;3.40446298968544e-17;1.19473901332598e-17;2.01834311271177e-18;0;0;0
"4";6;"A4 LEMA";4;2;2;1.16136363636364;0.161363636363636;1;0.101896693175557;0;0.564453290276153;8.07337245084707e-18;0.0985552302472594;0;4
"4";7;"A5 LEMA";4;2;2;1.58333333333333;0.583333333333333;1;0.0803721783148373;0;0.189300711244092;0;0.0742587536044068;0;4
"4";8;"A6 LEMA";4;2;2;2.01818181818182;1.01818181818182;1;0.0866126602509107;0;0.514688880190503;0;0.106365141438082;0;2
"4";9;"B1 LEMA";4;2;2;1.13251366120219;0.132513661202186;1;0.0906552214173887;0.0458824806964566;0.421530154830636;8.07337245084707e-18;-0.102822761458866;0;4
"4";10;"B2 LEMA";6;3;3;2.06915052160954;1.06915052160954;1;0.110901282242626;0.0302604432632547;0.610718472182654;0;-0.0678117520121665;0;4
"4";11;"B2 MESU";0;0;0;0;0;0;0.0215509682598507;3.40446298968544e-17;1.19473901332598e-17;2.01834311271177e-18;0;0;0
"4";12;"B3 LEMA";4;2;2;1.20560109289617;0.205601092896175;1;0.158518170105814;0.19761048037874;0.49748478334467;8.07337245084707e-18;-0.44280323201936;0;4
"4";13;"B4 LEMA";6;3;3;1.10902881271734;0.109028812717337;1;0.0896308888697289;0.0435913482153772;0.566712391405252;0;-0.0976895700807389;0;6
"4";14;"B5 LEMA";4;2;2;1.21847988077496;0.218479880774963;1;0.188402928467245;0.174971596562366;0.630634138435727;1.61467449016941e-17;-0.392088118888576;0;4
"4";15;"B6 LEMA";2;1;1;1.13114754098361;0.131147540983607;1;0.117941627334857;0.164394578852247;0.519824379966445;8.07337245084707e-18;-0.368368801214048;0;2
"4";16;"C1 LEMA";6;3;3;1.10902881271734;0.109028812717337;1;0.0896308888697289;0.0435913482153772;0.566712391405252;0;-0.0976895700807389;0;6
"4";17;"C1 MESU";0;0;0;0;0;0;0.0215509682598507;3.40446298968544e-17;1.19473901332598e-17;2.01834311271177e-18;0;0;0
"4";18;"C2 BEMA";0;0;0;0;0;0;0.0215509682598507;3.40446298968544e-17;1.19473901332598e-17;2.01834311271177e-18;0;0;0
"4";19;"C2 LEMA";4;2;2;1.05096870342772;0.0509687034277198;1;0.0611031784831478;0.0309247690454143;0.67988291997763;1.61467449016941e-17;-0.0693012394271838;0;4
"4";20;"C3 LEMA";2;1;1;1.01818181818182;0.0181818181818182;1;0.0370055137143961;0;1;4.03668622542354e-18;0.0227909608763283;0;2
"4";21;"C4 CETE";0;0;0;0;0;0;0.0215509682598507;3.40446298968544e-17;1.19473901332598e-17;2.01834311271177e-18;0;0;0
"4";22;"C4 LEMA";10;5;5;2.26136363636364;1.26136363636364;1;0.1663027955845;0;0.303016143187305;0;0.320977590323687;0;6
"4";23;"C5 LEMA";2;1;1;1.01818181818182;0.0181818181818182;1;0.0370055137143961;0;1;4.03668622542354e-18;0.0227909608763283;0;2
"4";24;"C6 LEMA";4;2;2;1.62727272727273;0.627272727272727;1;0.155596240492245;0;0.877465562434803;0;0.198479940742303;0;4
"4";25;"D1 LEMA";6;3;3;1.3166915052161;0.316691505216095;1;0.200839797234535;0.18954096466519;0.556504559474739;0;-0.424737953654136;0;6
"4";26;"D4 LEMA";4;2;2;3;2;1;0.209685096582331;0;7.1684340799559e-17;0;-3.82702634476677e-05;0;2
"4";27;"D5 LEMA";6;3;3;2.06736214605067;1.06736214605067;1;0.106920320150084;0.0750632174740498;0.514242811931459;0;-0.168193978937437;0;4
"4";28;"D6 LEMA";8;4;4;2.80606060606061;1.80606060606061;1;0.203136575820529;0;0.431448098435471;0;0.350633601753893;0;4
"4";29;"E1 CHFU";0;0;0;0;0;0;0.0215509682598507;3.40446298968544e-17;1.19473901332598e-17;2.01834311271177e-18;0;0;0
"4";30;"E1 LEMA";6;3;3;2.53636363636364;1.53636363636364;1;0.127391269675956;0;0.509388606474779;3.22934898033883e-17;0.200992405165525;0;4
"4";31;"E2 LEMA";6;3;3;1.27954545454545;0.279545454545455;1;0.133193820467562;0;0.556466014913745;0;0.157533417386112;0;6
"4";32;"E4 CHFU";0;0;0;0;0;0;0.0215509682598507;3.40446298968544e-17;1.19473901332598e-17;2.01834311271177e-18;0;0;0
"4";33;"E4 LEMA";6;3;3;1.1780303030303;0.178030303030303;1;0.0847815190086058;0;0.586771117535592;1.61467449016941e-17;0.0994269175133814;0;6
"4";34;"E5 LEMA";4;2;2;1.375;0.375;1;0.0614320040308097;0;0.145830946041865;1.61467449016941e-17;0.0772776669723439;0;4
"4";35;"E6 BEMA";0;0;0;0;0;0;0.0215509682598507;3.40446298968544e-17;1.19473901332598e-17;2.01834311271177e-18;0;0;0
"4";36;"E6 LEMA";6;3;3;1.22548435171386;0.22548435171386;1;0.142169655208958;0;0.824102504122736;1.61467449016941e-17;0.126886891368738;0;6
"4";37;"F1 LEMA";2;1;1;1.04166666666667;0.0416666666666667;1;0.0380298462620559;0;0.274088817126923;4.03668622542354e-18;0.0176577694982009;0;2
"4";38;"F1 SPRU";0;0;0;0;0;0;0.0215509682598507;3.40446298968544e-17;1.19473901332598e-17;2.01834311271177e-18;0;0;0
"4";39;"F2 CHFU";0;0;0;0;0;0;0.0215509682598507;3.40446298968544e-17;1.19473901332598e-17;2.01834311271177e-18;0;0;0
"4";40;"F2 LEMA";4;2;2;1.07445355191257;0.0744535519125683;1;0.0621275110308076;0.0332159015264937;0.437912525686604;0;-0.0744344308053112;0;4
"4";41;"F3 LEMA";6;3;3;1.1108171882762;0.110817188276205;1;0.0930366019398985;0.012868150191199;0.662747515411962;0;-0.0288525090526546;0;6
"4";42;"F4 LEMA";10;5;5;1.4679085941381;0.467908594138102;1;0.117227723543022;0;0.360136922339249;0;0.102224551095552;0;6
"4";43;"F5 LEMA";4;2;2;1.15606060606061;0.156060606060606;1;0.116326906082443;0;0.758029605708974;0;0.126479382501715;0;4
"4";44;"Andrena";4;2;2;1.54166666666667;0.541666666666667;1;0.0911672451876715;0;1.43368681599118e-16;0.019823866799756;0.172239048829297;0;4
"4";45;"Andrena_2_10_3";28;14;14;9.28903596403596;8.28903596403596;1;0.864680912290502;1;1.91158242132157e-16;0.519824379966445;-2.24078779708094;0;6
"4";46;"Beetle_orange_3_10_3";2;1;1;1.2;0.2;1;0.0397274226853649;0.0188184786865101;1.19473901332598e-16;0.0117409197579602;-0.0421647563851963;0;2
"4";47;"Black_beetle_1_10_03";4;2;2;1.45833333333333;0.458333333333333;1;0.0608551860013556;0;1.67263461865638e-16;0.0197244994784293;0.0621299961754523;0;4
"4";48;"Black_small_fly";0;0;0;0;0;0;0.0215509682598507;3.40446298968544e-17;1.19473901332598e-17;2.01834311271177e-18;0;0;0
"4";49;"Black_small_fly_SPRU";0;0;0;0;0;0;0.0215509682598507;3.40446298968544e-17;1.19473901332598e-17;2.01834311271177e-18;0;0;0
"4";50;"Bombylidae";2;1;1;1.25;0.25;1;0.0486216130659913;0;8.36317309328189e-17;0.0145376138846173;0.0629874803254275;0;2
"4";51;"Brassicogethes";46;23;23;12.5438644688645;11.5438644688645;1;1;0;7.6463296852863e-16;1;1;0;6
"4";52;"Chryptocephalus";2;1;1;1.5;0.5;1;0.0583613488664877;0;5.97369506662992e-17;0.0293777603810071;0.0666675062767532;0;2
"4";53;"Cylindromyia";4;2;2;1.75;0.75;1;0.0790655044727567;0;7.1684340799559e-17;0.0230168120144996;0.121972201777656;0;4
"4";54;"Eristalis.";0;0;0;0;0;0;0.0215509682598507;3.40446298968544e-17;1.19473901332598e-17;2.01834311271177e-18;0;0;0
"4";55;"Lagorina_sericea";2;1;1;1.66666666666667;0.666666666666667;1;0.140372522989838;0;8.36317309328189e-17;1.21100586762706e-17;-2.75013938420158e-05;0;2
"4";56;"Lasioglossum";6;3;3;1.725;0.725;1;0.0825958509485429;0;1.91158242132157e-16;0.0175730749568066;0.142683306949711;0;4
"4";57;"Lomatia.";0;0;0;0;0;0;0.0215509682598507;3.40446298968544e-17;1.19473901332598e-17;2.01834311271177e-18;0;0;0
"4";58;"Malachius_bipustulatus";2;1;1;1.2;0.2;1;0.0404041862410971;0.00758634555987123;7.1684340799559e-17;0.0139436009803795;-0.0169990098177419;0;2
"4";59;"Musca";0;0;0;0;0;0;0.0215509682598507;3.40446298968544e-17;1.19473901332598e-17;2.01834311271177e-18;0;0;0
"4";60;"Nemotelus";2;1;1;1.1;0.1;1;0.0388175772045956;0;2.15053022398677e-16;0.00492529733612548;0.0439524581913539;0;2
"4";61;"Psilothrix_viridicoerulea";32;16;16;7.16114718614719;6.16114718614719;1;0.465285967121089;0;3.82316484264315e-16;0.274088817126923;0.338078226753637;0;6
"4";62;"Sphaerophoria";2;1;1;1.33333333333333;0.333333333333333;1;0.0809617456248444;0;8.36317309328189e-17;4.03668622542354e-18;-1.37506969210079e-05;0;2
"4";63;"Sphaerophoria_scripta";14;7;7;2.28095238095238;1.28095238095238;1;0.186383315734812;0;4.77895605330394e-16;0.0729956530154444;0.288685010519548;0;6
"4";64;"Ulidiidae";0;0;0;0;0;0;0.0215509682598507;3.40446298968544e-17;1.19473901332598e-17;2.01834311271177e-18;0;0;0
"5";1;"A1 LEMA";0;0;0;0;0;0;0.15;0;0;0;0;0;0
"5";2;"A2 LEMA";0;0;0;0;0;0;0.15;0;0;0;0;0;0
"5";3;"A2 SPRU";0;0;0;0;0;0;0.15;0;2.07750147475945e-17;0;0;0;0
"5";4;"A3 LEMA";0;0;0;0;0;0;0.15;0;0;0;0;0;0
"5";5;"A4 CHFU";0;0;0;0;0;0;0.15;0;0;0;0;0;0
"5";6;"A4 LEMA";0;0;0;0;0;0;0.15;0;0;0;0;0;0
"5";7;"A5 LEMA";0;0;0;0;0;0;0.15;0;2.07750147475945e-17;0;0;0;0
"5";8;"A6 LEMA";0;0;0;0;0;0;0.15;0;0;0;0;0;0
"5";9;"B1 LEMA";0;0;0;0;0;0;0.15;0;0;0;0;0;0
"5";10;"B2 LEMA";0;0;0;0;0;0;0.15;0;0;0;0;0;0
"5";11;"B2 MESU";2;1;1;2;1;1;1;0;0;0;1;0;2
"5";12;"B3 LEMA";0;0;0;0;0;0;0.15;0;0;0;0;0;0
"5";13;"B4 LEMA";0;0;0;0;0;0;0.15;0;0;0;0;0;0
"5";14;"B5 LEMA";0;0;0;0;0;0;0.15;0;0;4.71846454775448e-17;0;0;0
"5";15;"B6 LEMA";0;0;0;0;0;0;0.15;0;0;0;0;0;0
"5";16;"C1 LEMA";0;0;0;0;0;0;0.15;0;0;0;0;0;0
"5";17;"C1 MESU";2;1;1;2;1;1;1;0;1;0.675659753147738;1;0;2
"5";18;"C2 BEMA";0;0;0;0;0;0;0.15;0;0;0;0;0;0
"5";19;"C2 LEMA";0;0;0;0;0;0;0.15;0;0;0;0;0;0
"5";20;"C3 LEMA";0;0;0;0;0;0;0.15;0;0;0;0;0;0
"5";21;"C4 CETE";0;0;0;0;0;0;0.15;0;0;0;0;0;0
"5";22;"C4 LEMA";0;0;0;0;0;0;0.15;0;0;0;0;0;0
"5";23;"C5 LEMA";0;0;0;0;0;0;0.15;0;0;0;0;0;0
"5";24;"C6 LEMA";0;0;0;0;0;0;0.15;0;0;0;0;0;0
"5";25;"D1 LEMA";0;0;0;0;0;0;0.15;0;0;0;0;0;0
"5";26;"D4 LEMA";0;0;0;0;0;0;0.15;0;0;0;0;0;0
"5";27;"D5 LEMA";0;0;0;0;0;0;0.15;0;0;0;0;0;0
"5";28;"D6 LEMA";0;0;0;0;0;0;0.15;0;0;0;0;0;0
"5";29;"E1 CHFU";0;0;0;0;0;0;0.15;0;0;0;0;0;0
"5";30;"E1 LEMA";0;0;0;0;0;0;0.15;0;0;0;0;0;0
"5";31;"E2 LEMA";0;0;0;0;0;0;0.15;0;0;0;0;0;0
"5";32;"E4 CHFU";0;0;0;0;0;0;0.15;0;0;9.43692909550896e-17;0;0;0
"5";33;"E4 LEMA";0;0;0;0;0;0;0.15;0;0;0;0;0;0
"5";34;"E5 LEMA";0;0;0;0;0;0;0.15;0;0;0;0;0;0
"5";35;"E6 BEMA";0;0;0;0;0;0;0.15;0;0;0;0;0;0
"5";36;"E6 LEMA";0;0;0;0;0;0;0.15;0;0;0;0;0;0
"5";37;"F1 LEMA";0;0;0;0;0;0;0.15;0;0;0;0;0;0
"5";38;"F1 SPRU";0;0;0;0;0;0;0.15;0;0;0;0;0;0
"5";39;"F2 CHFU";0;0;0;0;0;0;0.15;0;0;0;0;0;0
"5";40;"F2 LEMA";0;0;0;0;0;0;0.15;0;0;0;0;0;0
"5";41;"F3 LEMA";0;0;0;0;0;0;0.15;0;0;7.07769682163172e-17;0;0;0
"5";42;"F4 LEMA";0;0;0;0;0;0;0.15;0;0;0;0;0;0
"5";43;"F5 LEMA";0;0;0;0;0;0;0.15;0;0;0;0;0;0
"5";44;"Andrena";0;0;0;0;0;0;0.15;0;0;0;0;0;0
"5";45;"Andrena_2_10_3";0;0;0;0;0;0;0.15;0;0;0;0;0;0
"5";46;"Beetle_orange_3_10_3";0;0;0;0;0;0;0.15;0;0;0;0;0;0
"5";47;"Black_beetle_1_10_03";0;0;0;0;0;0;0.15;0;0;0;0;0;0
"5";48;"Black_small_fly";0;0;0;0;0;0;0.15;0;2.07750147475945e-17;0;0;0;0
"5";49;"Black_small_fly_SPRU";0;0;0;0;0;0;0.15;0;0;0;0;0;0
"5";50;"Bombylidae";0;0;0;0;0;0;0.15;0;0;0;0;0;0
"5";51;"Brassicogethes";0;0;0;0;0;0;0.15;0;0;9.43692909550896e-17;0;0;0
"5";52;"Chryptocephalus";0;0;0;0;0;0;0.15;0;0;0;0;0;0
"5";53;"Cylindromyia";0;0;0;0;0;0;0.15;0;0;0;0;0;0
"5";54;"Eristalis.";0;0;0;0;0;0;0.15;0;0;0;0;0;0
"5";55;"Lagorina_sericea";0;0;0;0;0;0;0.15;0;0;0;0;0;0
"5";56;"Lasioglossum";0;0;0;0;0;0;0.15;0;0;0;0;0;0
"5";57;"Lomatia.";0;0;0;0;0;0;0.15;0;0;0;0;0;0
"5";58;"Malachius_bipustulatus";0;0;0;0;0;0;0.15;0;0;0;0;0;0
"5";59;"Musca";2;1;1;2;1;1;1;0;0;1;1;0;2
"5";60;"Nemotelus";0;0;0;0;0;0;0.15;0;0;4.71846454775448e-17;0;0;0
"5";61;"Psilothrix_viridicoerulea";0;0;0;0;0;0;0.15;0;0;0;0;0;0
"5";62;"Sphaerophoria";0;0;0;0;0;0;0.15;0;0;0;0;0;0
"5";63;"Sphaerophoria_scripta";2;1;1;2;1;1;1;0;0.442159511483045;0;1;0;2
"5";64;"Ulidiidae";0;0;0;0;0;0;0.15;0;0;0;0;0;0
"6";1;"A1 LEMA";0;0;0;0;0;0;0.15;0;0;0;0;0;0
"6";2;"A2 LEMA";0;0;0;0;0;0;0.15;0;0;0;0;0;0
"6";3;"A2 SPRU";2;1;1;2;1;1;1;0;0.455082942229327;1;1;0;2
"6";4;"A3 LEMA";0;0;0;0;0;0;0.15;0;0;0;0;0;0
"6";5;"A4 CHFU";0;0;0;0;0;0;0.15;0;0;0;0;0;0
"6";6;"A4 LEMA";0;0;0;0;0;0;0.15;0;2.09301511737759e-17;0;0;0;0
"6";7;"A5 LEMA";0;0;0;0;0;0;0.15;0;2.09301511737759e-17;0;0;0;0
"6";8;"A6 LEMA";0;0;0;0;0;0;0.15;0;2.09301511737759e-17;4.34748633435187e-17;0;0;0
"6";9;"B1 LEMA";0;0;0;0;0;0;0.15;0;2.09301511737759e-17;0;0;0;0
"6";10;"B2 LEMA";0;0;0;0;0;0;0.15;0;2.09301511737759e-17;0;0;0;0
"6";11;"B2 MESU";0;0;0;0;0;0;0.15;0;2.09301511737759e-17;0;0;0;0
"6";12;"B3 LEMA";0;0;0;0;0;0;0.15;0;0;0;0;0;0
"6";13;"B4 LEMA";0;0;0;0;0;0;0.15;0;0;0;0;0;0
"6";14;"B5 LEMA";0;0;0;0;0;0;0.15;0;0;0;0;0;0
"6";15;"B6 LEMA";0;0;0;0;0;0;0.15;0;0;0;0;0;0
"6";16;"C1 LEMA";0;0;0;0;0;0;0.15;0;0;0;0;0;0
"6";17;"C1 MESU";0;0;0;0;0;0;0.15;0;2.09301511737759e-17;0;0;0;0
"6";18;"C2 BEMA";0;0;0;0;0;0;0.15;0;0;0;0;0;0
"6";19;"C2 LEMA";0;0;0;0;0;0;0.15;0;0;0;0;0;0
"6";20;"C3 LEMA";0;0;0;0;0;0;0.15;0;0;0;0;0;0
"6";21;"C4 CETE";0;0;0;0;0;0;0.15;0;0;0;0;0;0
"6";22;"C4 LEMA";0;0;0;0;0;0;0.15;0;0;0;0;0;0
"6";23;"C5 LEMA";0;0;0;0;0;0;0.15;0;0;0;0;0;0
"6";24;"C6 LEMA";0;0;0;0;0;0;0.15;0;2.09301511737759e-17;0;0;0;0
"6";25;"D1 LEMA";0;0;0;0;0;0;0.15;0;0;0;0;0;0
"6";26;"D4 LEMA";0;0;0;0;0;0;0.15;0;0;2.17374316717593e-17;0;0;0
"6";27;"D5 LEMA";0;0;0;0;0;0;0.15;0;0;0;0;0;0
"6";28;"D6 LEMA";0;0;0;0;0;0;0.15;0;0;0;0;0;0
"6";29;"E1 CHFU";0;0;0;0;0;0;0.15;0;0;0;0;0;0
"6";30;"E1 LEMA";0;0;0;0;0;0;0.15;0;0;0;0;0;0
"6";31;"E2 LEMA";0;0;0;0;0;0;0.15;0;0;0;0;0;0
"6";32;"E4 CHFU";0;0;0;0;0;0;0.15;0;2.09301511737759e-17;0;0;0;0
"6";33;"E4 LEMA";0;0;0;0;0;0;0.15;0;2.09301511737759e-17;0;0;0;0
"6";34;"E5 LEMA";0;0;0;0;0;0;0.15;0;0;0;0;0;0
"6";35;"E6 BEMA";0;0;0;0;0;0;0.15;0;2.09301511737759e-17;0;0;0;0
"6";36;"E6 LEMA";0;0;0;0;0;0;0.15;0;0;0;0;0;0
"6";37;"F1 LEMA";0;0;0;0;0;0;0.15;0;0;0;0;0;0
"6";38;"F1 SPRU";2;1;1;2;1;1;1;0;0;0.482359604432295;1;0;2
"6";39;"F2 CHFU";0;0;0;0;0;0;0.15;0;0;0;0;0;0
"6";40;"F2 LEMA";0;0;0;0;0;0;0.15;0;0;0;0;0;0
"6";41;"F3 LEMA";0;0;0;0;0;0;0.15;0;0;0;0;0;0
"6";42;"F4 LEMA";0;0;0;0;0;0;0.15;0;0;0;0;0;0
"6";43;"F5 LEMA";0;0;0;0;0;0;0.15;0;0;0;0;0;0
"6";44;"Andrena";0;0;0;0;0;0;0.15;0;0;0;0;0;0
"6";45;"Andrena_2_10_3";0;0;0;0;0;0;0.15;0;0;0;0;0;0
"6";46;"Beetle_orange_3_10_3";0;0;0;0;0;0;0.15;0;0;4.34748633435187e-17;0;0;0
"6";47;"Black_beetle_1_10_03";0;0;0;0;0;0;0.15;0;2.09301511737759e-17;0;0;0;0
"6";48;"Black_small_fly";0;0;0;0;0;0;0.15;0;0;0;0;0;0
"6";49;"Black_small_fly_SPRU";2;1;1;2;1;1;1;0;0;0;1;0;2
"6";50;"Bombylidae";0;0;0;0;0;0;0.15;0;0;2.17374316717593e-17;0;0;0
"6";51;"Brassicogethes";0;0;0;0;0;0;0.15;0;2.09301511737759e-17;0;0;0;0
"6";52;"Chryptocephalus";0;0;0;0;0;0;0.15;0;0;0;0;0;0
"6";53;"Cylindromyia";0;0;0;0;0;0;0.15;0;0;0;0;0;0
"6";54;"Eristalis.";0;0;0;0;0;0;0.15;0;2.09301511737759e-17;0;0;0;0
"6";55;"Lagorina_sericea";0;0;0;0;0;0;0.15;0;2.09301511737759e-17;0;0;0;0
"6";56;"Lasioglossum";0;0;0;0;0;0;0.15;0;2.09301511737759e-17;0;0;0;0
"6";57;"Lomatia.";0;0;0;0;0;0;0.15;0;0;4.34748633435187e-17;0;0;0
"6";58;"Malachius_bipustulatus";0;0;0;0;0;0;0.15;0;0;0;0;0;0
"6";59;"Musca";0;0;0;0;0;0;0.15;0;0;0;0;0;0
"6";60;"Nemotelus";0;0;0;0;0;0;0.15;0;2.09301511737759e-17;2.17374316717593e-17;0;0;0
"6";61;"Psilothrix_viridicoerulea";0;0;0;0;0;0;0.15;0;2.09301511737759e-17;0;0;0;0
"6";62;"Sphaerophoria";2;1;1;2;1;1;1;0;1;0;1;0;2
"6";63;"Sphaerophoria_scripta";0;0;0;0;0;0;0.15;0;2.09301511737759e-17;0;0;0;0
"6";64;"Ulidiidae";0;0;0;0;0;0;0.15;0;0;0;0;0;0
"Aggr";1;"A1 LEMA";4;2;2;1.54166666666667;0.541666666666667;1;0.0741468133175113;0.00321420444582914;0.148631246432505;5.65473540665041e-17;0.00321862596423712;0;4
"Aggr";2;"A2 LEMA";2;1;1;1.07272727272727;0.0727272727272727;1;0.0844556043026604;0.0120857000362404;1;2.4234580314216e-17;0.012089411938607;0;2
"Aggr";3;"A2 SPRU";2;1;1;2;1;1;0.0903674640708603;0;0;1.6156386876144e-17;2.07574852747578e-05;0;2
"Aggr";4;"A3 LEMA";2;1;1;1.03636363636364;0.0363636363636364;1;0.0535465133935695;0.00604285001812019;1;3.23127737522881e-17;0.00604470596930348;0;2
"Aggr";5;"A4 CHFU";2;1;1;1.25;0.25;1;0.0952481070233503;7.98579406875884e-17;0;3.23127737522881e-17;4.83064245096628e-06;0;2
"Aggr";6;"A4 LEMA";4;2;2;1.16136363636364;0.161363636363636;1;0.103431297482952;0.013238279833825;0.564554383480457;4.84691606284321e-17;0.0132435247252228;0;4
"Aggr";7;"A5 LEMA";4;2;2;1.58333333333333;0.583333333333333;1;0.082569461748917;0.00588844292844723;0.189409860744972;7.27037409426481e-17;0.00589325630778796;0;4
"Aggr";8;"A6 LEMA";4;2;2;2.01818181818182;1.01818181818182;1;0.0897593378486588;0.0039245736840036;0.51467840708938;6.46255475045761e-17;0.00393092091321014;0;2
"Aggr";9;"B1 LEMA";4;2;2;1.13251366120219;0.132513661202186;1;0.0925700571012226;0.00828378124337226;0.421254677761187;4.03909671903601e-17;0.00828803154723578;0;4
"Aggr";10;"B2 LEMA";6;3;3;2.06915052160954;1.06915052160954;1;0.113663429299477;0.0092157143258983;0.610486902168219;8.07819343807202e-17;0.00922291587486065;0;4
"Aggr";11;"B2 MESU";2;1;1;2;1;1;0.11327366190577;0.426360178036018;0.00285085860737081;1.6156386876144e-17;0.426355479650716;0;2
"Aggr";12;"B3 LEMA";4;2;2;1.20560109289617;0.205601092896175;1;0.161519390149237;0.0140212367149095;0.49698059664989;4.84691606284321e-17;0.0140290030629383;0;4
"Aggr";13;"B4 LEMA";6;3;3;1.10902881271734;0.109028812717337;1;0.0913963411926407;0.00890672964719742;0.566403216601034;9.69383212568642e-17;0.0089107782799144;0;6
"Aggr";14;"B5 LEMA";4;2;2;1.21847988077496;0.218479880774963;1;0.191254765149746;0.0206870351368549;0.630194558257541;4.84691606284321e-17;0.0206964557649204;0;4
"Aggr";15;"B6 LEMA";2;1;1;1.13114754098361;0.131147540983607;1;0.120440387525783;0.00929820808773971;0.519252925734804;2.82736770332521e-17;0.00930351744877214;0;2
"Aggr";16;"C1 LEMA";6;3;3;1.10902881271734;0.109028812717337;1;0.0913963411926407;0.00890672964719742;0.566403216601034;9.69383212568642e-17;0.0089107782799144;0;6
"Aggr";17;"C1 MESU";2;1;1;2;1;1;0.131344242250286;0.573639821963982;0.0857071917444365;2.82736770332521e-17;0.573644520349284;0;2
"Aggr";18;"C2 BEMA";4;2;2;3;2;1;0.221980481671577;1;0.0442790251759037;3.23127737522881e-17;1;0;2
"Aggr";19;"C2 LEMA";4;2;2;1.05096870342772;0.0509687034277198;1;0.0625427091993502;0.00534597703099501;0.679501950489869;5.65473540665041e-17;0.00534823234684478;0;4
"Aggr";20;"C3 LEMA";2;1;1;1.01818181818182;0.0181818181818182;1;0.038091967939024;0.0030214250090601;1;2.82736770332521e-17;0.00302235298465174;0;2
"Aggr";21;"C4 CETE";2;1;1;2;1;1;0.0896138176353738;0.0396004455203117;0.0200060837246977;2.82736770332521e-17;0.0396163386199384;0;2
"Aggr";22;"C4 LEMA";10;5;5;2.26136363636364;1.26136363636364;1;0.160716157378992;0.0955009445729694;0.304971448173697;1.29251095009152e-16;0.095514510097219;0;6
"Aggr";23;"C5 LEMA";2;1;1;1.01818181818182;0.0181818181818182;1;0.038091967939024;0.00302142500906009;1;2.82736770332521e-17;0.00302235298465174;0;2
"Aggr";24;"C6 LEMA";4;2;2;1.62727272727273;0.627272727272727;1;0.15749475720448;0.022241464781398;0.877464371329174;4.84691606284321e-17;0.0222505146964039;0;4
"Aggr";25;"D1 LEMA";6;3;3;1.3166915052161;0.316691505216095;1;0.198896272301944;0.0761918683351604;0.556963526773377;6.46255475045761e-17;0.0762014944962936;0;6
"Aggr";26;"D4 LEMA";4;2;2;3;2;1;0.211464835722187;0;0;6.46255475045761e-17;3.61670139304748e-05;0;2
"Aggr";27;"D5 LEMA";6;3;3;2.06736214605067;1.06736214605067;1;0.109888824010894;0.00716807923274953;0.513896733696881;6.46255475045761e-17;0.00717499383263833;0;4
"Aggr";28;"D6 LEMA";8;4;4;2.80606060606061;1.80606060606061;1;0.182706123816856;0.267032009328878;0.436781758195185;8.07819343807202e-17;0.267046489817437;0;4
"Aggr";29;"E1 CHFU";2;1;1;1.25;0.25;1;0.0952481070233503;7.19449101183171e-17;0;3.23127737522881e-17;4.83064245096628e-06;0;2
"Aggr";30;"E1 LEMA";6;3;3;2.53636363636364;1.53636363636364;1;0.131404365492335;0.00775035970014788;0.509383143880374;4.84691606284321e-17;0.00776008132157676;0;4
"Aggr";31;"E2 LEMA";6;3;3;1.27954545454545;0.279545454545455;1;0.129756524914078;0.0736236870392833;0.558354158449532;6.46255475045761e-17;0.0736303297448029;0;6
"Aggr";32;"E4 CHFU";2;1;1;1.25;0.25;1;0.0952481070233503;8.2040845672215e-17;0;3.23127737522881e-17;4.83064245096628e-06;0;2
"Aggr";33;"E4 LEMA";6;3;3;1.1780303030303;0.178030303030303;1;0.0810454567332776;0.0658053088197533;0.5899911243863;6.46255475045761e-17;0.065808764256205;0;6
"Aggr";34;"E5 LEMA";4;2;2;1.375;0.375;1;0.0615911488979044;0.0155986251120055;0.147131694762729;4.03909671903601e-17;0.0156050524586193;0;4
"Aggr";35;"E6 BEMA";4;2;2;3;2;1;0.220256002551683;2.95237899170743e-16;0;3.23127737522881e-17;1.47350993184416e-05;0;2
"Aggr";36;"E6 LEMA";6;3;3;1.22548435171386;0.22548435171386;1;0.138460747818495;0.0766548082617262;0.825620014684905;6.46255475045761e-17;0.0766615096239354;0;6
"Aggr";37;"F1 LEMA";2;1;1;1.04166666666667;0.0416666666666667;1;0.039265683847606;0.00239847660523494;0.274257305800761;2.82736770332521e-17;0.00239960625197311;0;2
"Aggr";38;"F1 SPRU";2;1;1;2;1;1;0.150916149896524;1.787253456163e-16;0;1.6156386876144e-17;9.23366977830068e-06;0;2
"Aggr";39;"F2 CHFU";4;2;2;2.25;1.25;1;0.179240573205725;2.10104604770307e-16;0;3.23127737522881e-17;1.1439892680022e-05;0;2
"Aggr";40;"F2 LEMA";4;2;2;1.07445355191257;0.0744535519125683;1;0.0637164251079322;0.00472302862716986;0.437587719090123;5.65473540665041e-17;0.00472548561416615;0;4
"Aggr";41;"F3 LEMA";6;3;3;1.1108171882762;0.110817188276205;1;0.0946255160170231;0.01076587864529;0.662552631454074;6.46255475045761e-17;0.0107701915834696;0;6
"Aggr";42;"F4 LEMA";10;5;5;1.4679085941381;0.467908594138102;1;0.113559621803828;0.0718431321757108;0.362234732853443;9.69383212568642e-17;0.0718490570827455;0;6
"Aggr";43;"F5 LEMA";4;2;2;1.15606060606061;0.156060606060606;1;0.117712127028915;0.0168826532467102;0.758085768600254;6.46255475045761e-17;0.0168886244425532;0;4
"Aggr";44;"Andrena";4;2;2;1.54166666666667;0.541666666666667;1;0.089953310737908;0.0324194398138924;0;0.0199336680398934;0.0324248451173655;0;4
"Aggr";45;"Andrena_2_10_3";28;14;14;9.28903596403596;8.28903596403596;1;0.877350127576411;0.104505880938502;3.82677339038476e-16;0.519252925734803;0.104562223383779;0;6
"Aggr";46;"Beetle_orange_3_10_3";2;1;1;1.2;0.2;1;0.0413185225663306;0.000972593071680522;0;0.011724891279996;0.000974115422364343;0;2
"Aggr";47;"Black_beetle_1_10_03";4;2;2;1.45833333333333;0.458333333333333;1;0.0627659212663144;0.00321774234590193;2.39173336899048e-17;0.0197149706333925;0.00322092709055186;0;4
"Aggr";48;"Black_small_fly";8;4;4;4.5;3.5;1;0.341697339006455;5.25716283797564e-16;0;6.46255475045761e-17;2.41049988156663e-05;0;2
"Aggr";49;"Black_small_fly_SPRU";2;1;1;2;1;1;0.150916149896524;1.90185596785589e-16;0;1.6156386876144e-17;9.23366977830068e-06;0;2
"Aggr";50;"Bombylidae";2;1;1;1.25;0.25;1;0.0505608501515997;0.00131449895826979;0;0.0145273884572468;0.00131687698888659;0;2
"Aggr";51;"Brassicogethes";46;23;23;12.5438644688645;11.5438644688645;1;1;0.244949259258709;0;1;0.245022564200855;0;6
"Aggr";52;"Chryptocephalus";2;1;1;1.5;0.5;1;0.0607851410701586;0.00133125383049702;2.39173336899048e-17;0.0293568141787603;0.00133487825372748;0;2
"Aggr";53;"Cylindromyia";4;2;2;1.75;0.75;1;0.082073245811542;0.00240478858589263;4.78346673798096e-17;0.0230051870642493;0.002410140235951;0;4
"Aggr";54;"Eristalis.";2;1;1;1.5;0.5;1;0.116246223568944;1.17785914795475e-16;0;2.4234580314216e-17;6.4829550082302e-06;0;2
"Aggr";55;"Lagorina_sericea";2;1;1;1.66666666666667;0.666666666666667;1;0.142467496060385;0;0;2.82736770332521e-17;1.83370635300149e-05;0;2
"Aggr";56;"Lasioglossum";8;4;4;3.725;1.725;2;0.157591518002106;0.0583716128372802;4.78346673798096e-17;0.0200060837246978;0.0583912464203062;0;4
"Aggr";57;"Lomatia.";2;1;1;1.5;0.5;1;0.116246223568944;1.006864924159e-16;0;2.4234580314216e-17;6.4829550082302e-06;0;2
"Aggr";58;"Malachius_bipustulatus";2;1;1;1.2;0.2;1;0.0419602054653897;0.00125042422285244;1.19586668449524e-17;0.0139286593714876;0.00125198272920985;0;2
"Aggr";59;"Musca";4;2;2;3.5;1.5;2;0.213261739814803;0.628460890137894;0;0.00285085860737085;0.628455872229212;0;2
"Aggr";60;"Nemotelus";2;1;1;1.1;0.1;1;0.0381674430089114;0.0181159745698408;1.19586668449524e-17;0.00498273124941165;0.0181170727279768;0;2
"Aggr";61;"Psilothrix_viridicoerulea";32;16;16;7.16114718614719;6.16114718614719;1;0.469503850253008;0.0848493167956332;0;0.274257305800762;0.0848857514354186;0;6
"Aggr";62;"Sphaerophoria";4;2;2;3.33333333333333;1.33333333333333;2;0.159364803732663;0;0;4.84691606284321e-17;2.62201055224808e-05;0;2
"Aggr";63;"Sphaerophoria_scripta";18;9;9;5.78095238095238;2.78095238095238;3;0.383671128585202;0.845553153652103;0;0.0857071917444367;0.845564157798113;0;6
"Aggr";64;"Ulidiidae";2;1;1;1.5;0.5;1;0.0988146660969119;1.02778443026167e-16;2.39173336899048e-17;2.82736770332521e-17;5.36519982121695e-06;0;2
