"Layer";"Node";"Label";"Degree";"DegreeIn";"DegreeOut";"Strength";"StrengthIn";"StrengthOut";"PageRank";"Eigenvector";"Hub";"Authority";"Katz";"Multiplexity";"Kcore"
"1";1;"A1 LEMA";0;0;0;0;0;0;0.115540540540541;2.64228358750628e-17;2.30719297987488e-17;0;0;0;0
"1";2;"A2 CETE";2;1;1;2;1;1;0.77027027027027;0.750028818147985;7.38301753559962e-16;0;0.749999374998764;0;2
"1";3;"A2 LEMA";0;0;0;0;0;0;0.115540540540541;2.64228358750628e-17;0;0;0;0;0
"1";4;"A3 CETE";4;2;2;2.5;1.5;1;1;0.999999999999999;0.618033988749894;1;1;0;2
"1";5;"A3 LEMA";0;0;0;0;0;0;0.115540540540541;2.64228358750628e-17;0;0;0;0;0
"1";6;"A4 LEMA";0;0;0;0;0;0;0.115540540540541;2.64228358750628e-17;0;0;0;0;0
"1";7;"A5 LEMA";0;0;0;0;0;0;0.115540540540541;2.64228358750628e-17;0;0;0;0;0
"1";8;"A6 LEMA";0;0;0;0;0;0;0.115540540540541;2.64228358750628e-17;2.30719297987488e-17;0;0;0;0
"1";9;"B1 CHFU";0;0;0;0;0;0;0.115540540540541;2.64228358750628e-17;0;0;0;0;0
"1";10;"B1 LEMA";0;0;0;0;0;0;0.115540540540541;2.64228358750628e-17;0;0;0;0;0
"1";11;"B2 LEMA";0;0;0;0;0;0;0.115540540540541;2.64228358750628e-17;0;0;0;0;0
"1";12;"B3 LEMA";0;0;0;0;0;0;0.115540540540541;2.64228358750628e-17;2.30719297987488e-17;0;0;0;0
"1";13;"B4 CHFU";0;0;0;0;0;0;0.115540540540541;2.64228358750628e-17;0;0;0;0;0
"1";14;"B4 LEMA";0;0;0;0;0;0;0.115540540540541;2.64228358750628e-17;0;0;0;0;0
"1";15;"B5 LEMA";0;0;0;0;0;0;0.115540540540541;2.64228358750628e-17;0;0;0;0;0
"1";16;"B6 LEMA";0;0;0;0;0;0;0.115540540540541;2.64228358750628e-17;0;0;0;0;0
"1";17;"C1 CHFU";0;0;0;0;0;0;0.115540540540541;2.64228358750628e-17;0;0;0;0;0
"1";18;"C1 LEMA";0;0;0;0;0;0;0.115540540540541;2.64228358750628e-17;0;0;0;0;0
"1";19;"C2 LEMA";0;0;0;0;0;0;0.115540540540541;2.64228358750628e-17;0;0;0;0;0
"1";20;"C2 PUPA";0;0;0;0;0;0;0.115540540540541;2.64228358750628e-17;0;0;0;0;0
"1";21;"C3 LEMA";0;0;0;0;0;0;0.115540540540541;2.64228358750628e-17;0;0;0;0;0
"1";22;"C4 LEMA";0;0;0;0;0;0;0.115540540540541;2.64228358750628e-17;0;0;0;0;0
"1";23;"C5 LEMA";0;0;0;0;0;0;0.115540540540541;2.64228358750628e-17;2.30719297987488e-17;0;0;0;0
"1";24;"C6 LEMA";0;0;0;0;0;0;0.115540540540541;2.64228358750628e-17;0;0;0;0;0
"1";25;"D1 CHFU";0;0;0;0;0;0;0.115540540540541;2.64228358750628e-17;0;0;0;0;0
"1";26;"D1 LEMA";0;0;0;0;0;0;0.115540540540541;2.64228358750628e-17;0;0;0;0;0
"1";27;"D2 LEMA";0;0;0;0;0;0;0.115540540540541;2.64228358750628e-17;0;0;0;0;0
"1";28;"D3 LEMA";0;0;0;0;0;0;0.115540540540541;2.64228358750628e-17;0;0;0;0;0
"1";29;"D4 LEMA";0;0;0;0;0;0;0.115540540540541;2.64228358750628e-17;0;0;0;0;0
"1";30;"D5 LEMA";0;0;0;0;0;0;0.115540540540541;2.64228358750628e-17;0;0;0;0;0
"1";31;"D6 LEMA";0;0;0;0;0;0;0.115540540540541;2.64228358750628e-17;0;0;0;0;0
"1";32;"D6 PUPA";0;0;0;0;0;0;0.115540540540541;2.64228358750628e-17;0;0;0;0;0
"1";33;"E1 LEMA";0;0;0;0;0;0;0.115540540540541;2.64228358750628e-17;0;0;0;0;0
"1";34;"E2 LEMA";0;0;0;0;0;0;0.115540540540541;2.64228358750628e-17;0;0;0;0;0
"1";35;"E3 CHFU";0;0;0;0;0;0;0.115540540540541;2.64228358750628e-17;0;0;0;0;0
"1";36;"E3 LEMA";0;0;0;0;0;0;0.115540540540541;2.64228358750628e-17;0;0;0;0;0
"1";37;"E4 LEMA";0;0;0;0;0;0;0.115540540540541;2.64228358750628e-17;0;0;0;0;0
"1";38;"E5 LEMA";0;0;0;0;0;0;0.115540540540541;2.64228358750628e-17;0;0;0;0;0
"1";39;"E6 LEMA";0;0;0;0;0;0;0.115540540540541;2.64228358750628e-17;0;0;0;0;0
"1";40;"F1 LEMA";0;0;0;0;0;0;0.115540540540541;2.64228358750628e-17;0;0;0;0;0
"1";41;"F2 CHFU";0;0;0;0;0;0;0.115540540540541;2.64228358750628e-17;0;0;0;0;0
"1";42;"F2 LEMA";0;0;0;0;0;0;0.115540540540541;2.64228358750628e-17;0;0;0;0;0
"1";43;"F3 CHFU";0;0;0;0;0;0;0.115540540540541;2.64228358750628e-17;0;0;0;0;0
"1";44;"F3 LEMA";0;0;0;0;0;0;0.115540540540541;2.64228358750628e-17;0;0;0;0;0
"1";45;"F4 CETE";2;1;1;1.5;0.5;1;0.540540540540541;0.5;1;0.23606797749979;0.499998749996875;0;2
"1";46;"F4 LEMA";0;0;0;0;0;0;0.115540540540541;2.64228358750628e-17;0;0;0;0;0
"1";47;"F5 CHFU";0;0;0;0;0;0;0.115540540540541;2.64228358750628e-17;0;0;0;0;0
"1";48;"F5 LEMA";0;0;0;0;0;0;0.115540540540541;2.64228358750628e-17;0;0;0;0;0
"1";49;"F6 LEMA";0;0;0;0;0;0;0.115540540540541;2.64228358750628e-17;0;0;0;0;0
"1";50;"F6 PUPA";0;0;0;0;0;0;0.115540540540541;2.64228358750628e-17;0;0;0;0;0
"1";51;"Andrena";0;0;0;0;0;0;0.115540540540541;2.64228358750628e-17;0;0;0;0;0
"1";52;"Beetle.black.with.red.end";0;0;0;0;0;0;0.115540540540541;2.64228358750628e-17;0;0;0;0;0
"1";53;"Black_small_fly_LEMA";0;0;0;0;0;0;0.115540540540541;2.64228358750628e-17;0;0;0;0;0
"1";54;"Bombilus_major";2;1;1;2;1;1;0.77027027027027;0.750028818147985;0;0;0.749999374998764;0;2
"1";55;"Bombylidae";0;0;0;0;0;0;0.115540540540541;2.64228358750628e-17;0;0;0;0;0
"1";56;"Brassicogethes";0;0;0;0;0;0;0.115540540540541;2.64228358750628e-17;0;0;0;0;0
"1";57;"Cylindromyia";0;0;0;0;0;0;0.115540540540541;2.64228358750628e-17;0;0;0;0;0
"1";58;"Elateridae";0;0;0;0;0;0;0.115540540540541;2.64228358750628e-17;2.30719297987488e-17;0;0;0;0
"1";59;"Episyrphus_balteatus";0;0;0;0;0;0;0.115540540540541;2.64228358750628e-17;0;0;0;0;0
"1";60;"Eucera";0;0;0;0;0;0;0.115540540540541;2.64228358750628e-17;2.30719297987488e-17;0;0;0;0
"1";61;"Lepidoptera";0;0;0;0;0;0;0.115540540540541;2.64228358750628e-17;0;0;0;0;0
"1";62;"Malachius_bipustulatus";0;0;0;0;0;0;0.115540540540541;2.64228358750628e-17;0;0;0;0;0
"1";63;"Mordellidae";0;0;0;0;0;0;0.115540540540541;2.64228358750628e-17;0;0;0;0;0
"1";64;"Musca";0;0;0;0;0;0;0.115540540540541;2.64228358750628e-17;0;0;0;0;0
"1";65;"Musca_sp.";0;0;0;0;0;0;0.115540540540541;2.64228358750628e-17;0;0;0;0;0
"1";66;"Oedemeridae";0;0;0;0;0;0;0.115540540540541;2.64228358750628e-17;0;0;0;0;0
"1";67;"Other_Black_small_fly";0;0;0;0;0;0;0.115540540540541;2.64228358750628e-17;0;0;0;0;0
"1";68;"Psilothrix_viridicoerulea";0;0;0;0;0;0;0.115540540540541;2.64228358750628e-17;0;0;0;0;0
"1";69;"Red_black_fly_6.19.5";0;0;0;0;0;0;0.115540540540541;2.64228358750628e-17;2.30719297987488e-17;0;0;0;0
"1";70;"Small.bee.1.18.6";2;1;1;1.5;0.5;1;0.540540540540541;0.499999999999999;0;0.23606797749979;0.499998749996875;0;2
"1";71;"Small.bee.1.8.6";0;0;0;0;0;0;0.115540540540541;2.64228358750628e-17;0;0;0;0;0
"1";72;"Sphaerophoria_scripta";0;0;0;0;0;0;0.115540540540541;2.64228358750628e-17;0;0;0;0;0
"1";73;"Tabanidae";4;2;2;2.5;1.5;1;1;1;0;1;1;0;2
"1";74;"Ulidiidae";0;0;0;0;0;0;0.115540540540541;2.64228358750628e-17;0;0;0;0;0
"2";1;"A1 LEMA";0;0;0;0;0;0;0.0389048696164513;0;0;0;0;0;0
"2";2;"A2 CETE";0;0;0;0;0;0;0.0389048696164513;0;0;0;0;0;0
"2";3;"A2 LEMA";0;0;0;0;0;0;0.0389048696164513;0;0;0;0;0;0
"2";4;"A3 CETE";0;0;0;0;0;0;0.0389048696164513;0;0;0;0;0;0
"2";5;"A3 LEMA";0;0;0;0;0;0;0.0389048696164513;0;0;0;0;0;0
"2";6;"A4 LEMA";0;0;0;0;0;0;0.0389048696164513;0;0;0;0;0;0
"2";7;"A5 LEMA";0;0;0;0;0;0;0.0389048696164513;0;0;0;0;0;0
"2";8;"A6 LEMA";0;0;0;0;0;0;0.0389048696164513;0;0;0;0;0;0
"2";9;"B1 CHFU";2;1;1;1.15384615384615;0.153846153846154;1;0.169674100385682;0;1;0;0.666666666666667;0;2
"2";10;"B1 LEMA";0;0;0;0;0;0;0.0389048696164513;0;0;0;0;0;0
"2";11;"B2 LEMA";0;0;0;0;0;0;0.0389048696164513;0;0;0;0;0;0
"2";12;"B3 LEMA";0;0;0;0;0;0;0.0389048696164513;0;0;0;0;0;0
"2";13;"B4 CHFU";2;1;1;1.07692307692308;0.0769230769230769;1;0.104289485001067;0;1;0;0.333333333333333;0;2
"2";14;"B4 LEMA";0;0;0;0;0;0;0.0389048696164513;0;0;0;0;0;0
"2";15;"B5 LEMA";0;0;0;0;0;0;0.0389048696164513;0;0;0;0;0;0
"2";16;"B6 LEMA";0;0;0;0;0;0;0.0389048696164513;0;0;0;0;0;0
"2";17;"C1 CHFU";4;2;2;2.15384615384615;1.15384615384615;1;0.2670602496944;0;0.678348209053884;0;0.999971333523327;0;2
"2";18;"C1 LEMA";0;0;0;0;0;0;0.0389048696164513;0;0;0;0;0;0
"2";19;"C2 LEMA";0;0;0;0;0;0;0.0389048696164513;0;0;0;0;0;0
"2";20;"C2 PUPA";0;0;0;0;0;0;0.0389048696164513;0;0;0;0;0;0
"2";21;"C3 LEMA";0;0;0;0;0;0;0.0389048696164513;0;0;0;0;0;0
"2";22;"C4 LEMA";0;0;0;0;0;0;0.0389048696164513;0;0;0;0;0;0
"2";23;"C5 LEMA";0;0;0;0;0;0;0.0389048696164513;0;0;0;0;0;0
"2";24;"C6 LEMA";0;0;0;0;0;0;0.0389048696164513;0;0;0;0;0;0
"2";25;"D1 CHFU";2;1;1;1.15384615384615;0.153846153846154;1;0.169674100385682;0;1;0;0.666666666666667;0;2
"2";26;"D1 LEMA";0;0;0;0;0;0;0.0389048696164513;0;0;0;0;0;0
"2";27;"D2 LEMA";0;0;0;0;0;0;0.0389048696164513;0;0;0;0;0;0
"2";28;"D3 LEMA";0;0;0;0;0;0;0.0389048696164513;0;0;0;0;0;0
"2";29;"D4 LEMA";0;0;0;0;0;0;0.0389048696164513;0;0;0;0;0;0
"2";30;"D5 LEMA";0;0;0;0;0;0;0.0389048696164513;0;0;0;0;0;0
"2";31;"D6 LEMA";0;0;0;0;0;0;0.0389048696164513;0;0;0;0;0;0
"2";32;"D6 PUPA";0;0;0;0;0;0;0.0389048696164513;0;0;0;0;0;0
"2";33;"E1 LEMA";0;0;0;0;0;0;0.0389048696164513;0;0;0;0;0;0
"2";34;"E2 LEMA";0;0;0;0;0;0;0.0389048696164513;0;0;0;0;0;0
"2";35;"E3 CHFU";2;1;1;1.23076923076923;0.230769230769231;1;0.235058715770297;0;1;0;1;0;2
"2";36;"E3 LEMA";0;0;0;0;0;0;0.0389048696164513;0;0;0;0;0;0
"2";37;"E4 LEMA";0;0;0;0;0;0;0.0389048696164513;0;0;0;0;0;0
"2";38;"E5 LEMA";0;0;0;0;0;0;0.0389048696164513;0;0;0;0;0;0
"2";39;"E6 LEMA";0;0;0;0;0;0;0.0389048696164513;0;0;0;0;0;0
"2";40;"F1 LEMA";0;0;0;0;0;0;0.0389048696164513;0;0;0;0;0;0
"2";41;"F2 CHFU";2;1;1;2;1;1;0.259365797443008;0;0;0;-9.33340666828888e-06;0;2
"2";42;"F2 LEMA";0;0;0;0;0;0;0.0389048696164513;0;0;0;0;0;0
"2";43;"F3 CHFU";2;1;1;1.07692307692308;0.0769230769230769;1;0.104289485001067;0;1;0;0.333333333333333;0;2
"2";44;"F3 LEMA";0;0;0;0;0;0;0.0389048696164513;0;0;0;0;0;0
"2";45;"F4 CETE";0;0;0;0;0;0;0.0389048696164513;0;0;0;0;0;0
"2";46;"F4 LEMA";0;0;0;0;0;0;0.0389048696164513;0;0;0;0;0;0
"2";47;"F5 CHFU";2;1;1;1.15384615384615;0.153846153846154;1;0.169674100385682;0;1;0;0.666666666666667;0;2
"2";48;"F5 LEMA";0;0;0;0;0;0;0.0389048696164513;0;0;0;0;0;0
"2";49;"F6 LEMA";0;0;0;0;0;0;0.0389048696164513;0;0;0;0;0;0
"2";50;"F6 PUPA";0;0;0;0;0;0;0.0389048696164513;0;0;0;0;0;0
"2";51;"Andrena";0;0;0;0;0;0;0.0389048696164513;0;0;0;0;0;0
"2";52;"Beetle.black.with.red.end";0;0;0;0;0;0;0.0389048696164513;0;0;0;0;0;0
"2";53;"Black_small_fly_LEMA";0;0;0;0;0;0;0.0389048696164513;0;0;0;0;0;0
"2";54;"Bombilus_major";0;0;0;0;0;0;0.0389048696164513;0;0;0;0;0;0
"2";55;"Bombylidae";0;0;0;0;0;0;0.0389048696164513;0;0;0;0;0;0
"2";56;"Brassicogethes";0;0;0;0;0;0;0.0389048696164513;0;0;0;0;0;0
"2";57;"Cylindromyia";0;0;0;0;0;0;0.0389048696164513;0;0;0;0;0;0
"2";58;"Elateridae";0;0;0;0;0;0;0.0389048696164513;0;0;0;0;0;0
"2";59;"Episyrphus_balteatus";0;0;0;0;0;0;0.0389048696164513;0;0;0;0;0;0
"2";60;"Eucera";2;1;1;2;1;1;0.259365797443008;0;0;0;-9.33340666828116e-06;0;2
"2";61;"Lepidoptera";0;0;0;0;0;0;0.0389048696164513;0;0;0;0;0;0
"2";62;"Malachius_bipustulatus";0;0;0;0;0;0;0.0389048696164513;0;0;0;0;0;0
"2";63;"Mordellidae";0;0;0;0;0;0;0.0389048696164513;0;0;0;0;0;0
"2";64;"Musca";0;0;0;0;0;0;0.0389048696164513;0;0;0;0;0;0
"2";65;"Musca_sp.";0;0;0;0;0;0;0.0389048696164513;0;0;0;0;0;0
"2";66;"Oedemeridae";0;0;0;0;0;0;0.0389048696164513;0;0;0;0;0;0
"2";67;"Other_Black_small_fly";2;1;1;1.33333333333333;0.333333333333333;1;0.114571940363198;0;0;0.0350446271616527;-0.333326666843331;0;2
"2";68;"Psilothrix_viridicoerulea";0;0;0;0;0;0;0.0389048696164513;0;0;0;0;0;0
"2";69;"Red_black_fly_6.19.5";0;0;0;0;0;0;0.0389048696164513;0;0;0;0;0;0
"2";70;"Small.bee.1.18.6";0;0;0;0;0;0;0.0389048696164513;0;0;0;0;0;0
"2";71;"Small.bee.1.8.6";0;0;0;0;0;0;0.0389048696164513;0;0;0;0;0;0
"2";72;"Sphaerophoria_scripta";0;0;0;0;0;0;0.0389048696164513;0;0;0;0;0;0
"2";73;"Tabanidae";0;0;0;0;0;0;0.0389048696164513;0;0;0;0;0;0
"2";74;"Ulidiidae";14;7;7;7.66666666666667;6.66666666666667;1;1;0;0;1;-4.33339533400668;0;2
"3";1;"A1 LEMA";2;1;1;1.01709401709402;0.0170940170940171;1;0.0235658061801271;0.0170940170940171;1;1.76876211629104e-17;0.0170938550243708;0;2
"3";2;"A2 CETE";0;0;0;0;0;0;0.0090358916502126;0;0;7.07504846516415e-18;0;0;0
"3";3;"A2 LEMA";4;2;2;1.05664335664336;0.0566433566433566;1;0.0455241877642591;0.0427350427350428;0.919611238300651;2.12251453954924e-17;0.0427346503494201;0;4
"3";4;"A3 CETE";0;0;0;0;0;0;0.0090358916502126;0;0;7.07504846516415e-18;0;0;0
"3";5;"A3 LEMA";4;2;2;1.54273504273504;0.542735042735043;1;0.0531236069211911;0.0470085470085471;0.909867070388367;3.53752423258207e-17;0.0470083895349764;0;4
"3";6;"A4 LEMA";4;2;2;1.12509712509713;0.125097125097125;1;0.0570756628187356;0.0555555555555556;0.690812455002502;2.12251453954924e-17;0.0555550927716708;0;4
"3";7;"A5 LEMA";6;3;3;1.48228438228438;0.482284382284382;1;0.077743538012199;0.076923076923077;0.845778354448715;4.24502907909849e-17;0.0769225950703457;0;6
"3";8;"A6 LEMA";8;4;4;3.05664335664336;2.05664335664336;1;0.0692205061899996;0.0512820512820513;0.766879850697001;8.49005815819698e-17;0.0512827244951859;0;4
"3";9;"B1 CHFU";0;0;0;0;0;0;0.0090358916502126;0;0;7.07504846516415e-18;0;0;0
"3";10;"B1 LEMA";6;3;3;2.05236985236985;1.05236985236985;1;0.0534327319153448;0.0427350427350427;0.8200247896473;2.83001938606566e-17;0.0427351910456799;0;4
"3";11;"B2 LEMA";2;1;1;1.04273504273504;0.0427350427350427;1;0.0453606779749989;0.0427350427350428;1;1.41500969303283e-17;0.042734637560927;0;2
"3";12;"B3 LEMA";4;2;2;1.07055167055167;0.0705516705516706;1;0.0456876975535192;0.0427350427350428;0.839222476601301;2.83001938606566e-17;0.0427346631379133;0;4
"3";13;"B4 CHFU";0;0;0;0;0;0;0.0090358916502126;0;0;7.07504846516415e-18;0;0;0
"3";14;"B4 LEMA";6;3;3;2.09300699300699;1.09300699300699;1;0.0643744037984464;0.0555555555555556;0.737784559575689;5.66003877213132e-17;0.0555555832125037;0;4
"3";15;"B5 LEMA";4;2;2;1.05236985236985;0.0523698523698524;1;0.0418917091317805;0.0384615384615385;0.91067915366739;3.53752423258207e-17;0.0384611865933274;0;4
"3";16;"B6 LEMA";6;3;3;1.25236985236985;0.252369852369852;1;0.0466921039426617;0.0427350427350428;0.820414288861054;5.66003877213132e-17;0.042734719313077;0;4
"3";17;"C1 CHFU";0;0;0;0;0;0;0.0090358916502126;0;0;7.07504846516415e-18;0;0;0
"3";18;"C1 LEMA";6;3;3;1.24382284382284;0.243822843822844;1;0.0398389910933572;0.0341880341880342;0.776257672692711;4.24502907909849e-17;0.0341878401733268;0;6
"3";19;"C2 LEMA";6;3;3;2.52991452991453;1.52991452991453;1;0.0542627738251795;0.0384615384615385;0.779211565781506;4.24502907909849e-17;0.0384620505518528;0;4
"3";20;"C2 PUPA";0;0;0;0;0;0;0.0090358916502126;0;0;7.07504846516415e-18;0;0;0
"3";21;"C3 LEMA";2;1;1;1.02564102564103;0.0256410256410256;1;0.0308307634450844;0.0256410256410257;1;1.06125726977462e-17;0.0256407825365562;0;2
"3";22;"C4 LEMA";4;2;2;1.03527583527584;0.0352758352758353;1;0.0273617946018659;0.0213675213675214;0.839222476601301;2.83001938606566e-17;0.0213673315689566;0;4
"3";23;"C5 LEMA";4;2;2;2.0042735042735;1.0042735042735;1;0.0318573435387428;0.00854700854700875;0.506384440134726;2.83001938606566e-17;0.0085483133186522;0;2
"3";24;"C6 LEMA";6;3;3;2.02672882672883;1.02672882672883;1;0.0339006501779885;0.0170940170940171;0.550764089236711;5.66003877213132e-17;0.0170946229865305;0;4
"3";25;"D1 CHFU";0;0;0;0;0;0;0.0090358916502126;0;0;7.07504846516415e-18;0;0;0
"3";26;"D1 LEMA";4;2;2;1.05345765345765;0.0534576534576535;1;0.0311577830236047;0.0256410256410256;0.732037461002169;3.53752423258207e-17;0.0256408081135425;0;4
"3";27;"D2 LEMA";4;2;2;1.06627816627817;0.0662781662781663;1;0.0420552189210406;0.0384615384615385;0.821358307334779;2.83001938606566e-17;0.0384611993818206;0;4
"3";28;"D3 LEMA";4;2;2;1.04918414918415;0.0491841491841492;1;0.0275253043911261;0.0213675213675214;0.678444953202603;3.53752423258207e-17;0.0213673443574498;0;4
"3";29;"D4 LEMA";6;3;3;2.12082362082362;1.12082362082362;1;0.064720667656786;0.0555555555555556;0.614072624495779;4.24502907909849e-17;0.0555556109208593;0;4
"3";30;"D5 LEMA";6;3;3;1.29409479409479;0.294094794094794;1;0.047594477726095;0.0427350427350428;0.579839853056121;4.24502907909849e-17;0.0427348060509916;0;6
"3";31;"D6 LEMA";4;2;2;1.13146853146853;0.131468531468531;1;0.0858084723000444;0.0897435897435898;0.885158911858072;3.53752423258207e-17;0.0897427772434261;0;4
"3";32;"D6 PUPA";0;0;0;0;0;0;0.0090358916502126;0;0;7.07504846516415e-18;0;0;0
"3";33;"E1 LEMA";4;2;2;1.03100233100233;0.031002331002331;1;0.0237293159693873;0.0170940170940171;0.799028095751626;2.83001938606566e-17;0.0170938678128639;0;4
"3";34;"E2 LEMA";8;4;4;2.64832944832945;1.64832944832945;1;0.0940855344218804;0.0897435897435897;0.405269904528036;5.66003877213132e-17;0.0897432341084485;0;4
"3";35;"E3 CHFU";0;0;0;0;0;0;0.0090358916502126;0;0;7.07504846516415e-18;0;0;0
"3";36;"E3 LEMA";8;4;4;1.87715617715618;0.877156177156177;1;0.0528331806694704;0.0427350427350427;0.623356918644506;4.24502907909849e-17;0.0427351698340725;0;6
"3";37;"E4 LEMA";2;1;1;1.02136752136752;0.0213675213675214;1;0.0271982848126058;0.0213675213675214;1;1.06125726977462e-17;0.0213673187804635;0;2
"3";38;"E5 LEMA";6;3;3;1.54063714063714;0.540637140637141;1;0.0362684357788588;0.0256410256410256;0.239581465296074;4.24502907909849e-17;0.0256411876484412;0;6
"3";39;"E6 LEMA";4;2;2;1.03954933954934;0.0395493395493395;1;0.0309942732343445;0.0256410256410257;0.866018730501085;2.12251453954924e-17;0.0256407953250493;0;4
"3";40;"F1 LEMA";4;2;2;1.04382284382284;0.0438228438228438;1;0.0346267518668232;0.0299145299145299;0.885158911858072;3.53752423258207e-17;0.029914259081142;0;4
"3";41;"F2 CHFU";0;0;0;0;0;0;0.0090358916502126;0;0;7.07504846516415e-18;0;0;0
"3";42;"F2 LEMA";6;3;3;1.55236985236985;0.552369852369852;1;0.0494260788326343;0.0427350427350428;0.820339316926944;2.83001938606566e-17;0.0427349168108067;0;4
"3";43;"F3 CHFU";0;0;0;0;0;0;0.0090358916502126;0;0;7.07504846516415e-18;0;0;0
"3";44;"F3 LEMA";8;4;4;1.44234654234654;0.442346542346542;1;0.0448356004673117;0.0384615384615385;0.492441775167063;5.66003877213132e-17;0.0384613812645643;0;6
"3";45;"F4 CETE";0;0;0;0;0;0;0.0090358916502126;0;0;7.07504846516415e-18;0;0;0
"3";46;"F4 LEMA";8;4;4;3.07482517482517;2.07482517482517;1;0.0929608659482471;0.0811965811965812;0.497105437089917;7.07504846516415e-17;0.081196844554194;0;4
"3";47;"F5 CHFU";0;0;0;0;0;0;0.0090358916502126;0;0;7.07504846516415e-18;0;0;0
"3";48;"F5 LEMA";6;3;3;1.32700077700078;0.327000777000777;1;0.0346425483931202;0.0256410256410257;0.298522430385572;5.66003877213132e-17;0.0256411082001345;0;4
"3";49;"F6 LEMA";10;5;5;2.97672882672883;1.97672882672883;1;0.0635661574624625;0.0384615384615386;0.248409376389111;9.90506785122981e-17;0.0384629955963619;0;6
"3";50;"F6 PUPA";0;0;0;0;0;0;0.0090358916502126;0;0;7.07504846516415e-18;0;0;0
"3";51;"Andrena";4;2;2;1.29047619047619;0.29047619047619;1;0.0282376165345957;0.0213675213675213;3.15049061506633e-17;0.00803050560403536;0.0213673583466424;0;4
"3";52;"Beetle.black.with.red.end";2;1;1;1.11111111111111;0.111111111111111;1;0.0141607091781462;0.00427350427350428;0;0.00436631776152288;0.00427357609522628;0;2
"3";53;"Black_small_fly_LEMA";2;1;1;1.08333333333333;0.0833333333333333;1;0.0139390108386709;0.00427350427350428;4.7257359225995e-17;0.00322291267875436;0.00427356088280252;0;2
"3";54;"Bombilus_major";0;0;0;0;0;0;0.0090358916502126;0;0;7.07504846516415e-18;0;0;0
"3";55;"Bombylidae";6;3;3;1.81111111111111;0.811111111111111;1;0.0376660909475059;0.0256410256410256;0;0.0150880085878106;0.0256412790934553;0;6
"3";56;"Brassicogethes";72;36;36;25.9519448387869;24.9519448387869;1;1;1;5.04078498410614e-16;1;1;0;6
"3";57;"Cylindromyia";4;2;2;1.2;0.2;1;0.0177279287078915;0.00854700854700855;3.15049061506633e-17;0.00728078626292905;0.00854702697953913;0;4
"3";58;"Elateridae";8;4;4;1.44722222222222;0.447222222222222;1;0.0306602307443179;0.0213675213675214;6.30098123013267e-17;0.0139489985351816;0.0213676002112365;0;6
"3";59;"Episyrphus_balteatus";4;2;2;1.55555555555556;0.555555555555556;1;0.0441624064913487;0.0384615384615384;0;0.0123316009513703;0.0384612886620302;0;4
"3";60;"Eucera";0;0;0;0;0;0;0.0090358916502126;0;0;7.07504846516415e-18;0;0;0
"3";61;"Lepidoptera";2;1;1;1.07692307692308;0.0769230769230769;1;0.0132676276123871;0.00427350427350428;0;0.00238220341259614;0.00427350571464918;0;2
"3";62;"Malachius_bipustulatus";4;2;2;1.2020202020202;0.202020202020202;1;0.018265715167511;0.00854700854700855;6.30098123013267e-17;0.00853777427202941;0.00854707049311449;0;4
"3";63;"Mordellidae";2;1;1;1.1;0.1;1;0.0135776738630169;0.00427350427350428;0;0.00413551346648908;0.00427352826194587;0;2
"3";64;"Musca";2;1;1;1.5;0.5;1;0.0225752626541783;0.00427350427350443;0;0.0127688802694514;0.00427437338060411;0;2
"3";65;"Musca_sp.";2;1;1;1.31578947368421;0.315789473684211;1;0.0339885451415842;0.0256410256410256;3.15049061506633e-17;0.00791678080430959;0.0256410162667698;0;2
"3";66;"Oedemeridae";2;1;1;1.08333333333333;0.0833333333333333;1;0.0139390108386709;0.00427350427350428;4.7257359225995e-17;0.00322291267875436;0.00427356088280252;0;2
"3";67;"Other_Black_small_fly";2;1;1;1.07692307692308;0.0769230769230769;1;0.0132449872831879;0.00427350427350427;0;0.00286212546443523;0.00427350358325853;0;2
"3";68;"Psilothrix_viridicoerulea";58;29;29;7.11677109440267;6.11677109440267;1;0.245622780230157;0.235042735042735;0;0.196112383006507;0.235043041456946;0;6
"3";69;"Red_black_fly_6.19.5";2;1;1;1.10526315789474;0.105263157894737;1;0.0173534428140031;0.00854700854700854;3.15049061506633e-17;0.00263892693476987;0.00854700542225661;0;2
"3";70;"Small.bee.1.18.6";2;1;1;1.22222222222222;0.222222222222222;1;0.0210428325042333;0.00854700854700859;0;0.00278392754904446;0.00854736219824337;0;2
"3";71;"Small.bee.1.8.6";4;2;2;1.5;0.5;1;0.0319539972869357;0.0170940170940172;0;0.0066850502874064;0.0170946050831553;0;4
"3";72;"Sphaerophoria_scripta";2;1;1;1.25;0.25;1;0.0162397798130352;0.00427350427350427;0;0.00694397394033865;0.00427374274149746;0;2
"3";73;"Tabanidae";0;0;0;0;0;0;0.0090358916502126;0;0;7.07504846516415e-18;0;0;0
"3";74;"Ulidiidae";0;0;0;0;0;0;0.0090358916502126;0;0;7.07504846516415e-18;0;0;0
"4";1;"A1 LEMA";0;0;0;0;0;0;0.106651884700665;0;0;0;0;0;0
"4";2;"A2 CETE";0;0;0;0;0;0;0.106651884700665;0;0;0;0;0;0
"4";3;"A2 LEMA";0;0;0;0;0;0;0.106651884700665;0;0;0;0;0;0
"4";4;"A3 CETE";0;0;0;0;0;0;0.106651884700665;0;0;0;0;0;0
"4";5;"A3 LEMA";0;0;0;0;0;0;0.106651884700665;0;0;0;0;0;0
"4";6;"A4 LEMA";0;0;0;0;0;0;0.106651884700665;0;0;0;0;0;0
"4";7;"A5 LEMA";0;0;0;0;0;0;0.106651884700665;0;0;0;0;0;0
"4";8;"A6 LEMA";0;0;0;0;0;0;0.106651884700665;0;0;0;0;0;0
"4";9;"B1 CHFU";0;0;0;0;0;0;0.106651884700665;0;0;0;0;0;0
"4";10;"B1 LEMA";0;0;0;0;0;0;0.106651884700665;0;0;0;0;0;0
"4";11;"B2 LEMA";0;0;0;0;0;0;0.106651884700665;0;0;0;0;0;0
"4";12;"B3 LEMA";0;0;0;0;0;0;0.106651884700665;0;0;0;0;0;0
"4";13;"B4 CHFU";0;0;0;0;0;0;0.106651884700665;0;0;0;0;0;0
"4";14;"B4 LEMA";0;0;0;0;0;0;0.106651884700665;0;0;0;0;0;0
"4";15;"B5 LEMA";0;0;0;0;0;0;0.106651884700665;0;0;0;0;0;0
"4";16;"B6 LEMA";0;0;0;0;0;0;0.106651884700665;0;0;0;0;0;0
"4";17;"C1 CHFU";0;0;0;0;0;0;0.106651884700665;0;0;0;0;0;0
"4";18;"C1 LEMA";0;0;0;0;0;0;0.106651884700665;0;0;0;0;0;0
"4";19;"C2 LEMA";0;0;0;0;0;0;0.106651884700665;0;0;0;0;0;0
"4";20;"C2 PUPA";2;1;1;1.33333333333333;0.333333333333333;1;0.389985218033999;0;1;9.30950307467728e-17;0.333332222225926;0;2
"4";21;"C3 LEMA";0;0;0;0;0;0;0.106651884700665;0;0;0;0;0;0
"4";22;"C4 LEMA";0;0;0;0;0;0;0.106651884700665;0;0;0;0;0;0
"4";23;"C5 LEMA";0;0;0;0;0;0;0.106651884700665;0;0;0;0;0;0
"4";24;"C6 LEMA";0;0;0;0;0;0;0.106651884700665;0;0;0;0;0;0
"4";25;"D1 CHFU";0;0;0;0;0;0;0.106651884700665;0;0;0;0;0;0
"4";26;"D1 LEMA";0;0;0;0;0;0;0.106651884700665;0;0;0;0;0;0
"4";27;"D2 LEMA";0;0;0;0;0;0;0.106651884700665;0;0;0;0;0;0
"4";28;"D3 LEMA";0;0;0;0;0;0;0.106651884700665;0;0;0;0;0;0
"4";29;"D4 LEMA";0;0;0;0;0;0;0.106651884700665;0;0;0;0;0;0
"4";30;"D5 LEMA";0;0;0;0;0;0;0.106651884700665;0;0;0;0;0;0
"4";31;"D6 LEMA";0;0;0;0;0;0;0.106651884700665;0;0;0;0;0;0
"4";32;"D6 PUPA";2;1;1;1.5;0.5;1;0.424852180339985;0;0.5;1.24126707662364e-16;0.333335555498149;0;2
"4";33;"E1 LEMA";0;0;0;0;0;0;0.106651884700665;0;0;0;0;0;0
"4";34;"E2 LEMA";0;0;0;0;0;0;0.106651884700665;0;0;0;0;0;0
"4";35;"E3 CHFU";0;0;0;0;0;0;0.106651884700665;0;0;0;0;0;0
"4";36;"E3 LEMA";0;0;0;0;0;0;0.106651884700665;0;0;0;0;0;0
"4";37;"E4 LEMA";0;0;0;0;0;0;0.106651884700665;0;0;0;0;0;0
"4";38;"E5 LEMA";0;0;0;0;0;0;0.106651884700665;0;0;0;0;0;0
"4";39;"E6 LEMA";0;0;0;0;0;0;0.106651884700665;0;0;0;0;0;0
"4";40;"F1 LEMA";0;0;0;0;0;0;0.106651884700665;0;0;0;0;0;0
"4";41;"F2 CHFU";0;0;0;0;0;0;0.106651884700665;0;0;0;0;0;0
"4";42;"F2 LEMA";0;0;0;0;0;0;0.106651884700665;0;0;0;0;0;0
"4";43;"F3 CHFU";0;0;0;0;0;0;0.106651884700665;0;0;0;0;0;0
"4";44;"F3 LEMA";0;0;0;0;0;0;0.106651884700665;0;0;0;0;0;0
"4";45;"F4 CETE";0;0;0;0;0;0;0.106651884700665;0;0;0;0;0;0
"4";46;"F4 LEMA";0;0;0;0;0;0;0.106651884700665;0;0;0;0;0;0
"4";47;"F5 CHFU";0;0;0;0;0;0;0.106651884700665;0;0;0;0;0;0
"4";48;"F5 LEMA";0;0;0;0;0;0;0.106651884700665;0;0;0;0;0;0
"4";49;"F6 LEMA";0;0;0;0;0;0;0.106651884700665;0;0;0;0;0;0
"4";50;"F6 PUPA";4;2;2;2.16666666666667;1.16666666666667;1;0.991518847006652;0;0.833333333333333;3.72380122987091e-16;0.999999999950001;0;2
"4";51;"Andrena";0;0;0;0;0;0;0.106651884700665;0;0;0;0;0;0
"4";52;"Beetle.black.with.red.end";0;0;0;0;0;0;0.106651884700665;0;0;0;0;0;0
"4";53;"Black_small_fly_LEMA";0;0;0;0;0;0;0.106651884700665;0;0;0;0;0;0
"4";54;"Bombilus_major";0;0;0;0;0;0;0.106651884700665;0;0;0;0;0;0
"4";55;"Bombylidae";0;0;0;0;0;0;0.106651884700665;0;0;0;0;0;0
"4";56;"Brassicogethes";0;0;0;0;0;0;0.106651884700665;0;0;0;0;0;0
"4";57;"Cylindromyia";0;0;0;0;0;0;0.106651884700665;0;0;0;0;0;0
"4";58;"Elateridae";0;0;0;0;0;0;0.106651884700665;0;0;0;0;0;0
"4";59;"Episyrphus_balteatus";0;0;0;0;0;0;0.106651884700665;0;0;0;0;0;0
"4";60;"Eucera";0;0;0;0;0;0;0.106651884700665;0;0;0;0;0;0
"4";61;"Lepidoptera";0;0;0;0;0;0;0.106651884700665;0;0;0;0;0;0
"4";62;"Malachius_bipustulatus";0;0;0;0;0;0;0.106651884700665;0;0;0;0;0;0
"4";63;"Mordellidae";0;0;0;0;0;0;0.106651884700665;0;0;0;0;0;0
"4";64;"Musca";0;0;0;0;0;0;0.106651884700665;0;0;0;0;0;0
"4";65;"Musca_sp.";0;0;0;0;0;0;0.106651884700665;0;0;0;0;0;0
"4";66;"Oedemeridae";0;0;0;0;0;0;0.106651884700665;0;0;0;0;0;0
"4";67;"Other_Black_small_fly";0;0;0;0;0;0;0.106651884700665;0;0;0;0;0;0
"4";68;"Psilothrix_viridicoerulea";0;0;0;0;0;0;0.106651884700665;0;0;0;0;0;0
"4";69;"Red_black_fly_6.19.5";0;0;0;0;0;0;0.106651884700665;0;0;0;0;0;0
"4";70;"Small.bee.1.18.6";4;2;2;2.66666666666667;1.66666666666667;1;1;0;0;1;1;0;2
"4";71;"Small.bee.1.8.6";4;2;2;2.33333333333333;1.33333333333333;1;0.748706577974871;0;0;0.5;0.666671111029631;0;2
"4";72;"Sphaerophoria_scripta";0;0;0;0;0;0;0.106651884700665;0;0;0;0;0;0
"4";73;"Tabanidae";0;0;0;0;0;0;0.106651884700665;0;0;0;0;0;0
"4";74;"Ulidiidae";0;0;0;0;0;0;0.106651884700665;0;0;0;0;0;0
"Aggr";1;"A1 LEMA";2;1;1;1.01709401709402;0.0170940170940171;1;0.0235159647679076;0.00553592234364661;1;0;0.00553929589305891;0;2
"Aggr";2;"A2 CETE";2;1;1;2;1;1;0.0599070015866201;0;0;3.53754049029595e-18;1.48425283490292e-05;0;2
"Aggr";3;"A2 LEMA";4;2;2;1.05664335664336;0.0566433566433566;1;0.0454786097352622;0.0150660333603373;0.919611568087323;7.0750809805919e-18;0.0150745012578081;0;4
"Aggr";4;"A3 CETE";4;2;2;2.5;1.5;1;0.061271834813072;0.82482807927625;0.00158842514646373;0;0.824823942352869;0;2
"Aggr";5;"A3 LEMA";4;2;2;1.54273504273504;0.542735042735043;1;0.0530446988379374;0.0145042273444216;0.909867067457425;0;0.0145156858277163;0;4
"Aggr";6;"A4 LEMA";4;2;2;1.12509712509713;0.125097125097125;1;0.0570471383226296;0.0241228851229556;0.69081372341278;0;0.0241340192782456;0;4
"Aggr";7;"A5 LEMA";6;3;3;1.48228438228438;0.482284382284382;1;0.0778800587764123;0.0490158971515114;0.845778673105295;0;0.04903183063123;0;6
"Aggr";8;"A6 LEMA";8;4;4;3.05664335664336;2.05664335664336;1;0.0690723582831079;0.0165053084268484;0.766880123684798;0;0.0165240938970586;0;4
"Aggr";9;"B1 CHFU";2;1;1;1.15384615384615;0.153846153846154;1;0.0365735662669303;0.000113456011374458;4.77964742622718e-05;0;0.000121726140851161;0;2
"Aggr";10;"B1 LEMA";6;3;3;2.05236985236985;1.05236985236985;1;0.0533379399677474;0.0144374252516405;0.820025118040052;1.41501619611838e-17;0.0144501015176045;0;4
"Aggr";11;"B2 LEMA";2;1;1;1.04273504273504;0.0427350427350427;1;0.0453108365627794;0.0138398058591165;1;7.0750809805919e-18;0.0138482397326473;0;2
"Aggr";12;"B3 LEMA";4;2;2;1.07055167055167;0.0705516705516706;1;0.0456463829077451;0.0162922608615582;0.839223136174646;0;0.0163007627829689;0;4
"Aggr";13;"B4 CHFU";2;1;1;1.07692307692308;0.0769230769230769;1;0.0227798082524617;5.67280056872245e-05;4.77964742622718e-05;3.53754049029595e-18;6.08630704255805e-05;0;2
"Aggr";14;"B4 LEMA";6;3;3;2.09300699300699;1.09300699300699;1;0.064464630574675;0.0213512527520183;0.737786602471316;1.41501619611838e-17;0.0213705893633648;0;4
"Aggr";15;"B5 LEMA";4;2;2;1.05236985236985;0.0523698523698524;1;0.0418461311027836;0.0136820527744257;0.910679520097026;0;0.0136896772845434;0;4
"Aggr";16;"B6 LEMA";6;3;3;1.25236985236985;0.252369852369852;1;0.0466324328395898;0.0142898437852225;0.82041461607068;7.0750809805919e-18;0.0142990040962077;0;4
"Aggr";17;"C1 CHFU";4;2;2;2.15384615384615;1.15384615384615;1;0.0479590834964201;0.00117825922879044;0.000991460818650269;1.41501619611838e-17;0.00119564324955676;0;2
"Aggr";18;"C1 LEMA";6;3;3;1.24382284382284;0.243822843822844;1;0.0398844624609654;0.0237370817404544;0.776258237298034;1.41501619611838e-17;0.0237442221049307;0;6
"Aggr";19;"C2 LEMA";6;3;3;2.52991452991453;1.52991452991453;1;0.0541309152262351;0.0109912489279635;0.779211560366349;7.0750809805919e-18;0.0110054252291949;0;4
"Aggr";20;"C2 PUPA";2;1;1;1.33333333333333;0.333333333333333;1;0.0169521495124085;0.22623885217109;0.00313466984160243;0;0.22623710402877;0;2
"Aggr";21;"C3 LEMA";2;1;1;1.02564102564103;0.0256410256410256;1;0.0307809220328648;0.00830388351546993;1;0;0.00830894383958837;0;2
"Aggr";22;"C4 LEMA";4;2;2;1.03527583527584;0.0352758352758353;1;0.0273162165728691;0.0081461304307791;0.839223136174646;7.0750809805919e-18;0.00815038139148446;0;4
"Aggr";23;"C5 LEMA";4;2;2;2.0042735042735;1.0042735042735;1;0.0317129887636254;0.00187430218373922;0.506384415751104;0;0.00188300392083942;0;2
"Aggr";24;"C6 LEMA";6;3;3;2.02672882672883;1.02672882672883;1;0.0337933205311437;0.00618750126936356;0.550764909743036;7.0750809805919e-18;0.00619601161794167;0;4
"Aggr";25;"D1 CHFU";2;1;1;1.15384615384615;0.153846153846154;1;0.0365735662669303;0.000113456011374427;4.77964742622718e-05;0;0.000121726140851161;0;2
"Aggr";26;"D1 LEMA";4;2;2;1.05345765345765;0.0534576534576535;1;0.0311164683778306;0.0107563385179116;0.732038560291076;0;0.01076146688991;0;4
"Aggr";27;"D2 LEMA";4;2;2;1.06627816627817;0.0662781662781663;1;0.0420139042752665;0.0149082802756465;0.821359040194051;0;0.0149159388097042;0;4
"Aggr";28;"D3 LEMA";4;2;2;1.04918414918415;0.0491841491841492;1;0.0274839897453519;0.00937235793199991;0.678446272349291;7.0750809805919e-18;0.00937664291664529;0;4
"Aggr";29;"D4 LEMA";6;3;3;2.12082362082362;1.12082362082362;1;0.0646456062799255;0.0236924422778462;0.614073892593435;7.0750809805919e-18;0.0237076615877267;0;4
"Aggr";30;"D5 LEMA";6;3;3;1.29409479409479;0.294094794094794;1;0.0476527392433714;0.0301837254159403;0.579841294100395;7.0750809805919e-18;0.0301926546269426;0;6
"Aggr";31;"D6 LEMA";4;2;2;1.13146853146853;0.131468531468531;1;0.0857714210374929;0.0327422748078072;0.88515938298189;0;0.0327600880140417;0;4
"Aggr";32;"D6 PUPA";2;1;1;1.5;0.5;1;0.0225006032807805;0.202054856059947;0.00712374313441752;0;0.202055841134546;0;2
"Aggr";33;"E1 LEMA";4;2;2;1.03100233100233;0.031002331002331;1;0.0236837379403904;0.00676214984486744;0.799028920218308;0;0.00676555741821973;0;4
"Aggr";34;"E2 LEMA";8;4;4;2.64832944832945;1.64832944832945;1;0.0939126736645693;0.0229916758754536;0.405270202571674;0;0.0230146657864103;0;4
"Aggr";35;"E3 CHFU";2;1;1;1.23076923076923;0.230769230769231;1;0.050367324281399;0.000170184017061682;4.77964742622718e-05;3.53754049029595e-18;0.000182589211276741;0;2
"Aggr";36;"E3 LEMA";8;4;4;1.87715617715618;0.877156177156177;1;0.0527279026974359;0.0131055738039681;0.623357241583602;1.41501619611838e-17;0.0131178700509227;0;6
"Aggr";37;"E4 LEMA";2;1;1;1.02136752136752;0.0213675213675214;1;0.0271484434003862;0.00691990292955827;1;3.53754049029595e-18;0.00692411986632364;0;2
"Aggr";38;"E5 LEMA";6;3;3;1.54063714063714;0.540637140637141;1;0.0361790168518789;0.00881222755918125;0.239582553510242;0;0.00881996280451804;0;6
"Aggr";39;"E6 LEMA";4;2;2;1.03954933954934;0.0395493395493395;1;0.0309486952053477;0.00953011101669076;0.866019280145538;0;0.00953520536474919;0;4
"Aggr";40;"F1 LEMA";4;2;2;1.04382284382284;0.0438228438228438;1;0.0345811738378263;0.0109140916026024;0.88515938298189;0;0.0109200293380139;0;4
"Aggr";41;"F2 CHFU";2;1;1;2;1;1;0.0599070015866201;0;0;3.53754049029595e-18;1.48425283490292e-05;0;2
"Aggr";42;"F2 LEMA";6;3;3;1.55236985236985;0.552369852369852;1;0.0493528703814037;0.0144016477764549;0.820339644295937;0;0.0144122061078507;0;4
"Aggr";43;"F3 CHFU";2;1;1;1.07692307692308;0.0769230769230769;1;0.0227798082524617;5.67280056872185e-05;4.77964742622718e-05;3.53754049029595e-18;6.08630704255805e-05;0;2
"Aggr";44;"F3 LEMA";8;4;4;1.44234654234654;0.442346542346542;1;0.0447567728282109;0.012711782394925;0.492442498145117;0;0.012721007336649;0;6
"Aggr";45;"F4 CETE";2;1;1;1.5;0.5;1;0.0373735369898257;0.146111522762979;4.21804513250817e-05;0;0.146112630266561;0;2
"Aggr";46;"F4 LEMA";8;4;4;3.07482517482517;2.07482517482517;1;0.0927797119479142;0.0226704685962473;0.497105775650288;0;0.0226944639137608;0;4
"Aggr";47;"F5 CHFU";2;1;1;1.15384615384615;0.153846153846154;1;0.0365735662669303;0.000113456011374469;4.77964742622718e-05;0;0.000121726140851161;0;2
"Aggr";48;"F5 LEMA";6;3;3;1.32700077700078;0.327000777000777;1;0.0345768126117114;0.112852240964415;0.298597744437888;7.0750809805919e-18;0.11285708653424;0;4
"Aggr";49;"F6 LEMA";10;5;5;2.97672882672883;1.97672882672883;1;0.0695246753184784;1;0.248634051941192;1.41501619611838e-17;1;0;6
"Aggr";50;"F6 PUPA";4;2;2;2.16666666666667;1.16666666666667;1;0.0384328018296113;0.654532560402127;0.00446436093920742;0;0.654530049192086;0;4
"Aggr";51;"Andrena";4;2;2;1.29047619047619;0.29047619047619;1;0.0281547160988599;0.00420134719713156;0;0.00803047983356674;0.00420632808763758;0;4
"Aggr";52;"Beetle.black.with.red.end";2;1;1;1.11111111111111;0.111111111111111;1;0.0140984144538041;0.00088336510256192;0;0.00436630126547116;0.000884951894684834;0;2
"Aggr";53;"Black_small_fly_LEMA";2;1;1;1.08333333333333;0.0833333333333333;1;0.0138786756163798;0.000994896956218817;0;0.00322290167217425;0.000996361552489574;0;2
"Aggr";54;"Bombilus_major";2;1;1;2;1;1;0.0599070015866201;0;0;3.53754049029595e-18;1.48425283490292e-05;0;2
"Aggr";55;"Bombylidae";6;3;3;1.81111111111111;0.811111111111111;1;0.0375529044034922;0.00610464029534013;0;0.015087986438331;0.00611322792724918;0;6
"Aggr";56;"Brassicogethes";72;36;36;25.9519448387869;24.9519448387869;1;1;0.447723769327981;0;1;0.447995411401871;0;6
"Aggr";57;"Cylindromyia";4;2;2;1.2;0.2;1;0.0176629159496944;0.00198967631382516;0;0.00728076208613749;0.00199213085956241;0;4
"Aggr";58;"Elateridae";8;4;4;1.44722222222222;0.447222222222222;1;0.0311958154302302;0.0886387470651853;0;0.0139502175110414;0.0886422692694912;0;6
"Aggr";59;"Episyrphus_balteatus";4;2;2;1.55555555555556;0.555555555555556;1;0.0440486981993942;0.00758680135605818;0;0.0123315675606344;0.00759603276916829;0;4
"Aggr";60;"Eucera";2;1;1;2;1;1;0.0599070015866201;0;0;3.53754049029595e-18;1.48425283490292e-05;0;2
"Aggr";61;"Lepidoptera";2;1;1;1.07692307692308;0.0769230769230769;1;0.0132128783409112;0.00131826336471389;0;0.00238219934850816;0.00131941287919741;0;2
"Aggr";62;"Malachius_bipustulatus";4;2;2;1.2020202020202;0.202020202020202;1;0.018197323000372;0.00183712183656115;0;0.00853774203166854;0.00183982588892385;0;4
"Aggr";63;"Mordellidae";2;1;1;1.1;0.1;1;0.0135197751352516;0.00104430042023055;0;0.00413549952729107;0.00104561753965022;0;2
"Aggr";64;"Musca";2;1;1;1.5;0.5;1;0.0224640704625338;0.000677868291610862;0;0.0127688315022075;0.000683061894001234;0;2
"Aggr";65;"Musca_sp.";2;1;1;1.31578947368421;0.315789473684211;1;0.0338900781819068;0.0051783792110995;0;0.00791675634135246;0.00518510519699233;0;2
"Aggr";66;"Oedemeridae";2;1;1;1.08333333333333;0.0833333333333333;1;0.0138786756163798;0.000994896956218831;0;0.00322290167217425;0.000996361552489574;0;2
"Aggr";67;"Other_Black_small_fly";4;2;2;2.41025641025641;0.41025641025641;2;0.0267894523046818;0.00147208758718657;0;0.0028787895074262;0.00147902493201645;0;2
"Aggr";68;"Psilothrix_viridicoerulea";58;29;29;7.11677109440267;6.11677109440267;1;0.245898646203392;0.198473311707428;0;0.196115680873228;0.198536335726686;0;6
"Aggr";69;"Red_black_fly_6.19.5";2;1;1;1.10526315789474;0.105263157894737;1;0.0172873928859643;0.00172612640369985;0;0.00263891878045082;0.00172836839899744;0;2
"Aggr";70;"Small.bee.1.18.6";8;4;4;5.38888888888889;2.38888888888889;3;0.0843469334938104;0.938323815818053;0;0.00313466984160248;0.938320271238944;0;4
"Aggr";71;"Small.bee.1.8.6";8;4;4;3.83333333333333;1.83333333333333;2;0.0635978966719409;0.558680591252175;0;0.00712374313441755;0.558683224434754;0;4
"Aggr";72;"Sphaerophoria_scripta";2;1;1;1.25;0.25;1;0.0161671308508611;0.0011188993298925;0;0.00694395809891394;0.00112145372257865;0;2
"Aggr";73;"Tabanidae";4;2;2;2.5;1.5;1;0.0667940864749005;0.403997575300829;0;4.21804513251087e-05;0.403999000156644;0;2
"Aggr";74;"Ulidiidae";14;7;7;7.66666666666667;6.66666666666667;1;0.210963357868344;0.00101954210081076;0;4.77964742621774e-05;0.00108819291367946;0;2
