"Layer";"Node";"Label";"Degree";"DegreeIn";"DegreeOut";"Strength";"StrengthIn";"StrengthOut";"PageRank";"Eigenvector";"Hub";"Authority";"Katz";"Multiplexity";"Kcore"
"1";1;"A3 LEMA";4;2;2;1.33333333333333;0.333333333333333;1;0.280725350099766;0;0.841996920068136;0;1;0;4
"1";2;"A5 LEMA";2;1;1;1.16666666666667;0.166666666666667;1;0.139058683433099;0;0.604992300170342;1.62294386163794e-17;-0.0399271054068112;0;2
"1";3;"B6 LEMA";2;1;1;1.16666666666667;0.166666666666667;1;0.139058683433099;0;0.604992300170342;1.62294386163794e-17;-0.0399271054068113;0;2
"1";4;"C2 LEMA";4;2;2;1.19444444444444;0.194444444444444;1;0.183929807229769;0;0.868330766723447;6.49177544655176e-17;0.673321184234469;0;4
"1";5;"C3 LEMA";2;1;1;1.08333333333333;0.0833333333333333;1;0.089485362785325;0;0.604992300170342;1.62294386163794e-17;-0.0199635527034057;0;2
"1";6;"C6 LEMA";6;3;3;3.11111111111111;2.11111111111111;1;0.417844636903563;0;0.307004970558297;3.24588772327588e-17;-0.101091878021701;0;2
"1";7;"C6 PUPA";0;0;0;0;0;0;0.0399120421375507;0;0;8.1147193081897e-18;0;0;0
"1";8;"D6 LEMA";4;2;2;1.13888888888889;0.138888888888889;1;0.136707585007547;0;0.80249615008517;0;0.326678815765531;0;4
"1";9;"E5 PUPA";0;0;0;0;0;0;0.0399120421375507;0;0;8.1147193081897e-18;0;0;0
"1";10;"E6 LEMA";8;4;4;3.63888888888889;2.63888888888889;1;0.667404677900823;0;0.736626469094198;6.49177544655176e-17;-2.8391184482226;0;4
"1";11;"F3 PUPA";0;0;0;0;0;0;0.0399120421375507;0;0;8.1147193081897e-18;0;0;0
"1";12;"F4 LEMA";2;1;1;1.05555555555556;0.0555555555555556;1;0.0871342643597729;0;1;3.24588772327588e-17;0.346642368468937;0;2
"1";13;"F5 LEMA";2;1;1;1.05555555555556;0.0555555555555556;1;0.0871342643597729;0;1;3.24588772327588e-17;0.346642368468937;0;2
"1";14;"F6 LEMA";2;1;1;1.05555555555556;0.0555555555555556;1;0.0871342643597729;0;1;3.24588772327588e-17;0.346642368468937;0;2
"1";15;"Brassicogethes";16;8;8;6.63571428571429;5.63571428571429;1;1;0;0;1;-1.88119579951404;0;4
"1";16;"Malachius_bipustulatus";2;1;1;1.14285714285714;0.142857142857143;1;0.0906503194758405;0;0;0.00876675258282814;0.0478958368217226;0;2
"1";17;"Muscidae";2;1;1;1.08333333333333;0.0833333333333333;1;0.0871865401555257;0;0;0.0122703643096754;0.784735305037231;0;2
"1";18;"Oedemeridae";2;1;1;1.08333333333333;0.0833333333333333;1;0.0871865401555257;0;0;0.0122703643096754;0.784735305037232;0;2
"1";19;"Psilothrix_viridicoerulea";14;7;7;5.48333333333333;4.48333333333333;1;0.699858644439167;0;0;0.604992300170342;0.0722165201987584;0;4
"1";20;"Small.bee.1.16.6";0;0;0;0;0;0;0.0399120421375507;0;0;8.1147193081897e-18;0;0;0
"1";21;"Small.bee.1.8.6";2;1;1;1.57142857142857;0.571428571428571;1;0.24286515149071;0;0;0.0350670103313124;0.19158334728689;0;2
"2";1;"A3 LEMA";0;0;0;0;0;0;0.0886692081095131;0;0;0;0;0;0
"2";2;"A5 LEMA";0;0;0;0;0;0;0.0886692081095131;0;0;0;0;0;0
"2";3;"B6 LEMA";0;0;0;0;0;0;0.0886692081095131;0;0;0;0;0;0
"2";4;"C2 LEMA";0;0;0;0;0;0;0.0886692081095131;0;0;0;0;0;0
"2";5;"C3 LEMA";0;0;0;0;0;0;0.0886692081095131;0;0;0;0;0;0
"2";6;"C6 LEMA";0;0;0;0;0;0;0.0886692081095131;0;0;0;0;0;0
"2";7;"C6 PUPA";4;2;2;2.2;1.2;1;0.644446369779934;0;0.420695782710004;0;0.999913336633134;0;2
"2";8;"D6 LEMA";0;0;0;0;0;0;0.0886692081095131;0;0;0;0;0;0
"2";9;"E5 PUPA";2;1;1;1.6;0.6;1;0.598669208109513;0;1;0;1;0;2
"2";10;"E6 LEMA";0;0;0;0;0;0;0.0886692081095131;0;0;0;0;0;0
"2";11;"F3 PUPA";2;1;1;1.2;0.2;1;0.258669208109513;0;1;0;0.333333333333333;0;2
"2";12;"F4 LEMA";0;0;0;0;0;0;0.0886692081095131;0;0;0;0;0;0
"2";13;"F5 LEMA";0;0;0;0;0;0;0.0886692081095131;0;0;0;0;0;0
"2";14;"F6 LEMA";0;0;0;0;0;0;0.0886692081095131;0;0;0;0;0;0
"2";15;"Brassicogethes";0;0;0;0;0;0;0.0886692081095131;0;0;0;0;0;0
"2";16;"Malachius_bipustulatus";0;0;0;0;0;0;0.0886692081095131;0;0;0;0;0;0
"2";17;"Muscidae";0;0;0;0;0;0;0.0886692081095131;0;0;0;0;0;0
"2";18;"Oedemeridae";0;0;0;0;0;0;0.0886692081095131;0;0;0;0;0;0
"2";19;"Psilothrix_viridicoerulea";0;0;0;0;0;0;0.0886692081095131;0;0;0;0;0;0
"2";20;"Small.bee.1.16.6";6;3;3;3.33333333333333;2.33333333333333;1;1;0;1.63809069101576e-16;1;-1.66673000006673;0;2
"2";21;"Small.bee.1.8.6";2;1;1;1.66666666666667;0.666666666666667;1;0.453855484318142;0;2.86665870927757e-16;0.131043674065006;-0.666633335733218;0;2
"Aggr";1;"A3 LEMA";4;2;2;1.33333333333333;0.333333333333333;1;0.283748052454204;0.0897680278962206;0.841918417913909;4.10281206986545e-17;0.0897918717453075;0;4
"Aggr";2;"A5 LEMA";2;1;1;1.16666666666667;0.166666666666667;1;0.142081385787538;0.0209477431185435;0.604796044784772;1.15049217930452e-17;0.0209585939324204;0;2
"Aggr";3;"B6 LEMA";2;1;1;1.16666666666667;0.166666666666667;1;0.142081385787538;0.0209477431185435;0.604796044784772;1.15049217930452e-17;0.0209585939324204;0;2
"Aggr";4;"C2 LEMA";4;2;2;1.19444444444444;0.194444444444444;1;0.186083136901702;0.0563540614110565;0.86826534826159;1.85279339791306e-17;0.0563681488414683;0;4
"Aggr";5;"C3 LEMA";2;1;1;1.08333333333333;0.0833333333333333;1;0.0916386924572575;0.0104738715592717;0.604796044784772;1.4694858672659e-17;0.0104792969662102;0;2
"Aggr";6;"C6 LEMA";6;3;3;3.11111111111111;2.11111111111111;1;0.369835091900791;0.985065825695721;0.309206334095853;1.27429075442438e-17;0.985075618109944;0;2
"Aggr";7;"C6 PUPA";4;2;2;2.2;1.2;1;0.278835798953445;0.94155958071046;0.0269323517414915;3.26180394602659e-17;0.941558065607394;0;2
"Aggr";8;"D6 LEMA";4;2;2;1.13888888888889;0.138888888888889;1;0.13886091467948;0.0334139664851641;0.802398022392386;7.31350174122763e-18;0.0334237229038392;0;4
"Aggr";9;"E5 PUPA";2;1;1;1.6;0.6;1;0.271098045919917;0.304943217431793;0.0029892867261629;7.8097856870972e-18;0.304948971088423;0;2
"Aggr";10;"E6 LEMA";8;4;4;3.63888888888889;2.63888888888889;1;0.674311132001025;0.217584891768819;0.736577079966255;1.20059110258267e-16;0.21764915667563;0;4
"Aggr";11;"F3 PUPA";2;1;1;1.2;0.2;1;0.117830014724624;0.101647739143931;0.0029892867261629;3.0064306900482e-19;0.101649657029474;0;2
"Aggr";12;"F4 LEMA";2;1;1;1.05555555555556;0.0555555555555556;1;0.0884182213491995;0.0229400949258924;1;0;0.022944425937629;0;2
"Aggr";13;"F5 LEMA";2;1;1;1.05555555555556;0.0555555555555556;1;0.0884182213491995;0.0229400949258924;1;0;0.022944425937629;0;2
"Aggr";14;"F6 LEMA";2;1;1;1.05555555555556;0.0555555555555556;1;0.0884182213491995;0.0229400949258924;1;0;0.022944425937629;0;2
"Aggr";15;"Brassicogethes";16;8;8;6.63571428571429;5.63571428571429;1;1;0.491625059001333;0;1;0.491716880625871;0;4
"Aggr";16;"Malachius_bipustulatus";2;1;1;1.14285714285714;0.142857142857143;1;0.0861045460006447;0.118195493103478;0;0.00882880167434975;0.118196195550293;0;2
"Aggr";17;"Muscidae";2;1;1;1.08333333333333;0.0833333333333333;1;0.0889597043103832;0.0152293439285502;0;0.0122684126203746;0.015234103505633;0;2
"Aggr";18;"Oedemeridae";2;1;1;1.08333333333333;0.0833333333333333;1;0.0889597043103832;0.0152293439285502;0;0.0122684126203746;0.015234103505633;0;2
"Aggr";19;"Psilothrix_viridicoerulea";14;7;7;5.48333333333333;4.48333333333333;1;0.712132141133369;0.149642441612494;0;0.604796044784772;0.149715540036597;0;4
"Aggr";20;"Small.bee.1.16.6";6;3;3;3.33333333333333;2.33333333333333;1;0.45078832704498;0.605109572894858;0;0.00298928672616291;0.605121128609929;0;2
"Aggr";21;"Small.bee.1.8.6";4;2;2;3.23809523809524;1.23809523809524;2;0.378837139361933;1;0;0.0389038842491558;1;0;2
