"Layer";"Node";"Label";"Degree";"DegreeIn";"DegreeOut";"Strength";"StrengthIn";"StrengthOut";"PageRank";"Eigenvector";"Hub";"Authority";"Katz";"Multiplexity";"Kcore"
"1";1;"A6 LEMA";2;1;1;1.20833333333333;0.208333333333333;1;0.145300964717843;0;0.492592191824094;0;0.555557404696412;0;2
"1";2;"A6 PUPA";0;0;0;0;0;0;0.0262691619688135;0;0;0;0;0;0
"1";3;"B4 LEMA";2;1;1;1.04166666666667;0.0416666666666667;1;0.0500755225186195;0;0.492592191824094;0;0.111111480939282;0;2
"1";4;"B5 LEMA";6;3;3;2.10833333333333;1.10833333333333;1;0.143353984124384;0;0.500281041579184;0;0.4444282646792;0;4
"1";5;"B6 LEMA";2;1;1;1.04166666666667;0.0416666666666667;1;0.0500755225186195;0;0.492592191824094;0;0.111111480939282;0;2
"1";6;"C2 LEMA";2;1;1;1.025;0.025;1;0.0475191619688135;0;1;0;0.11111106488259;0;2
"1";7;"C4 LEMA";2;1;1;1.075;0.075;1;0.0900191619688135;0;1;0;0.333333194647769;0;2
"1";8;"C5 LEMA";2;1;1;2;1;1;0.175127746458757;0;2.16874067532296e-17;0;-7.07075947945954e-06;0;2
"1";9;"C6 LEMA";4;2;2;1.06666666666667;0.0666666666666667;1;0.0713255225186195;0;0.746296095912047;0;0.222222545821872;0;4
"1";10;"D1 LEMA";2;1;1;1.04166666666667;0.0416666666666667;1;0.0500755225186195;0;0.492592191824094;0;0.111111480939282;0;2
"1";11;"D2 LEMA";6;3;3;2.15;1.15;1;0.186081709714673;0;0.418894618768198;0;0.666647453590493;0;4
"1";12;"D5 LEMA";2;1;1;1.05;0.05;1;0.0687691619688135;0;1;0;0.222222129765179;0;2
"1";13;"E1 LEMA";6;3;3;2.18333333333333;1.18333333333333;1;0.202066857059884;0;0.714026345591367;0;0.77776169097925;0;4
"1";14;"F1 LEMA";4;2;2;1.55;0.55;1;0.101562984480115;0;0.679980165675371;0;0.333325346443078;0;4
"1";15;"F2 LEMA";4;2;2;1.24166666666667;0.241666666666667;1;0.22007552251862;0;0.943621354647122;0;1;0;4
"1";16;"F3 LEMA";4;2;2;1.225;0.225;1;0.182688243618231;0;0.782539510781755;0;0.777778702348206;0;4
"1";17;"F4 LEMA";4;2;2;1.20833333333333;0.208333333333333;1;0.180131883068425;0;0.855026340521169;0;0.777778286291513;0;4
"1";18;"F5 LEMA";2;1;1;1.05;0.05;1;0.0687691619688135;0;1;0;0.222222129765179;0;2
"1";19;"F6 LEMA";6;3;3;1.73333333333333;0.733333333333333;1;0.234175705579727;0;0.780569431186033;0;0.999992567852001;0;4
"1";20;"bee_1.1.2006";2;1;1;1.33333333333333;0.333333333333333;1;0.0789923130546376;0;1.73499254025837e-16;0.0177955685684524;-0.222218309521403;0;2
"1";21;"Brassicogethes";26;13;13;9.99603174603174;8.99603174603175;1;1;0;0;1;-4.44450118176366;0;4
"1";22;"Elateridae";2;1;1;1.14285714285714;0.142857142857143;1;0.0508058517546565;0;8.67496270129183e-17;0.0130000354913852;-0.111109722115799;0;2
"1";23;"Musca_sp.";2;1;1;1.25;0.25;1;0.0567318835952451;0;8.67496270129183e-17;0.0159397826685481;-0.111109490461201;0;2
"1";24;"Psilothrix_viridicoerulea";24;12;12;7.83333333333333;6.83333333333333;1;0.672179591994521;0;3.46998508051673e-16;0.492592191824092;-2.66671635115454;0;4
"1";25;"Small.bee.1.16.6";0;0;0;0;0;0;0.0262691619688135;0;0;0;0;0;0
"1";26;"Tachinidae";2;1;1;2;1;1;0.175127746458757;0;2.16874067532296e-17;0;-7.07075947945369e-06;0;2
"1";27;"Ulidiidae";4;2;2;1.44444444444444;0.444444444444444;1;0.0771619353207091;0;1.73499254025837e-16;0.0399404970261149;-0.222222797032019;0;4
"2";1;"A6 LEMA";0;0;0;0;0;0;0.15;0;0;0;0;0;0
"2";2;"A6 PUPA";2;1;1;2;1;1;1;0;1;0;1;0;2
"2";3;"B4 LEMA";0;0;0;0;0;0;0.15;0;0;0;0;0;0
"2";4;"B5 LEMA";0;0;0;0;0;0;0.15;0;0;0;0;0;0
"2";5;"B6 LEMA";0;0;0;0;0;0;0.15;0;0;3.92523114670944e-17;0;0;0
"2";6;"C2 LEMA";0;0;0;0;0;0;0.15;0;0;0;0;0;0
"2";7;"C4 LEMA";0;0;0;0;0;0;0.15;0;0;0;0;0;0
"2";8;"C5 LEMA";0;0;0;0;0;0;0.15;0;3.92523114670944e-17;0;0;0;0
"2";9;"C6 LEMA";0;0;0;0;0;0;0.15;0;0;0;0;0;0
"2";10;"D1 LEMA";0;0;0;0;0;0;0.15;0;0;0;0;0;0
"2";11;"D2 LEMA";0;0;0;0;0;0;0.15;0;0;0;0;0;0
"2";12;"D5 LEMA";0;0;0;0;0;0;0.15;0;0;3.92523114670944e-17;0;0;0
"2";13;"E1 LEMA";0;0;0;0;0;0;0.15;0;0;0;0;0;0
"2";14;"F1 LEMA";0;0;0;0;0;0;0.15;0;0;0;0;0;0
"2";15;"F2 LEMA";0;0;0;0;0;0;0.15;0;0;0;0;0;0
"2";16;"F3 LEMA";0;0;0;0;0;0;0.15;0;0;0;0;0;0
"2";17;"F4 LEMA";0;0;0;0;0;0;0.15;0;3.92523114670944e-17;0;0;0;0
"2";18;"F5 LEMA";0;0;0;0;0;0;0.15;0;0;0;0;0;0
"2";19;"F6 LEMA";0;0;0;0;0;0;0.15;0;0;0;0;0;0
"2";20;"bee_1.1.2006";0;0;0;0;0;0;0.15;0;0;0;0;0;0
"2";21;"Brassicogethes";0;0;0;0;0;0;0.15;0;3.92523114670944e-17;0;0;0;0
"2";22;"Elateridae";0;0;0;0;0;0;0.15;0;0;0;0;0;0
"2";23;"Musca_sp.";0;0;0;0;0;0;0.15;0;0;0;0;0;0
"2";24;"Psilothrix_viridicoerulea";0;0;0;0;0;0;0.15;0;0;0;0;0;0
"2";25;"Small.bee.1.16.6";2;1;1;2;1;1;1;0;0;1;1;0;2
"2";26;"Tachinidae";0;0;0;0;0;0;0.15;0;7.85046229341887e-17;0;0;0;0
"2";27;"Ulidiidae";0;0;0;0;0;0;0.15;0;0;0;0;0;0
"Aggr";1;"A6 LEMA";2;1;1;1.20833333333333;0.208333333333333;1;0.145300964717843;0.125;0.492592191824093;0;0.125000195647288;0;2
"Aggr";2;"A6 PUPA";2;1;1;2;1;1;0.175127746458757;0.152170084501144;2.16874067532296e-17;0;0.152174128037658;0;2
"Aggr";3;"B4 LEMA";2;1;1;1.04166666666667;0.0416666666666667;1;0.0500755225186195;0.025;0.492592191824093;0;0.0250000391294577;0;2
"Aggr";4;"B5 LEMA";6;3;3;2.10833333333333;1.10833333333333;1;0.143353984124384;0.1;0.500281041579184;0;0.100001691292383;0;4
"Aggr";5;"B6 LEMA";2;1;1;1.04166666666667;0.0416666666666667;1;0.0500755225186195;0.025;0.492592191824093;0;0.0250000391294577;0;2
"Aggr";6;"C2 LEMA";2;1;1;1.025;0.025;1;0.0475191619688135;0.025;1;0;0.024999788043532;0;2
"Aggr";7;"C4 LEMA";2;1;1;1.075;0.075;1;0.0900191619688135;0.0750000000000001;1;0;0.074999364130596;0;2
"Aggr";8;"C5 LEMA";2;1;1;2;1;1;0.175127746458757;0.152165395281547;2.16874067532296e-17;0;0.152174128037658;0;2
"Aggr";9;"C6 LEMA";4;2;2;1.06666666666667;0.0666666666666667;1;0.0713255225186195;0.0500000000000001;0.746296095912047;0;0.0499998271729897;0;4
"Aggr";10;"D1 LEMA";2;1;1;1.04166666666667;0.0416666666666667;1;0.0500755225186195;0.025;0.492592191824093;0;0.0250000391294577;0;2
"Aggr";11;"D2 LEMA";6;3;3;2.15;1.15;1;0.186081709714673;0.15;0.418894618768197;0;0.150001401616294;0;4
"Aggr";12;"D5 LEMA";2;1;1;1.05;0.05;1;0.0687691619688135;0.0500000000000001;1;0;0.049999576087064;0;2
"Aggr";13;"E1 LEMA";6;3;3;2.18333333333333;1.18333333333333;1;0.202066857059884;0.175;0.714026345591367;0;0.175000547825479;0;4
"Aggr";14;"F1 LEMA";4;2;2;1.55;0.55;1;0.101562984480115;0.075;0.679980165675372;0;0.0750001701873391;0;4
"Aggr";15;"F2 LEMA";4;2;2;1.24166666666667;0.241666666666667;1;0.22007552251862;0.225;0.943621354647122;0;0.224998343477714;0;4
"Aggr";16;"F3 LEMA";4;2;2;1.225;0.225;1;0.182688243618231;0.175;0.782539510781755;0;0.174999269562501;0;4
"Aggr";17;"F4 LEMA";4;2;2;1.20833333333333;0.208333333333333;1;0.180131883068425;0.175;0.85502634052117;0;0.174999018476575;0;4
"Aggr";18;"F5 LEMA";2;1;1;1.05;0.05;1;0.0687691619688135;0.0500000000000001;1;0;0.049999576087064;0;2
"Aggr";19;"F6 LEMA";6;3;3;1.73333333333333;0.733333333333333;1;0.234175705579727;0.225;0.780569431186034;0;0.224999400620382;0;4
"Aggr";20;"bee_1.1.2006";2;1;1;1.33333333333333;0.333333333333333;1;0.0789923130546376;0.0500000000000002;2.16874067532296e-17;0.0177955685684524;0.0500004744478526;0;2
"Aggr";21;"Brassicogethes";26;13;13;9.99603174603174;8.99603174603175;1;1;1;1.04099552415502e-15;1;1;0;4
"Aggr";22;"Elateridae";2;1;1;1.14285714285714;0.142857142857143;1;0.0508058517546565;0.0249999999999999;8.67496270129183e-17;0.0130000354913852;0.0250000456516116;0;2
"Aggr";23;"Musca_sp.";2;1;1;1.25;0.25;1;0.0567318835952451;0.0250000000000001;0;0.0159397826685481;0.0250005532541876;0;2
"Aggr";24;"Psilothrix_viridicoerulea";24;12;12;7.83333333333333;6.83333333333333;1;0.672179591994521;0.6;6.93997016103346e-16;0.492592191824093;0.600005417419879;0;4
"Aggr";25;"Small.bee.1.16.6";2;1;1;2;1;1;0.175127746458757;0.152170084501144;2.16874067532296e-17;0;0.152174128037658;0;2
"Aggr";26;"Tachinidae";2;1;1;2;1;1;0.175127746458757;0.152165395281547;2.16874067532296e-17;0;0.152174128037658;0;2
"Aggr";27;"Ulidiidae";4;2;2;1.44444444444444;0.444444444444444;1;0.0771619353207091;0.05;0;0.0399404970261149;0.0500001664609344;0;4
