"Layer";"Node";"Label";"Degree";"DegreeIn";"DegreeOut";"Strength";"StrengthIn";"StrengthOut";"PageRank";"Eigenvector";"Hub";"Authority";"Katz";"Multiplexity";"Kcore"
"1";1;"A1 CHFU";0;0;0;0;0;0;0.15;0;0;0;0;0;0
"1";2;"A1 LEMA";0;0;0;0;0;0;0.15;0;2.18843294642828e-17;1.62429514969475e-17;0;0;0
"1";3;"A2 LEMA";0;0;0;0;0;0;0.15;0;0;0;0;0;0
"1";4;"A3 CETE";2;1;1;2;1;1;1;1;0;0;1;0;2
"1";5;"A3 LEMA";0;0;0;0;0;0;0.15;0;0;1.62429514969475e-17;0;0;0
"1";6;"A3 PUPA";0;0;0;0;0;0;0.15;0;0;0;0;0;0
"1";7;"A4 CHFU";0;0;0;0;0;0;0.15;0;0;0;0;0;0
"1";8;"A4 CHMI";0;0;0;0;0;0;0.15;0;0;0;0;0;0
"1";9;"A4 LEMA";0;0;0;0;0;0;0.15;0;0;0;0;0;0
"1";10;"A4 PUPA";0;0;0;0;0;0;0.15;0;2.18843294642828e-17;0;0;0;0
"1";11;"A5 LEMA";0;0;0;0;0;0;0.15;0;0;0;0;0;0
"1";12;"A6 LEMA";0;0;0;0;0;0;0.15;0;2.18843294642828e-17;1.62429514969475e-17;0;0;0
"1";13;"B1 LEMA";0;0;0;0;0;0;0.15;0;0;1.62429514969475e-17;0;0;0
"1";14;"B1 PUPA";0;0;0;0;0;0;0.15;0;0;1.62429514969475e-17;0;0;0
"1";15;"B2 LEMA";0;0;0;0;0;0;0.15;0;0;0;0;0;0
"1";16;"B3 CHFU";0;0;0;0;0;0;0.15;0;0;0;0;0;0
"1";17;"B3 LEMA";0;0;0;0;0;0;0.15;0;0;1.62429514969475e-17;0;0;0
"1";18;"B4 LEMA";0;0;0;0;0;0;0.15;0;0;0;0;0;0
"1";19;"B4 PUPA";0;0;0;0;0;0;0.15;0;2.18843294642828e-17;1.62429514969475e-17;0;0;0
"1";20;"B5 CETE";2;1;1;2;1;1;1;0.999948718204117;0.529262721312284;0;1;0;2
"1";21;"B5 LEMA";0;0;0;0;0;0;0.15;0;0;0;0;0;0
"1";22;"B5 PUPA";0;0;0;0;0;0;0.15;0;2.18843294642828e-17;0;0;0;0
"1";23;"B6 CHFU";0;0;0;0;0;0;0.15;0;0;0;0;0;0
"1";24;"B6 LEMA";0;0;0;0;0;0;0.15;0;2.18843294642828e-17;0;0;0;0
"1";25;"C1 CHFU";0;0;0;0;0;0;0.15;0;2.18843294642828e-17;0;0;0;0
"1";26;"C1 CHMI";0;0;0;0;0;0;0.15;0;0;0;0;0;0
"1";27;"C1 LEMA";0;0;0;0;0;0;0.15;0;0;0;0;0;0
"1";28;"C2 CHMI";0;0;0;0;0;0;0.15;0;0;1.62429514969475e-17;0;0;0
"1";29;"C2 LEMA";0;0;0;0;0;0;0.15;0;0;0;0;0;0
"1";30;"C3 CHFU";0;0;0;0;0;0;0.15;0;2.18843294642828e-17;0;0;0;0
"1";31;"C3 LEMA";0;0;0;0;0;0;0.15;0;0;0;0;0;0
"1";32;"C3 PUPA";0;0;0;0;0;0;0.15;0;0;3.2485902993895e-17;0;0;0
"1";33;"C4 LEMA";0;0;0;0;0;0;0.15;0;0;1.62429514969475e-17;0;0;0
"1";34;"C5 LEMA";0;0;0;0;0;0;0.15;0;0;0;0;0;0
"1";35;"C6 CHFU";0;0;0;0;0;0;0.15;0;0;0;0;0;0
"1";36;"D1 CHFU";0;0;0;0;0;0;0.15;0;0;0;0;0;0
"1";37;"D2 CHFU";0;0;0;0;0;0;0.15;0;0;0;0;0;0
"1";38;"D2 LEMA";0;0;0;0;0;0;0.15;0;0;0;0;0;0
"1";39;"D3 LEMA";0;0;0;0;0;0;0.15;0;2.18843294642828e-17;0;0;0;0
"1";40;"D4 CHFU";0;0;0;0;0;0;0.15;0;0;0;0;0;0
"1";41;"D4 PUPA";0;0;0;0;0;0;0.15;0;0;0;0;0;0
"1";42;"D5 LEMA";0;0;0;0;0;0;0.15;0;0;1.62429514969475e-17;0;0;0
"1";43;"D5 PUPA";0;0;0;0;0;0;0.15;0;0;0;0;0;0
"1";44;"D6 LEMA";0;0;0;0;0;0;0.15;0;0;1.62429514969475e-17;0;0;0
"1";45;"E1 LEMA";0;0;0;0;0;0;0.15;0;0;1.62429514969475e-17;0;0;0
"1";46;"E1 PUPA";0;0;0;0;0;0;0.15;0;0;0;0;0;0
"1";47;"E2 LEMA";0;0;0;0;0;0;0.15;0;2.18843294642828e-17;1.62429514969475e-17;0;0;0
"1";48;"E2 PUPA";0;0;0;0;0;0;0.15;0;2.18843294642828e-17;0;0;0;0
"1";49;"E3 LEMA";0;0;0;0;0;0;0.15;0;2.18843294642828e-17;0;0;0;0
"1";50;"E4 CHFU";0;0;0;0;0;0;0.15;0;0;0;0;0;0
"1";51;"E4 LEMA";0;0;0;0;0;0;0.15;0;0;0;0;0;0
"1";52;"E5 LEMA";0;0;0;0;0;0;0.15;0;0;0;0;0;0
"1";53;"E6 LEMA";0;0;0;0;0;0;0.15;0;2.18843294642828e-17;0;0;0;0
"1";54;"F1 LEMA";0;0;0;0;0;0;0.15;0;2.18843294642828e-17;0;0;0;0
"1";55;"F1 PUPA";0;0;0;0;0;0;0.15;0;2.18843294642828e-17;0;0;0;0
"1";56;"F2 CHFU";0;0;0;0;0;0;0.15;0;0;0;0;0;0
"1";57;"F2 LEMA";0;0;0;0;0;0;0.15;0;0;0;0;0;0
"1";58;"F3 LEMA";0;0;0;0;0;0;0.15;0;0;1.62429514969475e-17;0;0;0
"1";59;"F4 CHFU";0;0;0;0;0;0;0.15;0;0;1.62429514969475e-17;0;0;0
"1";60;"F4 LEMA";0;0;0;0;0;0;0.15;0;0;0;0;0;0
"1";61;"F4 PUPA";0;0;0;0;0;0;0.15;0;0;0;0;0;0
"1";62;"F5 LEMA";0;0;0;0;0;0;0.15;0;0;1.62429514969475e-17;0;0;0
"1";63;"F6 CHFU";0;0;0;0;0;0;0.15;0;2.18843294642828e-17;0;0;0;0
"1";64;"F6 CHMI";0;0;0;0;0;0;0.15;0;2.18843294642828e-17;1.62429514969475e-17;0;0;0
"1";65;"F6 LEMA";0;0;0;0;0;0;0.15;0;0;0;0;0;0
"1";66;"F6 PUPA";0;0;0;0;0;0;0.15;0;0;1.62429514969475e-17;0;0;0
"1";67;"Andrena";2;1;1;2;1;1;1;0.999948718204117;1;0;1;0;2
"1";68;"Bee.sirphid";0;0;0;0;0;0;0.15;0;0;1.62429514969475e-17;0;0;0
"1";69;"Black_small_fly";0;0;0;0;0;0;0.15;0;2.18843294642828e-17;0;0;0;0
"1";70;"Bombilus_major";0;0;0;0;0;0;0.15;0;0;0;0;0;0
"1";71;"Bombylidae";0;0;0;0;0;0;0.15;0;0;0;0;0;0
"1";72;"Brassicogethes";0;0;0;0;0;0;0.15;0;0;0;0;0;0
"1";73;"Calliphoridae";0;0;0;0;0;0;0.15;0;2.18843294642828e-17;1.62429514969475e-17;0;0;0
"1";74;"Cerambycidae";0;0;0;0;0;0;0.15;0;0;0;0;0;0
"1";75;"Conophorus";0;0;0;0;0;0;0.15;0;0;0;0;0;0
"1";76;"Curculionidae_6_10_3";0;0;0;0;0;0;0.15;0;2.18843294642828e-17;1.62429514969475e-17;0;0;0
"1";77;"Dilophus";0;0;0;0;0;0;0.15;0;0;1.62429514969475e-17;0;0;0
"1";78;"Elateridae";0;0;0;0;0;0;0.15;0;0;0;0;0;0
"1";79;"Geometridae";0;0;0;0;0;0;0.15;0;2.18843294642828e-17;0;0;0;0
"1";80;"Malachius_bipustulatus";0;0;0;0;0;0;0.15;0;0;0;0;0;0
"1";81;"Musca.jar";0;0;0;0;0;0;0.15;0;0;0;0;0;0
"1";82;"Musca_sp.";0;0;0;0;0;0;0.15;0;0;1.62429514969475e-17;0;0;0
"1";83;"Muscidae";0;0;0;0;0;0;0.15;0;2.18843294642828e-17;1.62429514969475e-17;0;0;0
"1";84;"Pieris_brassicae";0;0;0;0;0;0;0.15;0;0;0;0;0;0
"1";85;"Psilothrix_viridicoerulea";0;0;0;0;0;0;0.15;0;0;0;0;0;0
"1";86;"Rainbow_beetle";0;0;0;0;0;0;0.15;0;0;0;0;0;0
"1";87;"Sarcophaga";0;0;0;0;0;0;0.15;0;0;1.62429514969475e-17;0;0;0
"1";88;"Small.bee.1.18.6";2;1;1;2;1;1;1;1;0;1;1;0;2
"1";89;"Small.bee.1.8.6";0;0;0;0;0;0;0.15;0;0;0;0;0;0
"1";90;"Sphaerophoria_scripta";0;0;0;0;0;0;0.15;0;0;0;0;0;0
"1";91;"Tabanidae";0;0;0;0;0;0;0.15;0;2.18843294642828e-17;0;0;0;0
"1";92;"Ulidiidae";0;0;0;0;0;0;0.15;0;0;0;0;0;0
"1";93;"X1.29.5";0;0;0;0;0;0;0.15;0;0;1.62429514969475e-17;0;0;0
"2";1;"A1 CHFU";2;1;1;1.1;0.1;1;0.11961180175238;0.1;1;1.39070145739634e-17;0.0446604904693242;0;2
"2";2;"A1 LEMA";0;0;0;0;0;0;0.03461180175238;0;1.83598222564467e-17;6.95350728698172e-18;0;0;0
"2";3;"A2 LEMA";0;0;0;0;0;0;0.03461180175238;2.95079759537768e-18;1.83598222564467e-17;6.95350728698172e-18;0;0;0
"2";4;"A3 CETE";0;0;0;0;0;0;0.03461180175238;0;1.83598222564467e-17;6.95350728698172e-18;0;0;0
"2";5;"A3 LEMA";0;0;0;0;0;0;0.03461180175238;0;1.83598222564467e-17;6.95350728698172e-18;0;0;0
"2";6;"A3 PUPA";0;0;0;0;0;0;0.03461180175238;0;1.83598222564467e-17;6.95350728698172e-18;0;0;0
"2";7;"A4 CHFU";2;1;1;1.1;0.1;1;0.11961180175238;0.1;1;1.39070145739634e-17;0.0446604904693242;0;2
"2";8;"A4 CHMI";0;0;0;0;0;0;0.03461180175238;0;1.83598222564467e-17;6.95350728698172e-18;0;0;0
"2";9;"A4 LEMA";0;0;0;0;0;0;0.03461180175238;0;1.83598222564467e-17;6.95350728698172e-18;0;0;0
"2";10;"A4 PUPA";0;0;0;0;0;0;0.03461180175238;0;1.83598222564467e-17;6.95350728698172e-18;0;0;0
"2";11;"A5 LEMA";0;0;0;0;0;0;0.03461180175238;0;1.83598222564467e-17;6.95350728698172e-18;0;0;0
"2";12;"A6 LEMA";0;0;0;0;0;0;0.03461180175238;0;1.83598222564467e-17;6.95350728698172e-18;0;0;0
"2";13;"B1 LEMA";0;0;0;0;0;0;0.03461180175238;0;1.83598222564467e-17;6.95350728698172e-18;0;0;0
"2";14;"B1 PUPA";0;0;0;0;0;0;0.03461180175238;0;1.83598222564467e-17;6.95350728698172e-18;0;0;0
"2";15;"B2 LEMA";0;0;0;0;0;0;0.03461180175238;0;1.83598222564467e-17;6.95350728698172e-18;0;0;0
"2";16;"B3 CHFU";2;1;1;2;1;1;0.230745345015867;0;1.1015893353868e-16;0;0.161929284095622;0;2
"2";17;"B3 LEMA";0;0;0;0;0;0;0.03461180175238;0;1.83598222564467e-17;6.95350728698172e-18;0;0;0
"2";18;"B4 LEMA";0;0;0;0;0;0;0.03461180175238;7.76980731739254e-19;1.83598222564467e-17;6.95350728698172e-18;0;0;0
"2";19;"B4 PUPA";0;0;0;0;0;0;0.03461180175238;0;1.83598222564467e-17;6.95350728698172e-18;0;0;0
"2";20;"B5 CETE";0;0;0;0;0;0;0.03461180175238;0;1.83598222564467e-17;6.95350728698172e-18;0;0;0
"2";21;"B5 LEMA";0;0;0;0;0;0;0.03461180175238;0;1.83598222564467e-17;6.95350728698172e-18;0;0;0
"2";22;"B5 PUPA";0;0;0;0;0;0;0.03461180175238;0;1.83598222564467e-17;6.95350728698172e-18;0;0;0
"2";23;"B6 CHFU";2;1;1;2;1;1;0.230745345015867;0;1.1015893353868e-16;0;0.161929284095622;0;2
"2";24;"B6 LEMA";0;0;0;0;0;0;0.03461180175238;7.76980731739254e-19;1.83598222564467e-17;6.95350728698172e-18;0;0;0
"2";25;"C1 CHFU";2;1;1;1.1;0.1;1;0.11961180175238;0.1;1;1.39070145739634e-17;0.0446604904693242;0;2
"2";26;"C1 CHMI";0;0;0;0;0;0;0.03461180175238;0;1.83598222564467e-17;6.95350728698172e-18;0;0;0
"2";27;"C1 LEMA";0;0;0;0;0;0;0.03461180175238;2.95079759537768e-18;1.83598222564467e-17;6.95350728698172e-18;0;0;0
"2";28;"C2 CHMI";0;0;0;0;0;0;0.03461180175238;2.95079759537768e-18;1.83598222564467e-17;6.95350728698172e-18;0;0;0
"2";29;"C2 LEMA";0;0;0;0;0;0;0.03461180175238;0;1.83598222564467e-17;6.95350728698172e-18;0;0;0
"2";30;"C3 CHFU";4;2;2;2.1;1.1;1;0.233317938539183;0.200000000000001;0.518596911220449;2.78140291479269e-17;0.180138222844457;0;2
"2";31;"C3 LEMA";0;0;0;0;0;0;0.03461180175238;0;1.83598222564467e-17;6.95350728698172e-18;0;0;0
"2";32;"C3 PUPA";0;0;0;0;0;0;0.03461180175238;2.95079759537768e-18;1.83598222564467e-17;6.95350728698172e-18;0;0;0
"2";33;"C4 LEMA";0;0;0;0;0;0;0.03461180175238;0;1.83598222564467e-17;6.95350728698172e-18;0;0;0
"2";34;"C5 LEMA";0;0;0;0;0;0;0.03461180175238;0;1.83598222564467e-17;6.95350728698172e-18;0;0;0
"2";35;"C6 CHFU";2;1;1;2;1;1;0.230745345015867;0.444669623167937;1.1015893353868e-16;0;0.161929284095622;0;2
"2";36;"D1 CHFU";2;1;1;2;1;1;0.230745345015867;0.0467897354000286;1.1015893353868e-16;0;0.161929284095622;0;2
"2";37;"D2 CHFU";2;1;1;1.1;0.1;1;0.11961180175238;0.1;1;1.39070145739634e-17;0.0446604904693242;0;2
"2";38;"D2 LEMA";0;0;0;0;0;0;0.03461180175238;0;1.83598222564467e-17;6.95350728698172e-18;0;0;0
"2";39;"D3 LEMA";0;0;0;0;0;0;0.03461180175238;0;1.83598222564467e-17;6.95350728698172e-18;0;0;0
"2";40;"D4 CHFU";2;1;1;1.1;0.1;1;0.11961180175238;0.1;1;1.39070145739634e-17;0.0446604904693242;0;2
"2";41;"D4 PUPA";0;0;0;0;0;0;0.03461180175238;0;1.83598222564467e-17;6.95350728698172e-18;0;0;0
"2";42;"D5 LEMA";0;0;0;0;0;0;0.03461180175238;7.76980731739254e-19;1.83598222564467e-17;6.95350728698172e-18;0;0;0
"2";43;"D5 PUPA";0;0;0;0;0;0;0.03461180175238;2.95079759537768e-18;1.83598222564467e-17;6.95350728698172e-18;0;0;0
"2";44;"D6 LEMA";0;0;0;0;0;0;0.03461180175238;2.95079759537768e-18;1.83598222564467e-17;6.95350728698172e-18;0;0;0
"2";45;"E1 LEMA";0;0;0;0;0;0;0.03461180175238;0;1.83598222564467e-17;6.95350728698172e-18;0;0;0
"2";46;"E1 PUPA";0;0;0;0;0;0;0.03461180175238;0;1.83598222564467e-17;6.95350728698172e-18;0;0;0
"2";47;"E2 LEMA";0;0;0;0;0;0;0.03461180175238;0;1.83598222564467e-17;6.95350728698172e-18;0;0;0
"2";48;"E2 PUPA";0;0;0;0;0;0;0.03461180175238;2.95079759537768e-18;1.83598222564467e-17;6.95350728698172e-18;0;0;0
"2";49;"E3 LEMA";0;0;0;0;0;0;0.03461180175238;0;1.83598222564467e-17;6.95350728698172e-18;0;0;0
"2";50;"E4 CHFU";4;2;2;1.7;0.7;1;0.293574679261112;0.299999999999999;0.678376392367346;0;0.165601244973303;0;4
"2";51;"E4 LEMA";0;0;0;0;0;0;0.03461180175238;0;1.83598222564467e-17;6.95350728698172e-18;0;0;0
"2";52;"E5 LEMA";0;0;0;0;0;0;0.03461180175238;0;1.83598222564467e-17;6.95350728698172e-18;0;0;0
"2";53;"E6 LEMA";0;0;0;0;0;0;0.03461180175238;0;1.83598222564467e-17;6.95350728698172e-18;0;0;0
"2";54;"F1 LEMA";0;0;0;0;0;0;0.03461180175238;0;1.83598222564467e-17;6.95350728698172e-18;0;0;0
"2";55;"F1 PUPA";0;0;0;0;0;0;0.03461180175238;0;1.83598222564467e-17;6.95350728698172e-18;0;0;0
"2";56;"F2 CHFU";4;2;2;2;1;1;0.215372055195082;0.199999999999998;0.0375584417864296;0;0.155990181807881;0;4
"2";57;"F2 LEMA";0;0;0;0;0;0;0.03461180175238;0;1.83598222564467e-17;6.95350728698172e-18;0;0;0
"2";58;"F3 LEMA";0;0;0;0;0;0;0.03461180175238;0;1.83598222564467e-17;6.95350728698172e-18;0;0;0
"2";59;"F4 CHFU";4;2;2;1.6;0.6;1;0.21140917768635;0.199999999999999;0.51999385323541;2.78140291479269e-17;0.12437040824255;0;4
"2";60;"F4 LEMA";0;0;0;0;0;0;0.03461180175238;0;1.83598222564467e-17;6.95350728698172e-18;0;0;0
"2";61;"F4 PUPA";0;0;0;0;0;0;0.03461180175238;0;1.83598222564467e-17;6.95350728698172e-18;0;0;0
"2";62;"F5 LEMA";0;0;0;0;0;0;0.03461180175238;2.95079759537768e-18;1.83598222564467e-17;6.95350728698172e-18;0;0;0
"2";63;"F6 CHFU";2;1;1;1.1;0.1;1;0.11961180175238;0.1;1;1.39070145739634e-17;0.0446604904693242;0;2
"2";64;"F6 CHMI";0;0;0;0;0;0;0.03461180175238;0;1.83598222564467e-17;6.95350728698172e-18;0;0;0
"2";65;"F6 LEMA";0;0;0;0;0;0;0.03461180175238;2.95079759537768e-18;1.83598222564467e-17;6.95350728698172e-18;0;0;0
"2";66;"F6 PUPA";0;0;0;0;0;0;0.03461180175238;0;1.83598222564467e-17;6.95350728698172e-18;0;0;0
"2";67;"Andrena";0;0;0;0;0;0;0.03461180175238;0;1.83598222564467e-17;6.95350728698172e-18;0;0;0
"2";68;"Bee.sirphid";0;0;0;0;0;0;0.03461180175238;0;1.83598222564467e-17;6.95350728698172e-18;0;0;0
"2";69;"Black_small_fly";2;1;1;2;1;1;0.230745345015867;0;1.1015893353868e-16;0;0.161929284095622;0;2
"2";70;"Bombilus_major";0;0;0;0;0;0;0.03461180175238;7.29843132265453e-18;1.83598222564467e-17;6.95350728698172e-18;0;0;0
"2";71;"Bombylidae";0;0;0;0;0;0;0.03461180175238;2.95079759537768e-18;1.83598222564467e-17;6.95350728698172e-18;0;0;0
"2";72;"Brassicogethes";2;1;1;2;1;1;0.230745345015867;0;1.1015893353868e-16;0;0.161929284095622;0;2
"2";73;"Calliphoridae";0;0;0;0;0;0;0.03461180175238;0;1.83598222564467e-17;6.95350728698172e-18;0;0;0
"2";74;"Cerambycidae";0;0;0;0;0;0;0.03461180175238;2.95079759537768e-18;1.83598222564467e-17;6.95350728698172e-18;0;0;0
"2";75;"Conophorus";0;0;0;0;0;0;0.03461180175238;0;1.83598222564467e-17;6.95350728698172e-18;0;0;0
"2";76;"Curculionidae_6_10_3";2;1;1;1.5;0.5;1;0.133771925631533;0.1;7.34392890257869e-17;0.0371938224408981;0.0840572455956839;0;2
"2";77;"Dilophus";4;2;2;1.83333333333333;0.833333333333333;1;0.209324417667605;0.199999999999999;7.34392890257869e-17;0.0351291771020386;0.134348137337702;0;4
"2";78;"Elateridae";0;0;0;0;0;0;0.03461180175238;0;1.83598222564467e-17;6.95350728698172e-18;0;0;0
"2";79;"Geometridae";0;0;0;0;0;0;0.03461180175238;0;1.83598222564467e-17;6.95350728698172e-18;0;0;0
"2";80;"Malachius_bipustulatus";0;0;0;0;0;0;0.03461180175238;7.76980731739254e-19;1.83598222564467e-17;6.95350728698172e-18;0;0;0
"2";81;"Musca.jar";2;1;1;2;1;1;0.230745345015867;0.0467897354000287;1.1015893353868e-16;0;0.161929284095622;0;2
"2";82;"Musca_sp.";0;0;0;0;0;0;0.03461180175238;0;1.83598222564467e-17;6.95350728698172e-18;0;0;0
"2";83;"Muscidae";4;2;2;2;1;1;0.215993825726989;0.199999999999998;7.34392890257869e-17;0.0399877064708206;0.154541593721179;0;4
"2";84;"Pieris_brassicae";0;0;0;0;0;0;0.03461180175238;0;1.83598222564467e-17;6.95350728698172e-18;0;0;0
"2";85;"Psilothrix_viridicoerulea";2;1;1;2;1;1;0.230745345015867;0.444669623167937;1.1015893353868e-16;0;0.161929284095622;0;2
"2";86;"Rainbow_beetle";0;0;0;0;0;0;0.03461180175238;0;1.83598222564467e-17;6.95350728698172e-18;0;0;0
"2";87;"Sarcophaga";0;0;0;0;0;0;0.03461180175238;2.95079759537768e-18;1.83598222564467e-17;6.95350728698172e-18;0;0;0
"2";88;"Small.bee.1.18.6";0;0;0;0;0;0;0.03461180175238;0;1.83598222564467e-17;6.95350728698172e-18;0;0;0
"2";89;"Small.bee.1.8.6";0;0;0;0;0;0;0.03461180175238;2.95079759537768e-18;1.83598222564467e-17;6.95350728698172e-18;0;0;0
"2";90;"Sphaerophoria_scripta";0;0;0;0;0;0;0.03461180175238;7.76980731739254e-19;1.83598222564467e-17;6.95350728698172e-18;0;0;0
"2";91;"Tabanidae";0;0;0;0;0;0;0.03461180175238;0;1.83598222564467e-17;6.95350728698172e-18;0;0;0
"2";92;"Ulidiidae";18;9;9;8.66666666666667;7.66666666666667;1;1;1;8.81271468309443e-16;1;1;0;4
"2";93;"X1.29.5";0;0;0;0;0;0;0.03461180175238;5.12461445901611e-18;1.83598222564467e-17;6.95350728698172e-18;0;0;0
"3";1;"A1 CHFU";0;0;0;0;0;0;0.102777777777778;1;3.92523114670943e-17;1.38777878078145e-17;0;0;0
"3";2;"A1 LEMA";0;0;0;0;0;0;0.102777777777778;1;3.92523114670943e-17;1.38777878078145e-17;0;0;0
"3";3;"A2 LEMA";0;0;0;0;0;0;0.102777777777778;1;3.92523114670943e-17;1.38777878078145e-17;0;0;0
"3";4;"A3 CETE";0;0;0;0;0;0;0.102777777777778;1;3.92523114670943e-17;1.38777878078145e-17;0;0;0
"3";5;"A3 LEMA";0;0;0;0;0;0;0.102777777777778;1;3.92523114670943e-17;1.38777878078145e-17;0;0;0
"3";6;"A3 PUPA";0;0;0;0;0;0;0.102777777777778;1;3.92523114670943e-17;1.38777878078145e-17;0;0;0
"3";7;"A4 CHFU";0;0;0;0;0;0;0.102777777777778;1;3.92523114670943e-17;1.38777878078145e-17;0;0;0
"3";8;"A4 CHMI";2;1;1;1.33333333333333;0.333333333333333;1;0.386111111111111;4.62863155957379e-05;1;0;0.333332222218518;0;2
"3";9;"A4 LEMA";0;0;0;0;0;0;0.102777777777778;1;3.92523114670943e-17;1.38777878078145e-17;0;0;0
"3";10;"A4 PUPA";0;0;0;0;0;0;0.102777777777778;1;3.92523114670943e-17;1.38777878078145e-17;0;0;0
"3";11;"A5 LEMA";0;0;0;0;0;0;0.102777777777778;1;3.92523114670943e-17;1.38777878078145e-17;0;0;0
"3";12;"A6 LEMA";0;0;0;0;0;0;0.102777777777778;1;3.92523114670943e-17;1.38777878078145e-17;0;0;0
"3";13;"B1 LEMA";0;0;0;0;0;0;0.102777777777778;1;3.92523114670943e-17;1.38777878078145e-17;0;0;0
"3";14;"B1 PUPA";0;0;0;0;0;0;0.102777777777778;1;3.92523114670943e-17;1.38777878078145e-17;0;0;0
"3";15;"B2 LEMA";0;0;0;0;0;0;0.102777777777778;1;3.92523114670943e-17;1.38777878078145e-17;0;0;0
"3";16;"B3 CHFU";0;0;0;0;0;0;0.102777777777778;1;3.92523114670943e-17;1.38777878078145e-17;0;0;0
"3";17;"B3 LEMA";0;0;0;0;0;0;0.102777777777778;1;3.92523114670943e-17;1.38777878078145e-17;0;0;0
"3";18;"B4 LEMA";0;0;0;0;0;0;0.102777777777778;1;3.92523114670943e-17;1.38777878078145e-17;0;0;0
"3";19;"B4 PUPA";0;0;0;0;0;0;0.102777777777778;1;3.92523114670943e-17;1.38777878078145e-17;0;0;0
"3";20;"B5 CETE";0;0;0;0;0;0;0.102777777777778;1;3.92523114670943e-17;1.38777878078145e-17;0;0;0
"3";21;"B5 LEMA";0;0;0;0;0;0;0.102777777777778;1;3.92523114670943e-17;1.38777878078145e-17;0;0;0
"3";22;"B5 PUPA";0;0;0;0;0;0;0.102777777777778;1;3.92523114670943e-17;1.38777878078145e-17;0;0;0
"3";23;"B6 CHFU";0;0;0;0;0;0;0.102777777777778;1;3.92523114670943e-17;1.38777878078145e-17;0;0;0
"3";24;"B6 LEMA";0;0;0;0;0;0;0.102777777777778;1;3.92523114670943e-17;1.38777878078145e-17;0;0;0
"3";25;"C1 CHFU";0;0;0;0;0;0;0.102777777777778;1;3.92523114670943e-17;1.38777878078145e-17;0;0;0
"3";26;"C1 CHMI";4;2;2;2.2;1.2;1;0.782565201857806;0;1.57009245868377e-16;2.22044604925031e-16;0.799996000134847;0;2
"3";27;"C1 LEMA";0;0;0;0;0;0;0.102777777777778;1;3.92523114670943e-17;1.38777878078145e-17;0;0;0
"3";28;"C2 CHMI";2;1;1;1.66666666666667;0.666666666666667;1;0.669444444444444;0;1;0;0.666664444437037;0;2
"3";29;"C2 LEMA";0;0;0;0;0;0;0.102777777777778;1;3.92523114670943e-17;1.38777878078145e-17;0;0;0
"3";30;"C3 CHFU";0;0;0;0;0;0;0.102777777777778;1;3.92523114670943e-17;1.38777878078145e-17;0;0;0
"3";31;"C3 LEMA";0;0;0;0;0;0;0.102777777777778;1;3.92523114670943e-17;1.38777878078145e-17;0;0;0
"3";32;"C3 PUPA";0;0;0;0;0;0;0.102777777777778;1;3.92523114670943e-17;1.38777878078145e-17;0;0;0
"3";33;"C4 LEMA";0;0;0;0;0;0;0.102777777777778;1;3.92523114670943e-17;1.38777878078145e-17;0;0;0
"3";34;"C5 LEMA";0;0;0;0;0;0;0.102777777777778;1;3.92523114670943e-17;1.38777878078145e-17;0;0;0
"3";35;"C6 CHFU";0;0;0;0;0;0;0.102777777777778;1;3.92523114670943e-17;1.38777878078145e-17;0;0;0
"3";36;"D1 CHFU";0;0;0;0;0;0;0.102777777777778;1;3.92523114670943e-17;1.38777878078145e-17;0;0;0
"3";37;"D2 CHFU";0;0;0;0;0;0;0.102777777777778;1;3.92523114670943e-17;1.38777878078145e-17;0;0;0
"3";38;"D2 LEMA";0;0;0;0;0;0;0.102777777777778;1;3.92523114670943e-17;1.38777878078145e-17;0;0;0
"3";39;"D3 LEMA";0;0;0;0;0;0;0.102777777777778;1;3.92523114670943e-17;1.38777878078145e-17;0;0;0
"3";40;"D4 CHFU";0;0;0;0;0;0;0.102777777777778;1;3.92523114670943e-17;1.38777878078145e-17;0;0;0
"3";41;"D4 PUPA";0;0;0;0;0;0;0.102777777777778;1;3.92523114670943e-17;1.38777878078145e-17;0;0;0
"3";42;"D5 LEMA";0;0;0;0;0;0;0.102777777777778;1;3.92523114670943e-17;1.38777878078145e-17;0;0;0
"3";43;"D5 PUPA";0;0;0;0;0;0;0.102777777777778;1;3.92523114670943e-17;1.38777878078145e-17;0;0;0
"3";44;"D6 LEMA";0;0;0;0;0;0;0.102777777777778;1;3.92523114670943e-17;1.38777878078145e-17;0;0;0
"3";45;"E1 LEMA";0;0;0;0;0;0;0.102777777777778;1;3.92523114670943e-17;1.38777878078145e-17;0;0;0
"3";46;"E1 PUPA";0;0;0;0;0;0;0.102777777777778;1;3.92523114670943e-17;1.38777878078145e-17;0;0;0
"3";47;"E2 LEMA";0;0;0;0;0;0;0.102777777777778;1;3.92523114670943e-17;1.38777878078145e-17;0;0;0
"3";48;"E2 PUPA";0;0;0;0;0;0;0.102777777777778;1;3.92523114670943e-17;1.38777878078145e-17;0;0;0
"3";49;"E3 LEMA";0;0;0;0;0;0;0.102777777777778;1;3.92523114670943e-17;1.38777878078145e-17;0;0;0
"3";50;"E4 CHFU";0;0;0;0;0;0;0.102777777777778;1;3.92523114670943e-17;1.38777878078145e-17;0;0;0
"3";51;"E4 LEMA";0;0;0;0;0;0;0.102777777777778;1;3.92523114670943e-17;1.38777878078145e-17;0;0;0
"3";52;"E5 LEMA";0;0;0;0;0;0;0.102777777777778;1;3.92523114670943e-17;1.38777878078145e-17;0;0;0
"3";53;"E6 LEMA";0;0;0;0;0;0;0.102777777777778;1;3.92523114670943e-17;1.38777878078145e-17;0;0;0
"3";54;"F1 LEMA";0;0;0;0;0;0;0.102777777777778;1;3.92523114670943e-17;1.38777878078145e-17;0;0;0
"3";55;"F1 PUPA";0;0;0;0;0;0;0.102777777777778;1;3.92523114670943e-17;1.38777878078145e-17;0;0;0
"3";56;"F2 CHFU";0;0;0;0;0;0;0.102777777777778;1;3.92523114670943e-17;1.38777878078145e-17;0;0;0
"3";57;"F2 LEMA";0;0;0;0;0;0;0.102777777777778;1;3.92523114670943e-17;1.38777878078145e-17;0;0;0
"3";58;"F3 LEMA";0;0;0;0;0;0;0.102777777777778;1;3.92523114670943e-17;1.38777878078145e-17;0;0;0
"3";59;"F4 CHFU";0;0;0;0;0;0;0.102777777777778;1;3.92523114670943e-17;1.38777878078145e-17;0;0;0
"3";60;"F4 LEMA";0;0;0;0;0;0;0.102777777777778;1;3.92523114670943e-17;1.38777878078145e-17;0;0;0
"3";61;"F4 PUPA";0;0;0;0;0;0;0.102777777777778;1;3.92523114670943e-17;1.38777878078145e-17;0;0;0
"3";62;"F5 LEMA";0;0;0;0;0;0;0.102777777777778;1;3.92523114670943e-17;1.38777878078145e-17;0;0;0
"3";63;"F6 CHFU";0;0;0;0;0;0;0.102777777777778;1;3.92523114670943e-17;1.38777878078145e-17;0;0;0
"3";64;"F6 CHMI";2;1;1;1.8;0.8;1;0.587805168512564;1.28697309694319e-16;0;8.32667268468867e-17;0.53333511097139;0;2
"3";65;"F6 LEMA";0;0;0;0;0;0;0.102777777777778;1;3.92523114670943e-17;1.38777878078145e-17;0;0;0
"3";66;"F6 PUPA";0;0;0;0;0;0;0.102777777777778;1;3.92523114670943e-17;1.38777878078145e-17;0;0;0
"3";67;"Andrena";0;0;0;0;0;0;0.102777777777778;1;3.92523114670943e-17;1.38777878078145e-17;0;0;0
"3";68;"Bee.sirphid";4;2;2;2.16666666666667;1.16666666666667;1;0.71327557460998;1.15827578724887e-15;0;2.22044604925031e-16;0.66666888874757;0;2
"3";69;"Black_small_fly";0;0;0;0;0;0;0.102777777777778;1;3.92523114670943e-17;1.38777878078145e-17;0;0;0
"3";70;"Bombilus_major";0;0;0;0;0;0;0.102777777777778;1;3.92523114670943e-17;1.38777878078145e-17;0;0;0
"3";71;"Bombylidae";0;0;0;0;0;0;0.102777777777778;1;3.92523114670943e-17;1.38777878078145e-17;0;0;0
"3";72;"Brassicogethes";0;0;0;0;0;0;0.102777777777778;1;3.92523114670943e-17;1.38777878078145e-17;0;0;0
"3";73;"Calliphoridae";2;1;1;1.83333333333333;0.833333333333333;1;0.657094795760391;0;0;5.55111512312578e-17;0.666662222358668;0;2
"3";74;"Cerambycidae";0;0;0;0;0;0;0.102777777777778;1;3.92523114670943e-17;1.38777878078145e-17;0;0;0
"3";75;"Conophorus";0;0;0;0;0;0;0.102777777777778;1;3.92523114670943e-17;1.38777878078145e-17;0;0;0
"3";76;"Curculionidae_6_10_3";0;0;0;0;0;0;0.102777777777778;1;3.92523114670943e-17;1.38777878078145e-17;0;0;0
"3";77;"Dilophus";0;0;0;0;0;0;0.102777777777778;1;3.92523114670943e-17;1.38777878078145e-17;0;0;0
"3";78;"Elateridae";0;0;0;0;0;0;0.102777777777778;1;3.92523114670943e-17;1.38777878078145e-17;0;0;0
"3";79;"Geometridae";0;0;0;0;0;0;0.102777777777778;1;3.92523114670943e-17;1.38777878078145e-17;0;0;0
"3";80;"Malachius_bipustulatus";0;0;0;0;0;0;0.102777777777778;1;3.92523114670943e-17;1.38777878078145e-17;0;0;0
"3";81;"Musca.jar";0;0;0;0;0;0;0.102777777777778;1;3.92523114670943e-17;1.38777878078145e-17;0;0;0
"3";82;"Musca_sp.";4;2;2;3;2;1;1;0;0;1;1;0;2
"3";83;"Muscidae";0;0;0;0;0;0;0.102777777777778;1;3.92523114670943e-17;1.38777878078145e-17;0;0;0
"3";84;"Pieris_brassicae";0;0;0;0;0;0;0.102777777777778;1;3.92523114670943e-17;1.38777878078145e-17;0;0;0
"3";85;"Psilothrix_viridicoerulea";0;0;0;0;0;0;0.102777777777778;1;3.92523114670943e-17;1.38777878078145e-17;0;0;0
"3";86;"Rainbow_beetle";0;0;0;0;0;0;0.102777777777778;1;3.92523114670943e-17;1.38777878078145e-17;0;0;0
"3";87;"Sarcophaga";0;0;0;0;0;0;0.102777777777778;1;3.92523114670943e-17;1.38777878078145e-17;0;0;0
"3";88;"Small.bee.1.18.6";0;0;0;0;0;0;0.102777777777778;1;3.92523114670943e-17;1.38777878078145e-17;0;0;0
"3";89;"Small.bee.1.8.6";0;0;0;0;0;0;0.102777777777778;1;3.92523114670943e-17;1.38777878078145e-17;0;0;0
"3";90;"Sphaerophoria_scripta";0;0;0;0;0;0;0.102777777777778;1;3.92523114670943e-17;1.38777878078145e-17;0;0;0
"3";91;"Tabanidae";0;0;0;0;0;0;0.102777777777778;1;3.92523114670943e-17;1.38777878078145e-17;0;0;0
"3";92;"Ulidiidae";0;0;0;0;0;0;0.102777777777778;1;3.92523114670943e-17;1.38777878078145e-17;0;0;0
"3";93;"X1.29.5";0;0;0;0;0;0;0.102777777777778;1;3.92523114670943e-17;1.38777878078145e-17;0;0;0
"4";1;"A1 CHFU";0;0;0;0;0;0;0.0174039651640132;0;0;1.5826939592617e-17;0;0;0
"4";2;"A1 LEMA";4;2;2;1.08579272477694;0.0857927247769389;1;0.08731640118783;0.0806451612903226;0.860036623060936;3.61758619259816e-17;0.0806445731589232;0;4
"4";3;"A2 LEMA";4;2;2;1.07481125600549;0.0748112560054907;1;0.0749707726955178;0.0645161290322581;0.912522889413085;2.71318964444862e-17;0.0645158243104128;0;4
"4";4;"A3 CETE";0;0;0;0;0;0;0.0174039651640132;0;0;1.5826939592617e-17;0;0;0
"4";5;"A3 LEMA";2;1;1;1.06382978723404;0.0638297872340425;1;0.0626251442032056;0.0483870967741935;1;1.80879309629908e-17;0.0483870754619022;0;2
"4";6;"A3 PUPA";0;0;0;0;0;0;0.0174039651640132;0;0;1.5826939592617e-17;0;0;0
"4";7;"A4 CHFU";0;0;0;0;0;0;0.0174039651640132;0;0;1.5826939592617e-17;0;0;0
"4";8;"A4 CHMI";0;0;0;0;0;0;0.0174039651640132;0;0;1.5826939592617e-17;0;0;0
"4";9;"A4 LEMA";4;2;2;1.73118279569892;0.731182795698925;1;0.108079479217658;0.0967741935483872;0.557355388369841;2.71318964444862e-17;0.0967738296478191;0;4
"4";10;"A4 PUPA";0;0;0;0;0;0;0.0174039651640132;0;0;1.5826939592617e-17;0;0;0
"4";11;"A5 LEMA";4;2;2;2.06451612903226;1.06451612903226;1;0.126073940324036;0.112903225806452;0.479582277261296;4.5219827407477e-17;0.112903000656717;0;2
"4";12;"A6 LEMA";4;2;2;1.09094028826356;0.0909402882635552;1;0.0886804501148726;0.0806451612903226;0.895027467295702;4.5219827407477e-17;0.0806447113116517;0;4
"4";13;"B1 LEMA";2;1;1;1.02127659574468;0.0212765957446809;1;0.0324776915104106;0.0161290322580645;1;2.26099137037385e-17;0.0161290251539674;0;2
"4";14;"B1 PUPA";0;0;0;0;0;0;0.0174039651640132;0;0;1.5826939592617e-17;0;0;0
"4";15;"B2 LEMA";4;2;2;1.03740562800275;0.0374056280027454;1;0.0461873689297655;0.032258064516129;0.912522889413085;4.5219827407477e-17;0.0322579121552064;0;4
"4";16;"B3 CHFU";0;0;0;0;0;0;0.0174039651640132;0;0;1.5826939592617e-17;0;0;0
"4";17;"B3 LEMA";4;2;2;1.03740562800275;0.0374056280027454;1;0.0461873689297655;0.032258064516129;0.912522889413085;4.5219827407477e-17;0.0322579121552064;0;4
"4";18;"B4 LEMA";2;1;1;1.04838709677419;0.0483870967741935;1;0.0585329974220777;0.0483870967741936;0.82504577882617;2.26099137037385e-17;0.0483866610037169;0;2
"4";19;"B4 PUPA";0;0;0;0;0;0;0.0174039651640132;0;0;1.5826939592617e-17;0;0;0
"4";20;"B5 CETE";0;0;0;0;0;0;0.0174039651640132;0;0;1.5826939592617e-17;0;0;0
"4";21;"B5 LEMA";8;4;4;1.85277088502895;0.85277088502895;1;0.107399542671348;0.0967741935483871;0.314257107075305;9.0439654814954e-17;0.0967737352274614;0;6
"4";22;"B5 PUPA";0;0;0;0;0;0;0.0174039651640132;0;0;1.5826939592617e-17;0;0;0
"4";23;"B6 CHFU";0;0;0;0;0;0;0.0174039651640132;0;0;1.5826939592617e-17;0;0;0
"4";24;"B6 LEMA";4;2;2;1.09608785175017;0.0960878517501716;1;0.0900444990419152;0.0806451612903226;0.930018311530468;2.71318964444862e-17;0.0806448494643802;0;4
"4";25;"C1 CHFU";0;0;0;0;0;0;0.0174039651640132;0;0;1.5826939592617e-17;0;0;0
"4";26;"C1 CHMI";0;0;0;0;0;0;0.0174039651640132;0;0;1.5826939592617e-17;0;0;0
"4";27;"C1 LEMA";2;1;1;1.02127659574468;0.0212765957446809;1;0.0324776915104106;0.0161290322580645;1;2.26099137037385e-17;0.0161290251539674;0;2
"4";28;"C2 CHMI";0;0;0;0;0;0;0.0174039651640132;0;0;1.5826939592617e-17;0;0;0
"4";29;"C2 LEMA";6;3;3;3.06382978723404;2.06382978723404;1;0.144363029326071;0.0967741935483874;0.506490659889244;5.42637928889724e-17;0.0967771857639097;0;2
"4";30;"C3 CHFU";0;0;0;0;0;0;0.0174039651640132;0;0;1.5826939592617e-17;0;0;0
"4";31;"C3 LEMA";8;4;4;1.66533797933935;0.665337979339352;1;0.149686981053718;0.145161290322581;0.570700911812364;7.23517238519632e-17;0.145160663671947;0;6
"4";32;"C3 PUPA";0;0;0;0;0;0;0.0174039651640132;0;0;1.5826939592617e-17;0;0;0
"4";33;"C4 LEMA";8;4;4;2.59094028826356;1.59094028826356;1;0.139214130301603;0.112903225806452;0.6435030903419;5.42637928889724e-17;0.112904131691624;0;4
"4";34;"C5 LEMA";2;1;1;1.02127659574468;0.0212765957446809;1;0.0324776915104106;0.0161290322580645;1;2.26099137037385e-17;0.0161290251539674;0;2
"4";35;"C6 CHFU";0;0;0;0;0;0;0.0174039651640132;0;0;1.5826939592617e-17;0;0;0
"4";36;"D1 CHFU";0;0;0;0;0;0;0.0174039651640132;0;0;1.5826939592617e-17;0;0;0
"4";37;"D2 CHFU";0;0;0;0;0;0;0.0174039651640132;0;0;1.5826939592617e-17;0;0;0
"4";38;"D2 LEMA";6;3;3;2.05353466026081;1.05353466026081;1;0.0911553522361941;0.064516129032258;0.666365642876358;5.42637928889724e-17;0.064516958889066;0;4
"4";39;"D3 LEMA";4;2;2;1.06966369251887;0.0696636925188744;1;0.0736067237684752;0.0645161290322581;0.868784334119628;4.5219827407477e-17;0.0645156861576843;0;4
"4";40;"D4 CHFU";0;0;0;0;0;0;0.0174039651640132;0;0;1.5826939592617e-17;0;0;0
"4";41;"D4 PUPA";0;0;0;0;0;0;0.0174039651640132;0;0;1.5826939592617e-17;0;0;0
"4";42;"D5 LEMA";4;2;2;2.04255319148936;1.04255319148936;1;0.0976043651604216;0.0645161290322577;0.511805791605495;3.61758619259816e-17;0.064517792486981;0;2
"4";43;"D5 PUPA";0;0;0;0;0;0;0.0174039651640132;0;0;1.5826939592617e-17;0;0;0
"4";44;"D6 LEMA";6;3;3;1.1912517818489;0.191251781848899;1;0.0734285941382618;0.0645161290322581;0.505154419777943;5.42637928889724e-17;0.06451562345778;0;6
"4";45;"E1 LEMA";8;4;4;2.24993400559633;1.24993400559633;1;0.145191722036219;0.129032258064516;0.60658243213835;1.08527585777945e-16;0.129032407454542;0;6
"4";46;"E1 PUPA";0;0;0;0;0;0;0.0174039651640132;0;0;1.5826939592617e-17;0;0;0
"4";47;"E2 LEMA";10;5;5;1.62792480911904;0.627924809119044;1;0.121176852688715;0.112903225806452;0.547839820827002;5.42637928889724e-17;0.11290275022764;0;6
"4";48;"E2 PUPA";0;0;0;0;0;0;0.0174039651640132;0;0;1.5826939592617e-17;0;0;0
"4";49;"E3 LEMA";6;3;3;1.18026277085989;0.180262770859888;1;0.0613562410466988;0.0483870967741936;0.631380813254445;7.23517238519632e-17;0.0483868733201686;0;6
"4";50;"E4 CHFU";0;0;0;0;0;0;0.0174039651640132;0;0;1.5826939592617e-17;0;0;0
"4";51;"E4 LEMA";2;1;1;1.06382978723404;0.0638297872340425;1;0.0626251442032056;0.0483870967741935;1;1.80879309629908e-17;0.0483870754619022;0;2
"4";52;"E5 LEMA";4;2;2;1.03740562800275;0.0374056280027454;1;0.0461873689297655;0.032258064516129;0.912522889413085;4.5219827407477e-17;0.0322579121552064;0;4
"4";53;"E6 LEMA";4;2;2;1.51612903225806;0.516129032258065;1;0.0572514802509621;0.032258064516129;0.427010816143388;3.61758619259816e-17;0.0322587838649117;0;4
"4";54;"F1 LEMA";6;3;3;1.14658676944195;0.146586769441951;1;0.0872273363727233;0.0806451612903226;0.714584657324263;7.23517238519632e-17;0.0806445418089711;0;6
"4";55;"F1 PUPA";0;0;0;0;0;0;0.0174039651640132;0;0;1.5826939592617e-17;0;0;0
"4";56;"F2 CHFU";0;0;0;0;0;0;0.0174039651640132;0;0;1.5826939592617e-17;0;0;0
"4";57;"F2 LEMA";6;3;3;1.60123541523679;0.601235415236788;1;0.112779970745862;0.0967741935483871;0.80765799866544;9.0439654814954e-17;0.0967744328220993;0;4
"4";58;"F3 LEMA";6;3;3;1.28802597539729;0.288025975397286;1;0.155686658654391;0.161290322580645;0.69708923520688;5.42637928889724e-17;0.161288945465214;0;6
"4";59;"F4 CHFU";0;0;0;0;0;0;0.0174039651640132;0;0;1.5826939592617e-17;0;0;0
"4";60;"F4 LEMA";6;3;3;2.54838709677419;1.54838709677419;1;0.1162644131842;0.0806451612903225;0.502677876157596;5.42637928889724e-17;0.080646785215067;0;4
"4";61;"F4 PUPA";0;0;0;0;0;0;0.0174039651640132;0;0;1.5826939592617e-17;0;0;0
"4";62;"F5 LEMA";6;3;3;1.32311991371703;0.323119913717031;1;0.0765251131636322;0.0645161290322581;0.490809775175125;5.42637928889724e-17;0.0645158344851309;0;6
"4";63;"F6 CHFU";0;0;0;0;0;0;0.0174039651640132;0;0;1.5826939592617e-17;0;0;0
"4";64;"F6 CHMI";0;0;0;0;0;0;0.0174039651640132;0;0;1.5826939592617e-17;0;0;0
"4";65;"F6 LEMA";4;2;2;1.49308755760369;0.493087557603687;1;0.117749291192233;0.112903225806452;0.501067585445167;1.80879309629908e-17;0.112902431499843;0;4
"4";66;"F6 PUPA";0;0;0;0;0;0;0.0174039651640132;0;0;1.5826939592617e-17;0;0;0
"4";67;"Andrena";4;2;2;1.5;0.5;1;0.0632414194874573;0.0483870967741936;1.48868888693489e-16;0.021974607457183;0.0483869122566007;0;4
"4";68;"Bee.sirphid";0;0;0;0;0;0;0.0174039651640132;0;0;1.5826939592617e-17;0;0;0
"4";69;"Black_small_fly";0;0;0;0;0;0;0.0174039651640132;0;0;1.5826939592617e-17;0;0;0
"4";70;"Bombilus_major";2;1;1;1.5;0.5;1;0.0588858203571924;0.0322580645161287;1.04208222085442e-16;0.0236115832109905;0.0322590706929364;0;2
"4";71;"Bombylidae";8;4;4;2.4047619047619;1.4047619047619;1;0.124920123315922;0.112903225806452;0;0.0690966609371643;0.11290286310655;0;6
"4";72;"Brassicogethes";52;26;26;13.668253968254;12.668253968254;1;1;1;0;0.825045778826169;1;0;6
"4";73;"Calliphoridae";0;0;0;0;0;0;0.0174039651640132;0;0;1.5826939592617e-17;0;0;0
"4";74;"Cerambycidae";2;1;1;1.14285714285714;0.142857142857143;1;0.0343085381292078;0.0161290322580645;1.04208222085442e-16;0.00848208274832115;0.0161291423895891;0;2
"4";75;"Conophorus";2;1;1;1.33333333333333;0.333333333333333;1;0.0583068234730667;0.0322580645161292;1.48868888693489e-16;0.0155775837341866;0.0322590706896229;0;2
"4";76;"Curculionidae_6_10_3";0;0;0;0;0;0;0.0174039651640132;0;0;1.5826939592617e-17;0;0;0
"4";77;"Dilophus";0;0;0;0;0;0;0.0174039651640132;0;0;1.5826939592617e-17;0;0;0
"4";78;"Elateridae";4;2;2;1.30952380952381;0.30952380952381;1;0.0502857006515382;0.032258064516129;2.08416444170885e-16;0.0209022131664691;0.0322582189153538;0;4
"4";79;"Geometridae";2;1;1;1.125;0.125;1;0.0328305856303614;0.0161290322580645;1.48868888693489e-16;0.00699599916886029;0.0161290139009105;0;2
"4";80;"Malachius_bipustulatus";6;3;3;1.42063492063492;0.420634920634921;1;0.061470336254173;0.0483870967741935;1.19095110954791e-16;0.0179045770567073;0.0483868170942889;0;6
"4";81;"Musca.jar";0;0;0;0;0;0;0.0174039651640132;0;0;1.5826939592617e-17;0;0;0
"4";82;"Musca_sp.";0;0;0;0;0;0;0.0174039651640132;0;0;1.5826939592617e-17;0;0;0
"4";83;"Muscidae";0;0;0;0;0;0;0.0174039651640132;0;0;1.5826939592617e-17;0;0;0
"4";84;"Pieris_brassicae";0;0;0;0;0;0;0.0174039651640132;0;0;1.5826939592617e-17;0;0;0
"4";85;"Psilothrix_viridicoerulea";52;26;26;13.890873015873;12.890873015873;1;0.833488397977271;0.758064516129032;0;1;0.758070768867341;0;6
"4";86;"Rainbow_beetle";2;1;1;1.16666666666667;0.166666666666667;1;0.03785539431854;0.0161290322580646;1.48868888693489e-16;0.00778879186709332;0.0161295353448114;0;2
"4";87;"Sarcophaga";2;1;1;1.42857142857143;0.428571428571429;1;0.0633309005677693;0.0483870967741936;7.44344443467446e-17;0.0189642751747966;0.0483869424443686;0;2
"4";88;"Small.bee.1.18.6";0;0;0;0;0;0;0.0174039651640132;0;0;1.5826939592617e-17;0;0;0
"4";89;"Small.bee.1.8.6";14;7;7;2.95952380952381;1.95952380952381;1;0.208315251594383;0.209677419354839;1.19095110954791e-16;0.0977859501428004;0.209676226152174;0;6
"4";90;"Sphaerophoria_scripta";4;2;2;1.7;0.7;1;0.0615007945119861;0.032258064516129;5.95475554773956e-17;0.0289758534606059;0.0322591222417512;0;4
"4";91;"Tabanidae";2;1;1;1.2;0.2;1;0.0371689154053272;0.0161290322580645;1.04208222085442e-16;0.00927619084886624;0.0161293945648063;0;2
"4";92;"Ulidiidae";0;0;0;0;0;0;0.0174039651640132;0;0;1.5826939592617e-17;0;0;0
"4";93;"X1.29.5";2;1;1;1.25;0.25;1;0.0367744775142044;0.0161290322580645;1.48868888693489e-17;0.0153710138530908;0.0161293269490735;0;2
"5";1;"A1 CHFU";0;0;0;0;0;0;0.0418121547922179;1.84380566497444e-17;0;1.39321015953471e-17;0;0;0
"5";2;"A1 LEMA";0;0;0;0;0;0;0.0418121547922179;1.84380566497444e-17;0;1.39321015953471e-17;0;0;0
"5";3;"A2 LEMA";0;0;0;0;0;0;0.0418121547922179;1.84380566497444e-17;0;1.39321015953471e-17;0;0;0
"5";4;"A3 CETE";0;0;0;0;0;0;0.0418121547922179;1.84380566497444e-17;0;1.39321015953471e-17;0;0;0
"5";5;"A3 LEMA";0;0;0;0;0;0;0.0418121547922179;1.84380566497444e-17;0;1.39321015953471e-17;0;0;0
"5";6;"A3 PUPA";2;1;1;1.07692307692308;0.0769230769230769;1;0.107196770176833;0.0769230769230769;1;4.17963047860412e-17;0.25002924792459;0;2
"5";7;"A4 CHFU";0;0;0;0;0;0;0.0418121547922179;1.84380566497444e-17;0;1.39321015953471e-17;0;0;0
"5";8;"A4 CHMI";0;0;0;0;0;0;0.0418121547922179;1.84380566497444e-17;0;1.39321015953471e-17;0;0;0
"5";9;"A4 LEMA";0;0;0;0;0;0;0.0418121547922179;1.84380566497444e-17;0;1.39321015953471e-17;0;0;0
"5";10;"A4 PUPA";2;1;1;2;1;1;0.278747698614786;0;0;4.17963047860412e-17;-1.3000489977178e-05;0;2
"5";11;"A5 LEMA";0;0;0;0;0;0;0.0418121547922179;1.84380566497444e-17;0;1.39321015953471e-17;0;0;0
"5";12;"A6 LEMA";0;0;0;0;0;0;0.0418121547922179;1.84380566497444e-17;0;1.39321015953471e-17;0;0;0
"5";13;"B1 LEMA";0;0;0;0;0;0;0.0418121547922179;1.84380566497444e-17;0;1.39321015953471e-17;0;0;0
"5";14;"B1 PUPA";6;3;3;3.33333333333333;2.33333333333333;1;0.395859830753549;0.23076923076923;0.0187185621542613;2.22913625525553e-16;0.749742268082723;0;2
"5";15;"B2 LEMA";0;0;0;0;0;0;0.0418121547922179;1.84380566497444e-17;0;1.39321015953471e-17;0;0;0
"5";16;"B3 CHFU";0;0;0;0;0;0;0.0418121547922179;1.84380566497444e-17;0;1.39321015953471e-17;0;0;0
"5";17;"B3 LEMA";0;0;0;0;0;0;0.0418121547922179;1.84380566497444e-17;0;1.39321015953471e-17;0;0;0
"5";18;"B4 LEMA";0;0;0;0;0;0;0.0418121547922179;1.84380566497444e-17;0;1.39321015953471e-17;0;0;0
"5";19;"B4 PUPA";2;1;1;1.15384615384615;0.153846153846154;1;0.172581385561449;0.153846153846154;1;4.17963047860412e-17;0.500058495849179;0;2
"5";20;"B5 CETE";0;0;0;0;0;0;0.0418121547922179;1.84380566497444e-17;0;1.39321015953471e-17;0;0;0
"5";21;"B5 LEMA";0;0;0;0;0;0;0.0418121547922179;1.84380566497444e-17;0;1.39321015953471e-17;0;0;0
"5";22;"B5 PUPA";2;1;1;1.23076923076923;0.230769230769231;1;0.237966000946064;0.230769230769231;1;2.78642031906941e-17;0.750087743773769;0;2
"5";23;"B6 CHFU";0;0;0;0;0;0;0.0418121547922179;1.84380566497444e-17;0;1.39321015953471e-17;0;0;0
"5";24;"B6 LEMA";0;0;0;0;0;0;0.0418121547922179;1.84380566497444e-17;0;1.39321015953471e-17;0;0;0
"5";25;"C1 CHFU";0;0;0;0;0;0;0.0418121547922179;1.84380566497444e-17;0;1.39321015953471e-17;0;0;0
"5";26;"C1 CHMI";0;0;0;0;0;0;0.0418121547922179;1.84380566497444e-17;0;1.39321015953471e-17;0;0;0
"5";27;"C1 LEMA";0;0;0;0;0;0;0.0418121547922179;1.84380566497444e-17;0;1.39321015953471e-17;0;0;0
"5";28;"C2 CHMI";0;0;0;0;0;0;0.0418121547922179;1.84380566497444e-17;0;1.39321015953471e-17;0;0;0
"5";29;"C2 LEMA";0;0;0;0;0;0;0.0418121547922179;1.84380566497444e-17;0;1.39321015953471e-17;0;0;0
"5";30;"C3 CHFU";0;0;0;0;0;0;0.0418121547922179;1.84380566497444e-17;0;1.39321015953471e-17;0;0;0
"5";31;"C3 LEMA";0;0;0;0;0;0;0.0418121547922179;1.84380566497444e-17;0;1.39321015953471e-17;0;0;0
"5";32;"C3 PUPA";2;1;1;1.15384615384615;0.153846153846154;1;0.172581385561449;0.153846153846154;1;4.17963047860412e-17;0.500058495849179;0;2
"5";33;"C4 LEMA";0;0;0;0;0;0;0.0418121547922179;1.84380566497444e-17;0;1.39321015953471e-17;0;0;0
"5";34;"C5 LEMA";0;0;0;0;0;0;0.0418121547922179;1.84380566497444e-17;0;1.39321015953471e-17;0;0;0
"5";35;"C6 CHFU";0;0;0;0;0;0;0.0418121547922179;1.84380566497444e-17;0;1.39321015953471e-17;0;0;0
"5";36;"D1 CHFU";0;0;0;0;0;0;0.0418121547922179;1.84380566497444e-17;0;1.39321015953471e-17;0;0;0
"5";37;"D2 CHFU";0;0;0;0;0;0;0.0418121547922179;1.84380566497444e-17;0;1.39321015953471e-17;0;0;0
"5";38;"D2 LEMA";0;0;0;0;0;0;0.0418121547922179;1.84380566497444e-17;0;1.39321015953471e-17;0;0;0
"5";39;"D3 LEMA";0;0;0;0;0;0;0.0418121547922179;1.84380566497444e-17;0;1.39321015953471e-17;0;0;0
"5";40;"D4 CHFU";0;0;0;0;0;0;0.0418121547922179;1.84380566497444e-17;0;1.39321015953471e-17;0;0;0
"5";41;"D4 PUPA";2;1;1;1.5;0.5;1;0.189308771813291;0.153846153846156;0.0553748712670847;4.17963047860412e-17;0.500050490330108;0;2
"5";42;"D5 LEMA";0;0;0;0;0;0;0.0418121547922179;1.84380566497444e-17;0;1.39321015953471e-17;0;0;0
"5";43;"D5 PUPA";2;1;1;2;1;1;0.278747698614786;0.207516032144835;0;4.17963047860412e-17;-1.3000489977178e-05;0;2
"5";44;"D6 LEMA";0;0;0;0;0;0;0.0418121547922179;1.84380566497444e-17;0;1.39321015953471e-17;0;0;0
"5";45;"E1 LEMA";0;0;0;0;0;0;0.0418121547922179;1.84380566497444e-17;0;1.39321015953471e-17;0;0;0
"5";46;"E1 PUPA";4;2;2;1.41025641025641;0.41025641025641;1;0.199491297845101;0.153846153846155;0.526934549579248;8.35926095720824e-17;0.499988001772362;0;4
"5";47;"E2 LEMA";0;0;0;0;0;0;0.0418121547922179;1.84380566497444e-17;0;1.39321015953471e-17;0;0;0
"5";48;"E2 PUPA";4;2;2;1.58333333333333;0.583333333333333;1;0.204680352973647;0.153846153846155;0.048567212750607;1.11456812762777e-16;0.499949004539576;0;4
"5";49;"E3 LEMA";0;0;0;0;0;0;0.0418121547922179;1.84380566497444e-17;0;1.39321015953471e-17;0;0;0
"5";50;"E4 CHFU";0;0;0;0;0;0;0.0418121547922179;1.84380566497444e-17;0;1.39321015953471e-17;0;0;0
"5";51;"E4 LEMA";0;0;0;0;0;0;0.0418121547922179;1.84380566497444e-17;0;1.39321015953471e-17;0;0;0
"5";52;"E5 LEMA";0;0;0;0;0;0;0.0418121547922179;1.84380566497444e-17;0;1.39321015953471e-17;0;0;0
"5";53;"E6 LEMA";0;0;0;0;0;0;0.0418121547922179;1.84380566497444e-17;0;1.39321015953471e-17;0;0;0
"5";54;"F1 LEMA";0;0;0;0;0;0;0.0418121547922179;1.84380566497444e-17;0;1.39321015953471e-17;0;0;0
"5";55;"F1 PUPA";4;2;2;1.57692307692308;0.576923076923077;1;0.254693387197906;0.230769230769232;0.370249914178056;1.11456812762777e-16;0.750079738254697;0;2
"5";56;"F2 CHFU";0;0;0;0;0;0;0.0418121547922179;1.84380566497444e-17;0;1.39321015953471e-17;0;0;0
"5";57;"F2 LEMA";0;0;0;0;0;0;0.0418121547922179;1.84380566497444e-17;0;1.39321015953471e-17;0;0;0
"5";58;"F3 LEMA";0;0;0;0;0;0;0.0418121547922179;1.84380566497444e-17;0;1.39321015953471e-17;0;0;0
"5";59;"F4 CHFU";0;0;0;0;0;0;0.0418121547922179;1.84380566497444e-17;0;1.39321015953471e-17;0;0;0
"5";60;"F4 LEMA";0;0;0;0;0;0;0.0418121547922179;1.84380566497444e-17;0;1.39321015953471e-17;0;0;0
"5";61;"F4 PUPA";2;1;1;1.15384615384615;0.153846153846154;1;0.172581385561449;0.153846153846154;1;4.17963047860412e-17;0.500058495849179;0;2
"5";62;"F5 LEMA";0;0;0;0;0;0;0.0418121547922179;1.84380566497444e-17;0;1.39321015953471e-17;0;0;0
"5";63;"F6 CHFU";0;0;0;0;0;0;0.0418121547922179;1.84380566497444e-17;0;1.39321015953471e-17;0;0;0
"5";64;"F6 CHMI";0;0;0;0;0;0;0.0418121547922179;1.84380566497444e-17;0;1.39321015953471e-17;0;0;0
"5";65;"F6 LEMA";0;0;0;0;0;0;0.0418121547922179;1.84380566497444e-17;0;1.39321015953471e-17;0;0;0
"5";66;"F6 PUPA";4;2;2;1.82692307692308;0.826923076923077;1;0.318917781716316;0.307692307692308;0.282448994757038;1.39321015953471e-16;1;0;4
"5";67;"Andrena";2;1;1;2;1;1;0.278747698614786;0;0;4.17963047860412e-17;-1.30004899771673e-05;0;2
"5";68;"Bee.sirphid";0;0;0;0;0;0;0.0418121547922179;1.84380566497444e-17;0;1.39321015953471e-17;0;0;0
"5";69;"Black_small_fly";0;0;0;0;0;0;0.0418121547922179;1.84380566497444e-17;0;1.39321015953471e-17;0;0;0
"5";70;"Bombilus_major";2;1;1;1.33333333333333;0.333333333333333;1;0.15397244017239;0.0769230769230765;0;0.00114329365214408;-0.249920257169997;0;2
"5";71;"Bombylidae";4;2;2;2.25;1.25;1;0.332111390650169;0.307692307692308;0;0.0432653263427181;-0.999997003587201;0;4
"5";72;"Brassicogethes";0;0;0;0;0;0;0.0418121547922179;1.84380566497444e-17;0;1.39321015953471e-17;0;0;0
"5";73;"Calliphoridae";0;0;0;0;0;0;0.0418121547922179;1.84380566497444e-17;0;1.39321015953471e-17;0;0;0
"5";74;"Cerambycidae";0;0;0;0;0;0;0.0418121547922179;1.84380566497444e-17;0;1.39321015953471e-17;0;0;0
"5";75;"Conophorus";0;0;0;0;0;0;0.0418121547922179;1.84380566497444e-17;0;1.39321015953471e-17;0;0;0
"5";76;"Curculionidae_6_10_3";0;0;0;0;0;0;0.0418121547922179;1.84380566497444e-17;0;1.39321015953471e-17;0;0;0
"5";77;"Dilophus";0;0;0;0;0;0;0.0418121547922179;1.84380566497444e-17;0;1.39321015953471e-17;0;0;0
"5";78;"Elateridae";0;0;0;0;0;0;0.0418121547922179;1.84380566497444e-17;0;1.39321015953471e-17;0;0;0
"5";79;"Geometridae";0;0;0;0;0;0;0.0418121547922179;1.84380566497444e-17;0;1.39321015953471e-17;0;0;0
"5";80;"Malachius_bipustulatus";0;0;0;0;0;0;0.0418121547922179;1.84380566497444e-17;0;1.39321015953471e-17;0;0;0
"5";81;"Musca.jar";0;0;0;0;0;0;0.0418121547922179;1.84380566497444e-17;0;1.39321015953471e-17;0;0;0
"5";82;"Musca_sp.";0;0;0;0;0;0;0.0418121547922179;1.84380566497444e-17;0;1.39321015953471e-17;0;0;0
"5";83;"Muscidae";0;0;0;0;0;0;0.0418121547922179;1.84380566497444e-17;0;1.39321015953471e-17;0;0;0
"5";84;"Pieris_brassicae";6;3;3;2.33333333333333;1.33333333333333;1;0.325745391770358;0.230769230769232;0;0.0538690991584961;-0.749909761490883;0;4
"5";85;"Psilothrix_viridicoerulea";0;0;0;0;0;0;0.0418121547922179;1.84380566497444e-17;0;1.39321015953471e-17;0;0;0
"5";86;"Rainbow_beetle";0;0;0;0;0;0;0.0418121547922179;1.84380566497444e-17;0;1.39321015953471e-17;0;0;0
"5";87;"Sarcophaga";0;0;0;0;0;0;0.0418121547922179;1.84380566497444e-17;0;1.39321015953471e-17;0;0;0
"5";88;"Small.bee.1.18.6";4;2;2;2.66666666666667;1.66666666666667;1;0.347050863578995;0.307692307692311;0;0.0553748712670849;-1.00013698287999;0;2
"5";89;"Small.bee.1.8.6";16;8;8;7.08333333333333;6.08333333333333;1;1;1;0;1;-3.2504387282569;0;4
"5";90;"Sphaerophoria_scripta";0;0;0;0;0;0;0.0418121547922179;1.84380566497444e-17;0;1.39321015953471e-17;0;0;0
"5";91;"Tabanidae";2;1;1;1.33333333333333;0.333333333333333;1;0.15397244017239;0.0769230769230765;0;0.00114329365214408;-0.249920257169997;0;2
"5";92;"Ulidiidae";0;0;0;0;0;0;0.0418121547922179;1.84380566497444e-17;0;1.39321015953471e-17;0;0;0
"5";93;"X1.29.5";2;1;1;2;1;1;0.278747698614786;0.207516032144835;0;4.17963047860412e-17;-1.30004899771673e-05;0;2
"Aggr";1;"A1 CHFU";2;1;1;1.1;0.1;1;0.050819737769514;1.24842008110448e-16;2.51329977064622e-16;2.73412667053003e-17;3.65803922782765e-06;0;2
"Aggr";2;"A1 LEMA";4;2;2;1.08579272477694;0.0857927247769389;1;0.0497675150892851;0.0475231307508758;0.862683422482693;3.64550222737338e-17;0.0475256050015548;0;4
"Aggr";3;"A2 LEMA";4;2;2;1.07481125600549;0.0748112560054907;1;0.0437004031295523;0.0314241988101727;0.914177139051683;5.46825334106006e-17;0.0314294670057764;0;4
"Aggr";4;"A3 CETE";2;1;1;2;1;1;0.0835335370450686;0.0138515073134416;0.00410577358436599;2.27843889210836e-17;0.013897298292944;0;2
"Aggr";5;"A3 LEMA";2;1;1;1.06382978723404;0.0638297872340425;1;0.0376332911698195;0.0153252668694694;1;2.27843889210836e-17;0.015333329009998;0;2
"Aggr";6;"A3 PUPA";2;1;1;1.07692307692308;0.0769230769230769;1;0.0264460884821358;0.00998032554966226;0.174380386154142;1.82275111368669e-17;0.00998303148965364;0;2
"Aggr";7;"A4 CHFU";2;1;1;1.1;0.1;1;0.050819737769514;1.02846697635255e-16;2.51329977064622e-16;2.73412667053003e-17;3.65803922782765e-06;0;2
"Aggr";8;"A4 CHMI";2;1;1;1.33333333333333;0.333333333333333;1;0.0552453425930414;1.40071967540628e-16;0;1.82275111368669e-17;4.44485335884556e-06;0;2
"Aggr";9;"A4 LEMA";4;2;2;1.73118279569892;0.731182795698925;1;0.0675552303615811;0.45843889206932;0.560455485663196;2.73412667053003e-17;0.458289539531906;0;4
"Aggr";10;"A4 PUPA";2;1;1;2;1;1;0.0528510158888305;0.624036275412401;0.0246579007828552;2.27843889210836e-17;0.623812566300527;0;2
"Aggr";11;"A5 LEMA";4;2;2;2.06451612903226;1.06451612903226;1;0.0791252843070492;0.0520575030826179;0.480776794740577;3.64550222737338e-17;0.052062150202853;0;2
"Aggr";12;"A6 LEMA";4;2;2;1.09094028826356;0.0909402882635552;1;0.0505552418392297;0.0420278759254359;0.89701256686202;6.37962889790341e-17;0.0420330908386652;0;4
"Aggr";13;"B1 LEMA";2;1;1;1.02127659574468;0.0212765957446809;1;0.0223481602505755;0.00510842228982314;1;1.36706333526502e-17;0.00511110966999932;0;2
"Aggr";14;"B1 PUPA";6;3;3;3.33333333333333;2.33333333333333;1;0.0882400876203362;0.0129105072812988;0.0121370819002065;0;0.0129367826012725;0;4
"Aggr";15;"B2 LEMA";4;2;2;1.03740562800275;0.0374056280027454;1;0.0292029989602529;0.0157120994050863;0.914177139051683;4.55687778421672e-17;0.0157147335028882;0;4
"Aggr";16;"B3 CHFU";2;1;1;2;1;1;0.0980372986063564;2.55325193193834e-16;3.14162471330778e-17;1.36706333526502e-17;9.54751017688256e-06;0;2
"Aggr";17;"B3 LEMA";4;2;2;1.03740562800275;0.0374056280027454;1;0.0292029989602529;0.0157120994050863;0.914177139051683;4.55687778421672e-17;0.0157147335028882;0;4
"Aggr";18;"B4 LEMA";2;1;1;1.04838709677419;0.0483870967741935;1;0.0352701109199857;0.0318110313457895;0.828354278103366;2.73412667053003e-17;0.0318108714986666;0;2
"Aggr";19;"B4 PUPA";2;1;1;1.15384615384615;0.153846153846154;1;0.0381865821733181;0.0199606510993245;0.174380386154142;1.36706333526502e-17;0.0199660629793073;0;2
"Aggr";20;"B5 CETE";2;1;1;2;1;1;0.0528510158888305;0.624036275412401;0.0246579007828552;2.27843889210836e-17;0.623812566300527;0;2
"Aggr";21;"B5 LEMA";8;4;4;1.85277088502895;0.85277088502895;1;0.0772089006218386;0.25761516690233;0.341203677102423;7.29100445474675e-17;0.25754599678407;0;6
"Aggr";22;"B5 PUPA";2;1;1;1.23076923076923;0.230769230769231;1;0.0499270758645003;0.0299409766489868;0.174380386154142;3.1898144489517e-17;0.0299490944689609;0;2
"Aggr";23;"B6 CHFU";2;1;1;2;1;1;0.439705594790954;0.657427981146318;0.828354278103366;1.36706333526502e-17;0.65742467763911;0;2
"Aggr";24;"B6 LEMA";4;2;2;1.09608785175017;0.0960878517501716;1;0.0513429685891743;0.0365326210999957;0.931341711241347;5.46825334106006e-17;0.0365405766757757;0;4
"Aggr";25;"C1 CHFU";2;1;1;1.1;0.1;1;0.050819737769514;1.20733574254562e-16;2.51329977064622e-16;2.73412667053003e-17;3.65803922782765e-06;0;2
"Aggr";26;"C1 CHMI";4;2;2;2.2;1.2;1;0.111970573842372;3.18776453237978e-16;3.14162471330778e-17;2.73412667053003e-17;1.10542623003941e-05;0;2
"Aggr";27;"C1 LEMA";2;1;1;1.02127659574468;0.0212765957446809;1;0.0223481602505755;0.00510842228982313;1;1.36706333526502e-17;0.00511110966999932;0;2
"Aggr";28;"C2 CHMI";2;1;1;1.66666666666667;0.666666666666667;1;0.0957850903951293;2.21615404057198e-16;0;2.27843889210836e-17;8.88970671769113e-06;0;2
"Aggr";29;"C2 LEMA";6;3;3;3.06382978723404;2.06382978723404;1;0.0980552678112569;0.0195501719295383;0.505913297680424;7.29100445474675e-17;0.0195700652257863;0;2
"Aggr";30;"C3 CHFU";4;2;2;2.1;1.1;1;0.0991303222572595;2.86446701491842e-16;6.28324942661555e-17;2.73412667053003e-17;1.02104409140368e-05;0;2
"Aggr";31;"C3 LEMA";8;4;4;1.66533797933935;0.665337979339352;1;0.0999496770758724;0.0694134126918875;0.59651002998694;3.64550222737338e-17;0.0694323210206566;0;6
"Aggr";32;"C3 PUPA";2;1;1;1.15384615384615;0.153846153846154;1;0.0381865821733181;0.0199606510993245;0.174380386154142;1.36706333526502e-17;0.0199660629793073;0;2
"Aggr";33;"C4 LEMA";8;4;4;2.59094028826356;1.59094028826356;1;0.0867650120237711;0.0476562776768232;0.644556094589114;9.11375556843344e-17;0.0476685478682093;0;4
"Aggr";34;"C5 LEMA";2;1;1;1.02127659574468;0.0212765957446809;1;0.0223481602505755;0.00510842228982314;1;1.36706333526502e-17;0.00511110966999932;0;2
"Aggr";35;"C6 CHFU";2;1;1;2;1;1;0.373906171393187;0.240095847621688;1;1.36706333526502e-17;0.240222154489968;0;2
"Aggr";36;"D1 CHFU";2;1;1;2;1;1;0.0980372986063564;2.34018276884886e-16;3.14162471330778e-17;1.36706333526502e-17;9.54751017688256e-06;0;2
"Aggr";37;"D2 CHFU";2;1;1;1.1;0.1;1;0.050819737769514;1.03949752830252e-16;2.51329977064622e-16;2.73412667053003e-17;3.65803922782765e-06;0;2
"Aggr";38;"D2 LEMA";6;3;3;2.05353466026081;1.05353466026081;1;0.0630777758925222;0.0325008443667565;0.66801359357216;5.46825334106006e-17;0.0325167233313208;0;4
"Aggr";39;"D3 LEMA";4;2;2;1.06966369251887;0.0696636925188744;1;0.0429126763796077;0.0369194536356127;0.871265708577525;5.46825334106006e-17;0.0369219811686659;0;4
"Aggr";40;"D4 CHFU";2;1;1;1.1;0.1;1;0.050819737769514;1.07201044569406e-16;2.51329977064622e-16;2.73412667053003e-17;3.65803922782765e-06;0;2
"Aggr";41;"D4 PUPA";2;1;1;1.5;0.5;1;0.049119565918011;0.00692575365672078;0.00410577358436599;1.36706333526502e-17;0.00694864914647198;0;2
"Aggr";42;"D5 LEMA";4;2;2;2.04255319148936;1.04255319148936;1;0.0571974745555676;0.0154062469829063;0.51091949662708;4.55687778421672e-17;0.0154242583254548;0;4
"Aggr";43;"D5 PUPA";2;1;1;2;1;1;0.0417255330135454;0.00618506784640702;0.0153458180819063;9.11375556843344e-18;0.00619836599554376;0;2
"Aggr";44;"D6 LEMA";6;3;3;1.1912517818489;0.191251781848899;1;0.0526839863426175;0.0356727505044109;0.544278762602913;9.11375556843344e-17;0.0356807964821955;0;6
"Aggr";45;"E1 LEMA";8;4;4;2.24993400559633;1.24993400559633;1;0.0959930872347365;0.059719716084043;0.626507486260949;7.29100445474675e-17;0.0597375204560091;0;6
"Aggr";46;"E1 PUPA";4;2;2;1.41025641025641;0.41025641025641;1;0.0503455494893239;0.0123485832367839;0.0900640118004701;3.64550222737338e-17;0.0123557793899546;0;4
"Aggr";47;"E2 LEMA";10;5;5;1.62792480911904;0.627924809119044;1;0.0772351418895585;0.055298178437589;0.559902048804719;1.09365066821201e-16;0.0553093249300366;0;6
"Aggr";48;"E2 PUPA";4;2;2;1.58333333333333;0.583333333333333;1;0.0546993585079717;0.0119207802285876;0.0384391017011458;4.55687778421672e-17;0.0119306570929457;0;4
"Aggr";49;"E3 LEMA";6;3;3;1.18026277085989;0.180262770859888;1;0.0383997433658701;0.0211706837144955;0.633161614686287;5.46825334106006e-17;0.0211763958986852;0;6
"Aggr";50;"E4 CHFU";4;2;2;1.7;0.7;1;0.124731740490834;3.75015616760491e-16;9.42487413992333e-17;5.46825334106006e-17;1.16469325133534e-05;0;4
"Aggr";51;"E4 LEMA";2;1;1;1.06382978723404;0.0638297872340425;1;0.0376332911698195;0.0153252668694694;1;2.27843889210836e-17;0.015333329009998;0;2
"Aggr";52;"E5 LEMA";4;2;2;1.03740562800275;0.0374056280027454;1;0.0292029989602529;0.0157120994050863;0.914177139051683;4.55687778421672e-17;0.0157147335028882;0;4
"Aggr";53;"E6 LEMA";4;2;2;1.51612903225806;0.516129032258065;1;0.0407177900959144;0.0138462121923347;0.427411544845157;4.55687778421672e-17;0.0138493470520029;0;4
"Aggr";54;"F1 LEMA";6;3;3;1.14658676944195;0.146586769441951;1;0.05465317007079;0.0468997791852749;0.731888644092848;5.46825334106006e-17;0.0469050126583196;0;6
"Aggr";55;"F1 PUPA";4;2;2;1.57692307692308;0.576923076923077;1;0.0608600596091933;0.016906079206383;0.0608639777742911;5.46825334106006e-17;0.0169316806361256;0;2
"Aggr";56;"F2 CHFU";4;2;2;2;1;1;0.0915056140576665;2.83770696086897e-16;3.14162471330778e-17;4.55687778421672e-17;8.8897730704847e-06;0;4
"Aggr";57;"F2 LEMA";6;3;3;1.60123541523679;0.601235415236788;1;0.0668853212103249;0.0337232546458413;0.807905841582205;5.46825334106006e-17;0.033736729455654;0;4
"Aggr";58;"F3 LEMA";6;3;3;1.28802597539729;0.288025975397286;1;0.093813018600682;0.09929481319599;0.714724071903185;7.29100445474675e-17;0.0993025394795287;0;6
"Aggr";59;"F4 CHFU";4;2;2;1.6;0.6;1;0.0898218972934679;2.44376273826414e-16;1.57081235665389e-16;3.64550222737338e-17;8.2169582406143e-06;0;4
"Aggr";60;"F4 LEMA";6;3;3;2.54838709677419;1.54838709677419;1;0.0768557504920938;0.0404064136137783;0.504071252179341;1.82275111368669e-17;0.040418590433296;0;4
"Aggr";61;"F4 PUPA";2;1;1;1.15384615384615;0.153846153846154;1;0.0381865821733181;0.0199606510993245;0.174380386154142;1.36706333526502e-17;0.0199660629793073;0;2
"Aggr";62;"F5 LEMA";6;3;3;1.32311991371703;0.323119913717031;1;0.0475964877714873;0.0266292680239046;0.492653852503588;3.64550222737338e-17;0.0266380582944822;0;6
"Aggr";63;"F6 CHFU";2;1;1;1.1;0.1;1;0.050819737769514;1.06150989633227e-16;2.51329977064622e-16;2.73412667053003e-17;3.65803922782765e-06;0;2
"Aggr";64;"F6 CHMI";2;1;1;1.8;0.8;1;0.0841040233703405;2.37347342950197e-16;0;2.27843889210836e-17;8.04075805337099e-06;0;2
"Aggr";65;"F6 LEMA";4;2;2;1.49308755760369;0.493087557603687;1;0.0697151828465147;0.05879046138928;0.503829830039992;3.64550222737338e-17;0.0587994825189466;0;4
"Aggr";66;"F6 PUPA";4;2;2;1.82692307692308;0.826923076923077;1;0.074728996611626;0.0386378931740602;0.0969430210051551;5.46825334106006e-17;0.0386567590675881;0;4
"Aggr";67;"Andrena";8;4;4;5.5;2.5;3;0.134630897992507;0.94920857235846;1.88497482798467e-16;0.0246579007828552;0.948872806714965;0;4
"Aggr";68;"Bee.sirphid";4;2;2;2.16666666666667;1.16666666666667;1;0.102056512616746;2.79426299392906e-16;0;2.73412667053003e-17;1.03132859556646e-05;0;2
"Aggr";69;"Black_small_fly";2;1;1;2;1;1;0.0980372986063564;2.5653587343547e-16;3.14162471330778e-17;1.36706333526502e-17;9.54751017688256e-06;0;2
"Aggr";70;"Bombilus_major";4;2;2;2.83333333333333;0.833333333333333;2;0.0640158796361649;0.00789349183801327;9.42487413992333e-17;0.0218389932541601;0.00790781705395162;0;4
"Aggr";71;"Bombylidae";12;6;6;4.65476190476191;2.6547619047619;2;0.151475790210166;0.0581205717761498;1.25664988532311e-16;0.0711305659554929;0.0581489522529915;0;6
"Aggr";72;"Brassicogethes";54;27;27;15.668253968254;13.668253968254;2;1;1;0;0.828354278103366;1;0;6
"Aggr";73;"Calliphoridae";2;1;1;1.83333333333333;0.833333333333333;1;0.0940180845959672;2.45899269769432e-16;0;2.27843889210836e-17;8.78173439810052e-06;0;2
"Aggr";74;"Cerambycidae";2;1;1;1.14285714285714;0.142857142857143;1;0.0252413462509828;0.00447579577457458;4.71243706996166e-17;0.00774905642383759;0.00447737065362941;0;2
"Aggr";75;"Conophorus";2;1;1;1.33333333333333;0.333333333333333;1;0.0424879206708096;0.00428427668756657;4.71243706996166e-17;0.0141919144330183;0.00428968352860335;0;2
"Aggr";76;"Curculionidae_6_10_3";2;1;1;1.5;0.5;1;0.0568359817502887;9.4476921130805e-17;3.14162471330778e-17;1.82275111368669e-17;4.99166751737877e-06;0;2
"Aggr";77;"Dilophus";4;2;2;1.83333333333333;0.833333333333333;1;0.0889361405711979;2.14535706649547e-16;0;3.64550222737338e-17;8.20012164916714e-06;0;4
"Aggr";78;"Elateridae";4;2;2;1.30952380952381;0.30952380952381;1;0.0347167667557788;0.00817089764449099;6.28324942661555e-17;0.0190807713898602;0.00817445713936525;0;4
"Aggr";79;"Geometridae";2;1;1;1.125;0.125;1;0.0249048603096442;0.00490767654747044;7.85406178326944e-17;0.00659056157257598;0.00490949943918881;0;2
"Aggr";80;"Malachius_bipustulatus";6;3;3;1.42063492063492;0.420634920634921;1;0.0444617670466117;0.0384912264624207;1.25664988532311e-16;0.0170948333166673;0.0384870664075626;0;6
"Aggr";81;"Musca.jar";2;1;1;2;1;1;0.0980372986063564;2.58586029040898e-16;3.14162471330778e-17;1.36706333526502e-17;9.54751017688256e-06;0;2
"Aggr";82;"Musca_sp.";4;2;2;3;2;1;0.143081462830899;4.02783284925848e-16;3.14162471330778e-17;9.11375556843344e-18;1.5307970454111e-05;0;2
"Aggr";83;"Muscidae";4;2;2;2;1;1;0.0917697871151856;2.08061958561092e-16;0;6.37962889790341e-17;8.89393828703915e-06;0;4
"Aggr";84;"Pieris_brassicae";6;3;3;2.33333333333333;1.33333333333333;1;0.0843510388488993;0.0108069222258792;0;0.0057476374467985;0.0108225452563385;0;4
"Aggr";85;"Psilothrix_viridicoerulea";54;27;27;15.890873015873;13.890873015873;2;0.845177827299374;0.365204789736888;1.00531990825849e-15;1;0.365395591333615;0;6
"Aggr";86;"Rainbow_beetle";2;1;1;1.16666666666667;0.166666666666667;1;0.0285967577308815;0.0021421383437833;4.71243706996166e-17;0.00709595721650914;0.00214484176430168;0;2
"Aggr";87;"Sarcophaga";2;1;1;1.42857142857143;0.428571428571429;1;0.0435298055028071;0.0146674539236244;3.14162471330778e-17;0.0173401502568591;0.0146700183443397;0;2
"Aggr";88;"Small.bee.1.18.6";6;3;3;4.66666666666667;2.66666666666667;2;0.161948099421447;0.0210692390811987;6.28324942661555e-17;0.00410577358436595;0.021134127022975;0;2
"Aggr";89;"Small.bee.1.8.6";30;15;15;10.0428571428571;8.04285714285714;2;0.359120983494988;0.197351247385884;5.02659954129244e-16;0.174380386154142;0.197401753635389;0;6
"Aggr";90;"Sphaerophoria_scripta";4;2;2;1.7;0.7;1;0.045076133165373;0.00986430504955898;6.28324942661555e-17;0.0264688115869468;0.00986912746962185;0;4
"Aggr";91;"Tabanidae";4;2;2;2.53333333333333;0.533333333333333;2;0.0527724305337047;0.00814210429800032;1.57081235665389e-16;0.0088246149996606;0.00815112633531759;0;4
"Aggr";92;"Ulidiidae";18;9;9;8.66666666666667;7.66666666666667;1;0.424872270336007;1.26201535822248e-15;0;7.29100445474675e-17;5.06670749173158e-05;0;4
"Aggr";93;"X1.29.5";4;2;2;3.25;1.25;2;0.063576325229628;0.0094079777919133;9.42487413992333e-17;0.0153458180819063;0.00942332445861076;0;2
