"Layer";"Node";"Label";"Strength";"StrengthIn";"StrengthOut";"Degree";"DegreeIn";"DegreeOut";"PageRank";"Eigenvector";"Hub";"Authority";"Katz";"Multiplexity";"Kcore"
"1-Multi";1;"A1 LEMA";1.02380952380952;0.0238095238095238;1;2;1;1;0.0592357559820628;1;1;0;0.999999999998097;0.5;2
"1-Multi";2;"A2 LEMA";1.6;0.6;1;2;1;1;0.119676948452822;1;0.0256725225708654;0;0.999999999998098;0.5;2
"1-Multi";3;"A4 LEMA";1.02380952380952;0.0238095238095238;1;2;1;1;0.0592357559820628;1;1;0;0.999999999998097;0.5;2
"1-Multi";4;"A4 PUPA";2;1;1;2;1;1;0.151019203362096;1;0;0;1;0.5;2
"1-Multi";5;"A6 LEMA";1.42380952380952;0.423809523809524;1;4;2;2;0.112756179003582;1;0.350448348380577;0;0.999999999998098;0.5;2
"1-Multi";6;"B1 LEMA";1.04761904761905;0.0476190476190476;1;2;1;1;0.0790751980435794;1;1;0;0.999999999998097;0.5;2
"1-Multi";7;"B2 LEMA";1.4047619047619;0.404761904761905;1;4;2;2;0.130013038725374;1;0.760445125909259;0;0.999999999998098;0.5;4
"1-Multi";8;"B3 LEMA";2;1;1;2;1;1;0.151019203362093;1;0;0;1;0.5;2
"1-Multi";9;"B5 LEMA";1.1031746031746;0.103174603174603;1;4;2;2;0.0993252796135834;1;0.74173025277281;0;0.999999999998097;0.5;4
"1-Multi";10;"C1 LEMA";1.4047619047619;0.404761904761905;1;4;2;2;0.130013038725377;1;0.760445125909259;0;0.999999999998098;0.5;4
"1-Multi";11;"C2 LEMA";1.16666666666667;0.166666666666667;1;2;1;1;0.100146558630554;1;0.225190758318429;0;0.999999999998098;0.5;2
"1-Multi";12;"C3 LEMA";2.33333333333333;1.33333333333333;1;6;3;3;0.272361472424971;1;0.698350705662039;0;0.999999999998098;0.5;4
"1-Multi";13;"C4 LEMA";1.12698412698413;0.126984126984127;1;4;2;2;0.119164721675101;1;0.806297689579607;0;0.999999999998098;0.5;4
"1-Multi";14;"C5 LEMA";1.1031746031746;0.103174603174603;1;4;2;2;0.0993252796135812;1;0.74173025277281;0;0.999999999998097;0.5;4
"1-Multi";15;"D1 LEMA";1.65079365079365;0.650793650793651;1;6;3;3;0.172957041131865;1;0.706163117698843;0;0.999999999998097;0.5;4
"1-Multi";16;"D2 LEMA";2.5;1.5;1;4;2;2;0.155507419542339;1;0.00411017309795004;0;0.999999999998097;0.5;2
"1-Multi";17;"D3 LEMA";2;1;1;2;1;1;0.151019203362093;1;0;0;1;0.5;2
"1-Multi";18;"D6 LEMA";1.02380952380952;0.0238095238095238;1;2;1;1;0.0592357559820606;1;1;0;0.999999999998097;0.5;2
"1-Multi";19;"E1 LEMA";1.85714285714286;0.857142857142857;1;6;3;3;0.170185311213012;1;0.286611602699522;0;0.999999999998098;0.5;4
"1-Multi";20;"E2 LEMA";1.05555555555556;0.0555555555555556;1;2;1;1;0.059646395490549;1;0.225190758318429;0;0.999999999998098;0.5;2
"1-Multi";21;"E3 LEMA";1.33333333333333;0.333333333333333;1;2;1;1;0.0704947125408251;1;0.0417805036370345;0;0.999999999998097;0.5;2
"1-Multi";22;"E5 LEMA";1.17460317460317;0.174603174603175;1;4;2;2;0.158843605798132;1;0.870865126386405;0;0.999999999998097;0.5;4
"1-Multi";23;"F1 LEMA";1.11111111111111;0.111111111111111;1;2;1;1;0.0798964770605534;1;0.225190758318429;0;0.999999999998098;0.5;2
"1-Multi";24;"F2 LEMA";2.38095238095238;1.38095238095238;1;6;3;3;0.143231496102936;1;0.508659665071269;0;0.999999999998097;0.5;4
"1-Multi";25;"F3 LEMA";1.07936507936508;0.0793650793650794;1;4;2;2;0.0794858375520668;1;0.612595379159214;0;0.999999999998098;0.5;4
"1-Multi";26;"F4 LEMA";1.07142857142857;0.0714285714285714;1;2;1;1;0.0989146401050958;1;1;0;0.999999999998097;0.5;2
"1-Multi";27;"bee_1.1.2006";1.66666666666667;0.666666666666667;1;2;1;1;0.116354896050358;1;0;0.000271285709611367;0.999999999998097;0.5;2
"1-Multi";28;"Big.bee.2.8.6";1.5;0.5;1;4;2;2;0.099587280243156;1;0;0.011787947874627;0.999999999998097;0.5;2
"1-Multi";29;"Black.small.melyridae";2;1;1;2;1;1;0.151019203362091;1;0;0;1;0.5;2
"1-Multi";30;"Brassicogethes";13.219696969697;12.219696969697;1;34;17;17;1;1;0;1;0.999999999998097;0.5;4
"1-Multi";31;"Cryptocephalus";1.09090909090909;0.0909090909090909;1;2;1;1;0.0589202973882558;1;0;0.00628548732714025;0.999999999998098;0.5;2
"1-Multi";32;"Elateridae";2.5;1.5;1;6;3;3;0.129457210914182;1;0;0.0417805036370344;0.999999999998097;0.5;4
"1-Multi";33;"Lasioglossum";1.25;0.25;1;2;1;1;0.0656471484883704;1;0;0.0125899896641549;0.999999999998098;0.5;2
"1-Multi";34;"Oedemeridae";1.58333333333333;0.583333333333333;1;4;2;2;0.108285175526634;1;0;0.0220486706209219;0.999999999998097;0.5;4
"1-Multi";35;"Psilothrix_viridicoerulea";6.52272727272727;5.52272727272727;1;22;11;11;0.448523413736812;1;0;0.225190758318428;0.999999999998098;0.5;4
"1-Multi";36;"Small.bee.1.16.6";2;1;1;2;1;1;0.151019203362095;1;0;0;1;0.5;2
"1-Multi";37;"Small.bee.1.8.6";2.66666666666667;1.66666666666667;1;4;2;2;0.177111165847088;1;0;0.0256725225708652;0.999999999998098;0.5;2
"1-Multi";38;"Ulidiidae";2;1;1;2;1;1;0.151019203362094;1;0;0;1;0.5;2
"2-Multi";1;"A1 LEMA";1.02380952380952;0.0238095238095238;1;2;1;1;0.0592357559820628;1;1;0;0.999999999998097;0.5;2
"2-Multi";2;"A2 LEMA";1.6;0.6;1;2;1;1;0.119676948452822;1;0.0256725225708654;0;0.999999999998098;0.5;2
"2-Multi";3;"A4 LEMA";1.02380952380952;0.0238095238095238;1;2;1;1;0.0592357559820628;1;1;0;0.999999999998097;0.5;2
"2-Multi";4;"A4 PUPA";2;1;1;2;1;1;0.151019203362096;1;0;0;1;0.5;2
"2-Multi";5;"A6 LEMA";1.42380952380952;0.423809523809524;1;4;2;2;0.112756179003582;1;0.350448348380577;0;0.999999999998098;0.5;2
"2-Multi";6;"B1 LEMA";1.04761904761905;0.0476190476190476;1;2;1;1;0.0790751980435794;1;1;0;0.999999999998097;0.5;2
"2-Multi";7;"B2 LEMA";1.4047619047619;0.404761904761905;1;4;2;2;0.130013038725374;1;0.760445125909259;0;0.999999999998098;0.5;4
"2-Multi";8;"B3 LEMA";2;1;1;2;1;1;0.151019203362093;1;0;0;1;0.5;2
"2-Multi";9;"B5 LEMA";1.1031746031746;0.103174603174603;1;4;2;2;0.0993252796135834;1;0.74173025277281;0;0.999999999998097;0.5;4
"2-Multi";10;"C1 LEMA";1.4047619047619;0.404761904761905;1;4;2;2;0.130013038725377;1;0.760445125909259;0;0.999999999998098;0.5;4
"2-Multi";11;"C2 LEMA";1.16666666666667;0.166666666666667;1;2;1;1;0.100146558630554;1;0.225190758318429;0;0.999999999998098;0.5;2
"2-Multi";12;"C3 LEMA";2.33333333333333;1.33333333333333;1;6;3;3;0.272361472424971;1;0.698350705662039;0;0.999999999998098;0.5;4
"2-Multi";13;"C4 LEMA";1.12698412698413;0.126984126984127;1;4;2;2;0.119164721675101;1;0.806297689579607;0;0.999999999998098;0.5;4
"2-Multi";14;"C5 LEMA";1.1031746031746;0.103174603174603;1;4;2;2;0.0993252796135812;1;0.74173025277281;0;0.999999999998097;0.5;4
"2-Multi";15;"D1 LEMA";1.65079365079365;0.650793650793651;1;6;3;3;0.172957041131865;1;0.706163117698843;0;0.999999999998097;0.5;4
"2-Multi";16;"D2 LEMA";2.5;1.5;1;4;2;2;0.155507419542339;1;0.00411017309795004;0;0.999999999998097;0.5;2
"2-Multi";17;"D3 LEMA";2;1;1;2;1;1;0.151019203362093;1;0;0;1;0.5;2
"2-Multi";18;"D6 LEMA";1.02380952380952;0.0238095238095238;1;2;1;1;0.0592357559820606;1;1;0;0.999999999998097;0.5;2
"2-Multi";19;"E1 LEMA";1.85714285714286;0.857142857142857;1;6;3;3;0.170185311213012;1;0.286611602699522;0;0.999999999998098;0.5;4
"2-Multi";20;"E2 LEMA";1.05555555555556;0.0555555555555556;1;2;1;1;0.059646395490549;1;0.225190758318429;0;0.999999999998098;0.5;2
"2-Multi";21;"E3 LEMA";1.33333333333333;0.333333333333333;1;2;1;1;0.0704947125408251;1;0.0417805036370345;0;0.999999999998097;0.5;2
"2-Multi";22;"E5 LEMA";1.17460317460317;0.174603174603175;1;4;2;2;0.158843605798132;1;0.870865126386405;0;0.999999999998097;0.5;4
"2-Multi";23;"F1 LEMA";1.11111111111111;0.111111111111111;1;2;1;1;0.0798964770605534;1;0.225190758318429;0;0.999999999998098;0.5;2
"2-Multi";24;"F2 LEMA";2.38095238095238;1.38095238095238;1;6;3;3;0.143231496102936;1;0.508659665071269;0;0.999999999998097;0.5;4
"2-Multi";25;"F3 LEMA";1.07936507936508;0.0793650793650794;1;4;2;2;0.0794858375520668;1;0.612595379159214;0;0.999999999998098;0.5;4
"2-Multi";26;"F4 LEMA";1.07142857142857;0.0714285714285714;1;2;1;1;0.0989146401050958;1;1;0;0.999999999998097;0.5;2
"2-Multi";27;"bee_1.1.2006";1.66666666666667;0.666666666666667;1;2;1;1;0.116354896050358;1;0;0.000271285709611367;0.999999999998097;0.5;2
"2-Multi";28;"Big.bee.2.8.6";1.5;0.5;1;4;2;2;0.099587280243156;1;0;0.011787947874627;0.999999999998097;0.5;2
"2-Multi";29;"Black.small.melyridae";2;1;1;2;1;1;0.151019203362091;1;0;0;1;0.5;2
"2-Multi";30;"Brassicogethes";13.219696969697;12.219696969697;1;34;17;17;1;1;0;1;0.999999999998097;0.5;4
"2-Multi";31;"Cryptocephalus";1.09090909090909;0.0909090909090909;1;2;1;1;0.0589202973882558;1;0;0.00628548732714025;0.999999999998098;0.5;2
"2-Multi";32;"Elateridae";2.5;1.5;1;6;3;3;0.129457210914182;1;0;0.0417805036370344;0.999999999998097;0.5;4
"2-Multi";33;"Lasioglossum";1.25;0.25;1;2;1;1;0.0656471484883704;1;0;0.0125899896641549;0.999999999998098;0.5;2
"2-Multi";34;"Oedemeridae";1.58333333333333;0.583333333333333;1;4;2;2;0.108285175526634;1;0;0.0220486706209219;0.999999999998097;0.5;4
"2-Multi";35;"Psilothrix_viridicoerulea";6.52272727272727;5.52272727272727;1;22;11;11;0.448523413736812;1;0;0.225190758318428;0.999999999998098;0.5;4
"2-Multi";36;"Small.bee.1.16.6";2;1;1;2;1;1;0.151019203362095;1;0;0;1;0.5;2
"2-Multi";37;"Small.bee.1.8.6";2.66666666666667;1.66666666666667;1;4;2;2;0.177111165847088;1;0;0.0256725225708652;0.999999999998098;0.5;2
"2-Multi";38;"Ulidiidae";2;1;1;2;1;1;0.151019203362094;1;0;0;1;0.5;2
"Aggr";1;"A1 LEMA";1.02380952380952;0.0238095238095238;1;2;1;1;0.0403320663961954;1;1;0;0.999999999996267;0;2
"Aggr";2;"A2 LEMA";1.6;0.6;1;2;1;1;0.101987762445219;1;0.0256725225708653;0;0.999999999996268;0;2
"Aggr";3;"A4 LEMA";1.02380952380952;0.0238095238095238;1;2;1;1;0.0403320663961954;1;1;0;0.999999999996267;0;2
"Aggr";4;"A4 PUPA";2;1;1;2;1;1;0.133959807720667;1;0;0;1;0;2
"Aggr";5;"A6 LEMA";1.42380952380952;0.423809523809524;1;4;2;2;0.0949279272542748;1;0.350448348380577;0;0.999999999996268;0;2
"Aggr";6;"B1 LEMA";1.04761904761905;0.0476190476190476;1;2;1;1;0.0605701616342907;1;1;0;0.999999999996267;0;2
"Aggr";7;"B2 LEMA";1.4047619047619;0.404761904761905;1;4;2;2;0.112531545817598;1;0.760445125909258;0;0.999999999996267;0;4
"Aggr";8;"B3 LEMA";2;1;1;2;1;1;0.133959807720667;1;0;0;1;0;2
"Aggr";9;"B5 LEMA";1.1031746031746;0.103174603174603;1;4;2;2;0.0812271477593109;1;0.74173025277281;0;0.999999999996267;0;4
"Aggr";10;"C1 LEMA";1.4047619047619;0.404761904761905;1;4;2;2;0.112531545817598;1;0.760445125909259;0;0.999999999996267;0;4
"Aggr";11;"C2 LEMA";1.16666666666667;0.166666666666667;1;2;1;1;0.0820649295331607;1;0.225190758318429;0;0.999999999996267;0;2
"Aggr";12;"C3 LEMA";2.33333333333333;1.33333333333333;1;6;3;3;0.257740324838369;1;0.698350705662039;0;0.999999999996267;0;4
"Aggr";13;"C4 LEMA";1.12698412698413;0.126984126984127;1;4;2;2;0.101465242997406;1;0.806297689579607;0;0.999999999996267;0;4
"Aggr";14;"C5 LEMA";1.1031746031746;0.103174603174603;1;4;2;2;0.0812271477593109;1;0.74173025277281;0;0.999999999996267;0;4
"Aggr";15;"D1 LEMA";1.65079365079365;0.650793650793651;1;6;3;3;0.156338463769818;1;0.706163117698843;0;0.999999999996267;0;4
"Aggr";16;"D2 LEMA";2.5;1.5;1;4;2;2;0.138538209987398;1;0.00411017309795003;0;0.999999999996268;0;2
"Aggr";17;"D3 LEMA";2;1;1;2;1;1;0.133959807720667;1;0;0;1;0;2
"Aggr";18;"D6 LEMA";1.02380952380952;0.0238095238095238;1;2;1;1;0.0403320663961954;1;1;0;0.999999999996267;0;2
"Aggr";19;"E1 LEMA";1.85714285714286;0.857142857142857;1;6;3;3;0.153511038789959;1;0.286611602699522;0;0.999999999996267;0;4
"Aggr";20;"E2 LEMA";1.05555555555556;0.0555555555555556;1;2;1;1;0.0407509572831203;1;0.225190758318429;0;0.999999999996267;0;2
"Aggr";21;"E3 LEMA";1.33333333333333;0.333333333333333;1;2;1;1;0.0518172601033118;1;0.0417805036370345;0;0.999999999996267;0;2
"Aggr";22;"E5 LEMA";1.17460317460317;0.174603174603175;1;4;2;2;0.141941433473597;1;0.870865126386405;0;0.999999999996267;0;4
"Aggr";23;"F1 LEMA";1.11111111111111;0.111111111111111;1;2;1;1;0.0614079434081405;1;0.225190758318429;0;0.999999999996267;0;2
"Aggr";24;"F2 LEMA";2.38095238095238;1.38095238095238;1;6;3;3;0.126015614496448;1;0.508659665071269;0;0.999999999996267;0;4
"Aggr";25;"F3 LEMA";1.07936507936508;0.0793650793650794;1;4;2;2;0.0609890525212155;1;0.612595379159215;0;0.999999999996267;0;4
"Aggr";26;"F4 LEMA";1.07142857142857;0.0714285714285714;1;2;1;1;0.0808082568723859;1;1;0;0.999999999996267;0;2
"Aggr";27;"bee_1.1.2006";1.66666666666667;0.666666666666667;1;2;1;1;0.0985989568176256;1;0;0.000271285709611377;0.999999999996268;0;2
"Aggr";28;"Big.bee.2.8.6";1.5;0.5;1;4;2;2;0.0814944130219207;1;0;0.0117879478746269;0.999999999996267;0;2
"Aggr";29;"Black.small.melyridae";2;1;1;2;1;1;0.133959807720667;1;0;0;1;0;2
"Aggr";30;"Brassicogethes";13.219696969697;12.219696969697;1;34;17;17;1;1;0;1;0.999999999996267;0;4
"Aggr";31;"Cryptocephalus";1.09090909090909;0.0909090909090909;1;2;1;1;0.0400102689865197;1;0;0.00628548732714023;0.999999999996267;0;2
"Aggr";32;"Elateridae";2.5;1.5;1;6;3;3;0.111964549218394;1;0;0.0417805036370344;0.999999999996268;0;4
"Aggr";33;"Lasioglossum";1.25;0.25;1;2;1;1;0.0468722892385953;1;0;0.0125899896641549;0.999999999996267;0;2
"Aggr";34;"Oedemeridae";1.58333333333333;0.583333333333333;1;4;2;2;0.0903670835624171;1;0;0.022048670620922;0.999999999996267;0;4
"Aggr";35;"Psilothrix_viridicoerulea";6.52272727272727;5.52272727272727;1;22;11;11;0.437442059118074;1;0;0.225190758318428;0.999999999996267;0;4
"Aggr";36;"Small.bee.1.16.6";2;1;1;2;1;1;0.133959807720667;1;0;0;1;0;2
"Aggr";37;"Small.bee.1.8.6";2.66666666666667;1.66666666666667;1;4;2;2;0.160576061347291;1;0;0.0256725225708652;0.999999999996268;0;2
"Aggr";38;"Ulidiidae";2;1;1;2;1;1;0.133959807720667;1;0;0;1;0;2
