"Layer";"Node";"Label";"Strength";"StrengthIn";"StrengthOut";"Degree";"DegreeIn";"DegreeOut";"PageRank";"Eigenvector";"Hub";"Authority";"Katz";"Multiplexity";"Kcore"
"1-Multi";1;"A1 LEMA";1.54166666666667;0.541666666666667;1;4;2;2;0.157414943676832;0.00190663512522364;0.148677123763885;7.64119978156055e-08;0.00208489819439013;0.166666666666667;4
"1-Multi";2;"A2 LEMA";1.07272727272727;0.0727272727272727;1;2;1;1;0.168850016646369;0.00713084080794363;1;2.51806821762666e-07;0.00388603736042936;0.166666666666667;2
"1-Multi";3;"A2 SPRU";2;1;1;2;1;1;0.154877593126733;0;0;0;2.91909823372963e-05;0.166666666666667;2
"1-Multi";4;"A3 LEMA";1.03636363636364;0.0363636363636364;1;2;1;1;0.140847541060088;0.00356542040397127;0.999999999999999;1.25903410900361e-07;0.00388603736042936;0.166666666666667;2
"1-Multi";5;"A4 CHFU";1.25;0.25;1;2;1;1;0.173171113757388;0;0;0;1.46759010826098e-05;0.166666666666667;2
"1-Multi";6;"A4 LEMA";1.16136363636364;0.161363636363636;1;4;2;2;0.185673652477442;0.00773909068431697;0.564620456205036;3.35840082333035e-07;0.00337593977308873;0.166666666666667;4
"1-Multi";7;"A5 LEMA";1.58333333333333;0.583333333333333;1;4;2;2;0.165656788346543;0.00346478630156628;0.189478202403065;1.5750165094809e-07;0.0025227234425094;0.166666666666667;4
"1-Multi";8;"A6 LEMA";2.01818181818182;1.01818181818182;1;4;2;2;0.170429152183274;0.00235709890245842;0.514664775887774;7.10496105044664e-08;0.00257401589777835;0.166666666666667;2
"1-Multi";9;"B1 LEMA";1.13251366120219;0.132513661202186;1;4;2;2;0.175067382831454;0.00492624562780808;0.42084613414401;1.98371712479117e-07;0.00215424530187594;0.166666666666667;4
"1-Multi";10;"B2 LEMA";2.06915052160954;1.06915052160954;1;6;3;3;0.192640943800137;0.00553404411479909;0.610181267432803;1.86051295443933e-07;0.00241822560041264;0.166666666666667;4
"1-Multi";11;"B2 MESU";2;1;1;2;1;1;0.153397152478979;0.0608338918547662;0.000673399102362588;6.8941756806526e-05;0.171757693837632;0.166666666666667;2
"1-Multi";12;"B3 LEMA";1.20560109289617;0.205601092896175;1;4;2;2;0.235581246210965;0.00853721934092992;0.496304862062358;2.64691995493107e-07;0.00170007257397421;0.166666666666667;4
"1-Multi";13;"B4 LEMA";1.10902881271734;0.109028812717337;1;6;3;3;0.174126583485476;0.00531773240301248;0.565972648742331;1.91344527431275e-07;0.00232427783098948;0.166666666666667;6
"1-Multi";14;"B5 LEMA";1.21847988077496;0.218479880774963;1;4;2;2;0.262642922451271;0.0124941265201034;0.629614311975196;3.83568221348697e-07;0.00210177197539559;0.166666666666667;4
"1-Multi";15;"B6 LEMA";1.13114754098361;0.131147540983607;1;2;1;1;0.199080380352239;0.00571679673131763;0.518498605567754;1.55770484030525e-07;0.00156649235988547;0.166666666666667;2
"1-Multi";16;"C1 LEMA";1.10902881271734;0.109028812717337;1;6;3;3;0.174126583485477;0.00531773240301154;0.565972648742331;1.91344527442415e-07;0.00232427783098948;0.166666666666667;6
"1-Multi";17;"C1 MESU";2;1;1;2;1;1;0.1370801968557;0.142577098077817;0.00519175489920961;0.0152767314498148;0.402536464930558;0.166666666666667;2
"1-Multi";18;"C2 BEMA";3;2;1;4;2;2;0.243956907991796;0.375659288930334;0.00819474438436902;0.0154801962595255;0.176773110110709;0.166666666666667;2
"1-Multi";19;"C2 LEMA";1.05096870342772;0.0509687034277198;1;4;2;2;0.148405131986556;0.00321190938481529;0.678999070378503;1.01894326460282e-07;0.00233967402673343;0.166666666666667;4
"1-Multi";20;"C3 LEMA";1.01818181818182;0.0181818181818182;1;2;1;1;0.126846303266947;0.00178271020198673;1;6.29517054474374e-08;0.00388603736042936;0.166666666666667;2
"1-Multi";21;"C4 CETE";2;1;1;2;1;1;0.140295299122477;0.00128488880799635;9.19837833809564e-07;0.00263300515412618;0.0121119971741987;0.166666666666667;2
"1-Multi";22;"C4 LEMA";2.26136363636364;1.26136363636364;1;10;5;5;0.254509520824873;0.0496633075860699;0.307242352345814;5.59569879351835e-05;0.0134962533370702;0.166666666666667;6
"1-Multi";23;"C5 LEMA";1.01818181818182;0.0181818181818182;1;2;1;1;0.126846303266946;0.00178271020198671;1;6.29517054479695e-08;0.00388603736042936;0.166666666666667;2
"1-Multi";24;"C6 LEMA";1.62727272727273;0.627272727272727;1;4;2;2;0.233781378620287;0.0131613108619034;0.877462469149051;4.5820580804312e-07;0.0035873353026013;0.166666666666667;4
"1-Multi";25;"D1 LEMA";1.3166915052161;0.316691505216095;1;6;3;3;0.275790126516416;0.042815373640316;0.557599269138167;4.79272871373887e-05;0.00665614297927189;0.166666666666667;6
"1-Multi";26;"D4 LEMA";3;2;1;4;2;2;0.303512893643436;0;0;0;1.79228786413825e-05;0.166666666666667;2
"1-Multi";27;"D5 LEMA";2.06736214605067;1.06736214605067;1;6;3;3;0.188874931604537;0.00435057635807395;0.513439943453951;1.3697772231097e-07;0.00190421501724686;0.166666666666667;4
"1-Multi";28;"D6 LEMA";2.80606060606061;1.80606060606061;1;8;4;4;0.292666263994045;0.143784372578485;0.443714620443936;0.000219104816903404;0.0312400823900549;0.166666666666667;4
"1-Multi";29;"E1 CHFU";1.25;0.25;1;2;1;1;0.173171113757389;0;0;0;1.46759010826098e-05;0.166666666666667;2
"1-Multi";30;"E1 LEMA";2.53636363636364;1.53636363636364;1;6;3;3;0.206835982433907;0.00464703788364512;0.509375219155706;1.49359862433292e-07;0.00253755536064157;0.166666666666667;4
"1-Multi";31;"E2 LEMA";1.27954545454545;0.279545454545455;1;6;3;3;0.216043917769065;0.0409111586170843;0.560858198244889;4.79859910987674e-05;0.0127068924651544;0.166666666666667;6
"1-Multi";32;"E4 CHFU";1.25;0.25;1;2;1;1;0.173171113757388;0;0;0;1.46759010826098e-05;0.166666666666667;2
"1-Multi";33;"E4 LEMA";1.1780303030303;0.178030303030303;1;6;3;3;0.17215860569769;0.0363460015615359;0.594318133424359;4.7783081612362e-05;0.019747615116482;0.166666666666667;6
"1-Multi";34;"E5 LEMA";1.375;0.375;1;4;2;2;0.155789931434712;0.00547971684416136;0.147417975646708;3.60164115660174e-06;0.00596491610420196;0.166666666666667;4
"1-Multi";35;"E6 BEMA";3;2;1;4;2;2;0.277029552627139;0;0;0;1.46759010826098e-05;0.166666666666667;2
"1-Multi";36;"E6 LEMA";1.22548435171386;0.22548435171386;1;6;3;3;0.224000934090939;0.0428002185341115;0.827675464032099;4.79843808541329e-05;0.0116331534440837;0.166666666666667;6
"1-Multi";37;"F1 LEMA";1.04166666666667;0.0416666666666667;1;2;1;1;0.127787102612924;0.00139122342678091;0.274367427008394;6.9978890515502e-08;0.00303587471486164;0.166666666666667;2
"1-Multi";38;"F1 SPRU";2;1;1;2;1;1;0.219420960643515;0;0;0;1.46759010826098e-05;0.166666666666667;2
"1-Multi";39;"F2 CHFU";2.25;1.25;1;4;2;2;0.242953317334642;0;0;0;1.46759010826098e-05;0.166666666666667;2
"1-Multi";40;"F2 LEMA";1.07445355191257;0.0744535519125683;1;4;2;2;0.149345931332534;0.0028204226096122;0.437121546047968;1.08921511490969e-07;0.00205628647821086;0.166666666666667;4
"1-Multi";41;"F3 LEMA";1.1108171882762;0.110817188276205;1;6;3;3;0.177348406918814;0.00638584301358262;0.662272927628781;2.3482492237983e-07;0.00278818683109826;0.166666666666667;6
"1-Multi";42;"F4 LEMA";1.4679085941381;0.467908594138102;1;10;5;5;0.201994848171937;0.0397453852467965;0.365034081089156;4.93569947934987e-05;0.0144003321821016;0.166666666666667;6
"1-Multi";43;"F5 LEMA";1.15606060606061;0.156060606060606;1;4;2;2;0.198734090924604;0.0099132876615061;0.758122475669465;3.91764602734351e-07;0.00360264981190678;0.166666666666667;4
"1-Multi";44;"Andrena";1.54166666666667;0.541666666666667;1;4;2;2;0.1792894546484;0.0176260714130891;5.43069896500449e-05;0.0200659202613522;0.00958410498551245;0.166666666666667;4
"1-Multi";45;"Andrena_2_10_3";9.28903596403596;8.28903596403596;1;28;14;14;0.867619055676864;0.0624400956495553;1.04211114719754e-05;0.518498605567755;0.00223755405567859;0.166666666666667;6
"1-Multi";46;"Beetle_orange_3_10_3";1.2;0.2;1;2;1;1;0.128967419571121;0.000607443417204507;1.36977722483916e-07;0.0117039005664932;0.00133378459534589;0.166666666666667;2
"1-Multi";47;"Black_beetle_1_10_03";1.45833333333333;0.458333333333333;1;4;2;2;0.147984963019146;0.00195479597712502;3.07853729649586e-07;0.0196997531924066;0.00213718115304831;0.166666666666667;4
"1-Multi";48;"Black_small_fly";4.5;3.5;1;8;4;4;0.377924840601891;0;0;0;1.46759010826098e-05;0.166666666666667;2
"1-Multi";49;"Black_small_fly_SPRU";2;1;1;2;1;1;0.219420960643516;0;0;0;1.46759010826098e-05;0.166666666666667;2
"1-Multi";50;"Bombylidae";1.25;0.25;1;2;1;1;0.136814731396695;0.000811045577518066;1.49359862617631e-07;0.0145140561034495;0.00177592667446602;0.166666666666667;2
"1-Multi";51;"Brassicogethes";12.5438644688645;11.5438644688645;1;46;23;23;1;0.140447625278662;3.0378002518157e-05;1;0.00556015440642429;0.166666666666667;6
"1-Multi";52;"Chryptocephalus";1.5;0.5;1;2;1;1;0.14531149446306;0.000822766970501214;7.10496107316232e-08;0.0293295517755489;0.00180138018909463;0.166666666666667;2
"1-Multi";53;"Cylindromyia";1.75;0.75;1;4;2;2;0.163750121770705;0.00147657403889103;1.12885930302071e-07;0.0229868205193756;0.00161792412283455;0.166666666666667;4
"1-Multi";54;"Eristalis.";1.5;0.5;1;2;1;1;0.190616664651703;0;0;0;1.46759010826098e-05;0.166666666666667;2
"1-Multi";55;"Lagorina_sericea";1.66666666666667;0.666666666666667;1;2;1;1;0.231547757620231;0;0;0;1.69426529541188e-05;0.166666666666667;2
"1-Multi";56;"Lasioglossum";5.87884615384615;2.80192307692308;3.07692307692308;12;6;6;0.246254920154231;0.0194098457915197;0.0231944880112363;0.020469444122855;0.0300664050675312;0.333333333333333;4
"1-Multi";57;"Lomatia.";1.5;0.5;1;2;1;1;0.1906166646517;0;0;0;1.46759010826098e-05;0.166666666666667;2
"1-Multi";58;"Malachius_bipustulatus";1.2;0.2;1;2;1;1;0.129607641644375;0.000772683523166679;1.86051295674498e-07;0.0139091260285066;0.00169262121502579;0.166666666666667;2
"1-Multi";59;"Musca";6.16666666666667;2.83333333333333;3.33333333333333;8;4;4;0.293722042080842;0.279101009637262;0.016309545614754;0.00120934033332987;0.426675785695705;0.333333333333333;2
"1-Multi";60;"Nemotelus";1.1;0.1;1;2;1;1;0.129728505775573;0.0100378505549541;0.000219104816903517;0.00505725339816778;0.02181348643067;0.166666666666667;2
"1-Multi";61;"Psilothrix_viridicoerulea";7.16114718614719;6.16114718614719;1;32;16;16;0.515930367901315;0.0478276546812209;1.47355828393383e-05;0.274367427008394;0.0043423506114163;0.166666666666667;6
"1-Multi";62;"Sphaerophoria";6.1025641025641;2.71794871794872;3.38461538461538;8;4;4;0.294321493353352;0;0;0;4.89703344966149e-05;0.333333333333333;2
"1-Multi";63;"Sphaerophoria_scripta";13.0630036630037;6.42197802197802;6.64102564102564;30;15;15;0.538322529184441;1;0.258326491722435;0.123950409126022;1;0.5;6
"1-Multi";64;"Ulidiidae";1.5;0.5;1;2;1;1;0.176134264652391;0;0;0;1.46759010826098e-05;0.166666666666667;2
"2-Multi";1;"A1 LEMA";1.54166666666667;0.541666666666667;1;4;2;2;0.157414943676832;0.00190663512522364;0.148677123763885;7.64119978156055e-08;0.00208489819439013;0.166666666666667;4
"2-Multi";2;"A2 LEMA";1.07272727272727;0.0727272727272727;1;2;1;1;0.168850016646369;0.00713084080794363;1;2.51806821762666e-07;0.00388603736042936;0.166666666666667;2
"2-Multi";3;"A2 SPRU";2;1;1;2;1;1;0.154877593126733;0;0;0;2.91909823372963e-05;0.166666666666667;2
"2-Multi";4;"A3 LEMA";1.03636363636364;0.0363636363636364;1;2;1;1;0.140847541060088;0.00356542040397127;0.999999999999999;1.25903410900361e-07;0.00388603736042936;0.166666666666667;2
"2-Multi";5;"A4 CHFU";1.25;0.25;1;2;1;1;0.173171113757388;0;0;0;1.46759010826098e-05;0.166666666666667;2
"2-Multi";6;"A4 LEMA";1.16136363636364;0.161363636363636;1;4;2;2;0.185673652477442;0.00773909068431697;0.564620456205036;3.35840082333035e-07;0.00337593977308873;0.166666666666667;4
"2-Multi";7;"A5 LEMA";1.58333333333333;0.583333333333333;1;4;2;2;0.165656788346543;0.00346478630156628;0.189478202403065;1.5750165094809e-07;0.0025227234425094;0.166666666666667;4
"2-Multi";8;"A6 LEMA";2.01818181818182;1.01818181818182;1;4;2;2;0.170429152183274;0.00235709890245842;0.514664775887774;7.10496105044664e-08;0.00257401589777835;0.166666666666667;2
"2-Multi";9;"B1 LEMA";1.13251366120219;0.132513661202186;1;4;2;2;0.175067382831454;0.00492624562780808;0.42084613414401;1.98371712479117e-07;0.00215424530187594;0.166666666666667;4
"2-Multi";10;"B2 LEMA";2.06915052160954;1.06915052160954;1;6;3;3;0.192640943800137;0.00553404411479909;0.610181267432803;1.86051295443933e-07;0.00241822560041264;0.166666666666667;4
"2-Multi";11;"B2 MESU";2;1;1;2;1;1;0.153397152478979;0.0608338918547662;0.000673399102362588;6.8941756806526e-05;0.171757693837632;0.166666666666667;2
"2-Multi";12;"B3 LEMA";1.20560109289617;0.205601092896175;1;4;2;2;0.235581246210965;0.00853721934092992;0.496304862062358;2.64691995493107e-07;0.00170007257397421;0.166666666666667;4
"2-Multi";13;"B4 LEMA";1.10902881271734;0.109028812717337;1;6;3;3;0.174126583485476;0.00531773240301248;0.565972648742331;1.91344527431275e-07;0.00232427783098948;0.166666666666667;6
"2-Multi";14;"B5 LEMA";1.21847988077496;0.218479880774963;1;4;2;2;0.262642922451271;0.0124941265201034;0.629614311975196;3.83568221348697e-07;0.00210177197539559;0.166666666666667;4
"2-Multi";15;"B6 LEMA";1.13114754098361;0.131147540983607;1;2;1;1;0.199080380352239;0.00571679673131763;0.518498605567754;1.55770484030525e-07;0.00156649235988547;0.166666666666667;2
"2-Multi";16;"C1 LEMA";1.10902881271734;0.109028812717337;1;6;3;3;0.174126583485477;0.00531773240301154;0.565972648742331;1.91344527442415e-07;0.00232427783098948;0.166666666666667;6
"2-Multi";17;"C1 MESU";2;1;1;2;1;1;0.1370801968557;0.142577098077817;0.00519175489920961;0.0152767314498148;0.402536464930558;0.166666666666667;2
"2-Multi";18;"C2 BEMA";3;2;1;4;2;2;0.243956907991796;0.375659288930334;0.00819474438436902;0.0154801962595255;0.176773110110709;0.166666666666667;2
"2-Multi";19;"C2 LEMA";1.05096870342772;0.0509687034277198;1;4;2;2;0.148405131986556;0.00321190938481529;0.678999070378503;1.01894326460282e-07;0.00233967402673343;0.166666666666667;4
"2-Multi";20;"C3 LEMA";1.01818181818182;0.0181818181818182;1;2;1;1;0.126846303266947;0.00178271020198673;1;6.29517054474374e-08;0.00388603736042936;0.166666666666667;2
"2-Multi";21;"C4 CETE";2;1;1;2;1;1;0.140295299122477;0.00128488880799635;9.19837833809564e-07;0.00263300515412618;0.0121119971741987;0.166666666666667;2
"2-Multi";22;"C4 LEMA";2.26136363636364;1.26136363636364;1;10;5;5;0.254509520824873;0.0496633075860699;0.307242352345814;5.59569879351835e-05;0.0134962533370702;0.166666666666667;6
"2-Multi";23;"C5 LEMA";1.01818181818182;0.0181818181818182;1;2;1;1;0.126846303266946;0.00178271020198671;1;6.29517054479695e-08;0.00388603736042936;0.166666666666667;2
"2-Multi";24;"C6 LEMA";1.62727272727273;0.627272727272727;1;4;2;2;0.233781378620287;0.0131613108619034;0.877462469149051;4.5820580804312e-07;0.0035873353026013;0.166666666666667;4
"2-Multi";25;"D1 LEMA";1.3166915052161;0.316691505216095;1;6;3;3;0.275790126516416;0.042815373640316;0.557599269138167;4.79272871373887e-05;0.00665614297927189;0.166666666666667;6
"2-Multi";26;"D4 LEMA";3;2;1;4;2;2;0.303512893643436;0;0;0;1.79228786413825e-05;0.166666666666667;2
"2-Multi";27;"D5 LEMA";2.06736214605067;1.06736214605067;1;6;3;3;0.188874931604537;0.00435057635807395;0.513439943453951;1.3697772231097e-07;0.00190421501724686;0.166666666666667;4
"2-Multi";28;"D6 LEMA";2.80606060606061;1.80606060606061;1;8;4;4;0.292666263994045;0.143784372578485;0.443714620443936;0.000219104816903404;0.0312400823900549;0.166666666666667;4
"2-Multi";29;"E1 CHFU";1.25;0.25;1;2;1;1;0.173171113757389;0;0;0;1.46759010826098e-05;0.166666666666667;2
"2-Multi";30;"E1 LEMA";2.53636363636364;1.53636363636364;1;6;3;3;0.206835982433907;0.00464703788364512;0.509375219155706;1.49359862433292e-07;0.00253755536064157;0.166666666666667;4
"2-Multi";31;"E2 LEMA";1.27954545454545;0.279545454545455;1;6;3;3;0.216043917769065;0.0409111586170843;0.560858198244889;4.79859910987674e-05;0.0127068924651544;0.166666666666667;6
"2-Multi";32;"E4 CHFU";1.25;0.25;1;2;1;1;0.173171113757388;0;0;0;1.46759010826098e-05;0.166666666666667;2
"2-Multi";33;"E4 LEMA";1.1780303030303;0.178030303030303;1;6;3;3;0.17215860569769;0.0363460015615359;0.594318133424359;4.7783081612362e-05;0.019747615116482;0.166666666666667;6
"2-Multi";34;"E5 LEMA";1.375;0.375;1;4;2;2;0.155789931434712;0.00547971684416136;0.147417975646708;3.60164115660174e-06;0.00596491610420196;0.166666666666667;4
"2-Multi";35;"E6 BEMA";3;2;1;4;2;2;0.277029552627139;0;0;0;1.46759010826098e-05;0.166666666666667;2
"2-Multi";36;"E6 LEMA";1.22548435171386;0.22548435171386;1;6;3;3;0.224000934090939;0.0428002185341115;0.827675464032099;4.79843808541329e-05;0.0116331534440837;0.166666666666667;6
"2-Multi";37;"F1 LEMA";1.04166666666667;0.0416666666666667;1;2;1;1;0.127787102612924;0.00139122342678091;0.274367427008394;6.9978890515502e-08;0.00303587471486164;0.166666666666667;2
"2-Multi";38;"F1 SPRU";2;1;1;2;1;1;0.219420960643515;0;0;0;1.46759010826098e-05;0.166666666666667;2
"2-Multi";39;"F2 CHFU";2.25;1.25;1;4;2;2;0.242953317334642;0;0;0;1.46759010826098e-05;0.166666666666667;2
"2-Multi";40;"F2 LEMA";1.07445355191257;0.0744535519125683;1;4;2;2;0.149345931332534;0.0028204226096122;0.437121546047968;1.08921511490969e-07;0.00205628647821086;0.166666666666667;4
"2-Multi";41;"F3 LEMA";1.1108171882762;0.110817188276205;1;6;3;3;0.177348406918814;0.00638584301358262;0.662272927628781;2.3482492237983e-07;0.00278818683109826;0.166666666666667;6
"2-Multi";42;"F4 LEMA";1.4679085941381;0.467908594138102;1;10;5;5;0.201994848171937;0.0397453852467965;0.365034081089156;4.93569947934987e-05;0.0144003321821016;0.166666666666667;6
"2-Multi";43;"F5 LEMA";1.15606060606061;0.156060606060606;1;4;2;2;0.198734090924604;0.0099132876615061;0.758122475669465;3.91764602734351e-07;0.00360264981190678;0.166666666666667;4
"2-Multi";44;"Andrena";1.54166666666667;0.541666666666667;1;4;2;2;0.1792894546484;0.0176260714130891;5.43069896500449e-05;0.0200659202613522;0.00958410498551245;0.166666666666667;4
"2-Multi";45;"Andrena_2_10_3";9.28903596403596;8.28903596403596;1;28;14;14;0.867619055676864;0.0624400956495553;1.04211114719754e-05;0.518498605567755;0.00223755405567859;0.166666666666667;6
"2-Multi";46;"Beetle_orange_3_10_3";1.2;0.2;1;2;1;1;0.128967419571121;0.000607443417204507;1.36977722483916e-07;0.0117039005664932;0.00133378459534589;0.166666666666667;2
"2-Multi";47;"Black_beetle_1_10_03";1.45833333333333;0.458333333333333;1;4;2;2;0.147984963019146;0.00195479597712502;3.07853729649586e-07;0.0196997531924066;0.00213718115304831;0.166666666666667;4
"2-Multi";48;"Black_small_fly";4.5;3.5;1;8;4;4;0.377924840601891;0;0;0;1.46759010826098e-05;0.166666666666667;2
"2-Multi";49;"Black_small_fly_SPRU";2;1;1;2;1;1;0.219420960643516;0;0;0;1.46759010826098e-05;0.166666666666667;2
"2-Multi";50;"Bombylidae";1.25;0.25;1;2;1;1;0.136814731396695;0.000811045577518066;1.49359862617631e-07;0.0145140561034495;0.00177592667446602;0.166666666666667;2
"2-Multi";51;"Brassicogethes";12.5438644688645;11.5438644688645;1;46;23;23;1;0.140447625278662;3.0378002518157e-05;1;0.00556015440642429;0.166666666666667;6
"2-Multi";52;"Chryptocephalus";1.5;0.5;1;2;1;1;0.14531149446306;0.000822766970501214;7.10496107316232e-08;0.0293295517755489;0.00180138018909463;0.166666666666667;2
"2-Multi";53;"Cylindromyia";1.75;0.75;1;4;2;2;0.163750121770705;0.00147657403889103;1.12885930302071e-07;0.0229868205193756;0.00161792412283455;0.166666666666667;4
"2-Multi";54;"Eristalis.";1.5;0.5;1;2;1;1;0.190616664651703;0;0;0;1.46759010826098e-05;0.166666666666667;2
"2-Multi";55;"Lagorina_sericea";1.66666666666667;0.666666666666667;1;2;1;1;0.231547757620231;0;0;0;1.69426529541188e-05;0.166666666666667;2
"2-Multi";56;"Lasioglossum";5.87884615384615;2.80192307692308;3.07692307692308;12;6;6;0.246254920154231;0.0194098457915197;0.0231944880112363;0.020469444122855;0.0300664050675312;0.333333333333333;4
"2-Multi";57;"Lomatia.";1.5;0.5;1;2;1;1;0.1906166646517;0;0;0;1.46759010826098e-05;0.166666666666667;2
"2-Multi";58;"Malachius_bipustulatus";1.2;0.2;1;2;1;1;0.129607641644375;0.000772683523166679;1.86051295674498e-07;0.0139091260285066;0.00169262121502579;0.166666666666667;2
"2-Multi";59;"Musca";6.16666666666667;2.83333333333333;3.33333333333333;8;4;4;0.293722042080842;0.279101009637262;0.016309545614754;0.00120934033332987;0.426675785695705;0.333333333333333;2
"2-Multi";60;"Nemotelus";1.1;0.1;1;2;1;1;0.129728505775573;0.0100378505549541;0.000219104816903517;0.00505725339816778;0.02181348643067;0.166666666666667;2
"2-Multi";61;"Psilothrix_viridicoerulea";7.16114718614719;6.16114718614719;1;32;16;16;0.515930367901315;0.0478276546812209;1.47355828393383e-05;0.274367427008394;0.0043423506114163;0.166666666666667;6
"2-Multi";62;"Sphaerophoria";6.1025641025641;2.71794871794872;3.38461538461538;8;4;4;0.294321493353352;0;0;0;4.89703344966149e-05;0.333333333333333;2
"2-Multi";63;"Sphaerophoria_scripta";13.0630036630037;6.42197802197802;6.64102564102564;30;15;15;0.538322529184441;1;0.258326491722435;0.123950409126022;1;0.5;6
"2-Multi";64;"Ulidiidae";1.5;0.5;1;2;1;1;0.176134264652391;0;0;0;1.46759010826098e-05;0.166666666666667;2
"3-Multi";1;"A1 LEMA";1.54166666666667;0.541666666666667;1;4;2;2;0.157414943676832;0.00190663512522364;0.148677123763885;7.64119978156055e-08;0.00208489819439013;0.166666666666667;4
"3-Multi";2;"A2 LEMA";1.07272727272727;0.0727272727272727;1;2;1;1;0.168850016646369;0.00713084080794363;1;2.51806821762666e-07;0.00388603736042936;0.166666666666667;2
"3-Multi";3;"A2 SPRU";2;1;1;2;1;1;0.154877593126733;0;0;0;2.91909823372963e-05;0.166666666666667;2
"3-Multi";4;"A3 LEMA";1.03636363636364;0.0363636363636364;1;2;1;1;0.140847541060088;0.00356542040397127;0.999999999999999;1.25903410900361e-07;0.00388603736042936;0.166666666666667;2
"3-Multi";5;"A4 CHFU";1.25;0.25;1;2;1;1;0.173171113757388;0;0;0;1.46759010826098e-05;0.166666666666667;2
"3-Multi";6;"A4 LEMA";1.16136363636364;0.161363636363636;1;4;2;2;0.185673652477442;0.00773909068431697;0.564620456205036;3.35840082333035e-07;0.00337593977308873;0.166666666666667;4
"3-Multi";7;"A5 LEMA";1.58333333333333;0.583333333333333;1;4;2;2;0.165656788346543;0.00346478630156628;0.189478202403065;1.5750165094809e-07;0.0025227234425094;0.166666666666667;4
"3-Multi";8;"A6 LEMA";2.01818181818182;1.01818181818182;1;4;2;2;0.170429152183274;0.00235709890245842;0.514664775887774;7.10496105044664e-08;0.00257401589777835;0.166666666666667;2
"3-Multi";9;"B1 LEMA";1.13251366120219;0.132513661202186;1;4;2;2;0.175067382831454;0.00492624562780808;0.42084613414401;1.98371712479117e-07;0.00215424530187594;0.166666666666667;4
"3-Multi";10;"B2 LEMA";2.06915052160954;1.06915052160954;1;6;3;3;0.192640943800137;0.00553404411479909;0.610181267432803;1.86051295443933e-07;0.00241822560041264;0.166666666666667;4
"3-Multi";11;"B2 MESU";2;1;1;2;1;1;0.153397152478979;0.0608338918547662;0.000673399102362588;6.8941756806526e-05;0.171757693837632;0.166666666666667;2
"3-Multi";12;"B3 LEMA";1.20560109289617;0.205601092896175;1;4;2;2;0.235581246210965;0.00853721934092992;0.496304862062358;2.64691995493107e-07;0.00170007257397421;0.166666666666667;4
"3-Multi";13;"B4 LEMA";1.10902881271734;0.109028812717337;1;6;3;3;0.174126583485476;0.00531773240301248;0.565972648742331;1.91344527431275e-07;0.00232427783098948;0.166666666666667;6
"3-Multi";14;"B5 LEMA";1.21847988077496;0.218479880774963;1;4;2;2;0.262642922451271;0.0124941265201034;0.629614311975196;3.83568221348697e-07;0.00210177197539559;0.166666666666667;4
"3-Multi";15;"B6 LEMA";1.13114754098361;0.131147540983607;1;2;1;1;0.199080380352239;0.00571679673131763;0.518498605567754;1.55770484030525e-07;0.00156649235988547;0.166666666666667;2
"3-Multi";16;"C1 LEMA";1.10902881271734;0.109028812717337;1;6;3;3;0.174126583485477;0.00531773240301154;0.565972648742331;1.91344527442415e-07;0.00232427783098948;0.166666666666667;6
"3-Multi";17;"C1 MESU";2;1;1;2;1;1;0.1370801968557;0.142577098077817;0.00519175489920961;0.0152767314498148;0.402536464930558;0.166666666666667;2
"3-Multi";18;"C2 BEMA";3;2;1;4;2;2;0.243956907991796;0.375659288930334;0.00819474438436902;0.0154801962595255;0.176773110110709;0.166666666666667;2
"3-Multi";19;"C2 LEMA";1.05096870342772;0.0509687034277198;1;4;2;2;0.148405131986556;0.00321190938481529;0.678999070378503;1.01894326460282e-07;0.00233967402673343;0.166666666666667;4
"3-Multi";20;"C3 LEMA";1.01818181818182;0.0181818181818182;1;2;1;1;0.126846303266947;0.00178271020198673;1;6.29517054474374e-08;0.00388603736042936;0.166666666666667;2
"3-Multi";21;"C4 CETE";2;1;1;2;1;1;0.140295299122477;0.00128488880799635;9.19837833809564e-07;0.00263300515412618;0.0121119971741987;0.166666666666667;2
"3-Multi";22;"C4 LEMA";2.26136363636364;1.26136363636364;1;10;5;5;0.254509520824873;0.0496633075860699;0.307242352345814;5.59569879351835e-05;0.0134962533370702;0.166666666666667;6
"3-Multi";23;"C5 LEMA";1.01818181818182;0.0181818181818182;1;2;1;1;0.126846303266946;0.00178271020198671;1;6.29517054479695e-08;0.00388603736042936;0.166666666666667;2
"3-Multi";24;"C6 LEMA";1.62727272727273;0.627272727272727;1;4;2;2;0.233781378620287;0.0131613108619034;0.877462469149051;4.5820580804312e-07;0.0035873353026013;0.166666666666667;4
"3-Multi";25;"D1 LEMA";1.3166915052161;0.316691505216095;1;6;3;3;0.275790126516416;0.042815373640316;0.557599269138167;4.79272871373887e-05;0.00665614297927189;0.166666666666667;6
"3-Multi";26;"D4 LEMA";3;2;1;4;2;2;0.303512893643436;0;0;0;1.79228786413825e-05;0.166666666666667;2
"3-Multi";27;"D5 LEMA";2.06736214605067;1.06736214605067;1;6;3;3;0.188874931604537;0.00435057635807395;0.513439943453951;1.3697772231097e-07;0.00190421501724686;0.166666666666667;4
"3-Multi";28;"D6 LEMA";2.80606060606061;1.80606060606061;1;8;4;4;0.292666263994045;0.143784372578485;0.443714620443936;0.000219104816903404;0.0312400823900549;0.166666666666667;4
"3-Multi";29;"E1 CHFU";1.25;0.25;1;2;1;1;0.173171113757389;0;0;0;1.46759010826098e-05;0.166666666666667;2
"3-Multi";30;"E1 LEMA";2.53636363636364;1.53636363636364;1;6;3;3;0.206835982433907;0.00464703788364512;0.509375219155706;1.49359862433292e-07;0.00253755536064157;0.166666666666667;4
"3-Multi";31;"E2 LEMA";1.27954545454545;0.279545454545455;1;6;3;3;0.216043917769065;0.0409111586170843;0.560858198244889;4.79859910987674e-05;0.0127068924651544;0.166666666666667;6
"3-Multi";32;"E4 CHFU";1.25;0.25;1;2;1;1;0.173171113757388;0;0;0;1.46759010826098e-05;0.166666666666667;2
"3-Multi";33;"E4 LEMA";1.1780303030303;0.178030303030303;1;6;3;3;0.17215860569769;0.0363460015615359;0.594318133424359;4.7783081612362e-05;0.019747615116482;0.166666666666667;6
"3-Multi";34;"E5 LEMA";1.375;0.375;1;4;2;2;0.155789931434712;0.00547971684416136;0.147417975646708;3.60164115660174e-06;0.00596491610420196;0.166666666666667;4
"3-Multi";35;"E6 BEMA";3;2;1;4;2;2;0.277029552627139;0;0;0;1.46759010826098e-05;0.166666666666667;2
"3-Multi";36;"E6 LEMA";1.22548435171386;0.22548435171386;1;6;3;3;0.224000934090939;0.0428002185341115;0.827675464032099;4.79843808541329e-05;0.0116331534440837;0.166666666666667;6
"3-Multi";37;"F1 LEMA";1.04166666666667;0.0416666666666667;1;2;1;1;0.127787102612924;0.00139122342678091;0.274367427008394;6.9978890515502e-08;0.00303587471486164;0.166666666666667;2
"3-Multi";38;"F1 SPRU";2;1;1;2;1;1;0.219420960643515;0;0;0;1.46759010826098e-05;0.166666666666667;2
"3-Multi";39;"F2 CHFU";2.25;1.25;1;4;2;2;0.242953317334642;0;0;0;1.46759010826098e-05;0.166666666666667;2
"3-Multi";40;"F2 LEMA";1.07445355191257;0.0744535519125683;1;4;2;2;0.149345931332534;0.0028204226096122;0.437121546047968;1.08921511490969e-07;0.00205628647821086;0.166666666666667;4
"3-Multi";41;"F3 LEMA";1.1108171882762;0.110817188276205;1;6;3;3;0.177348406918814;0.00638584301358262;0.662272927628781;2.3482492237983e-07;0.00278818683109826;0.166666666666667;6
"3-Multi";42;"F4 LEMA";1.4679085941381;0.467908594138102;1;10;5;5;0.201994848171937;0.0397453852467965;0.365034081089156;4.93569947934987e-05;0.0144003321821016;0.166666666666667;6
"3-Multi";43;"F5 LEMA";1.15606060606061;0.156060606060606;1;4;2;2;0.198734090924604;0.0099132876615061;0.758122475669465;3.91764602734351e-07;0.00360264981190678;0.166666666666667;4
"3-Multi";44;"Andrena";1.54166666666667;0.541666666666667;1;4;2;2;0.1792894546484;0.0176260714130891;5.43069896500449e-05;0.0200659202613522;0.00958410498551245;0.166666666666667;4
"3-Multi";45;"Andrena_2_10_3";9.28903596403596;8.28903596403596;1;28;14;14;0.867619055676864;0.0624400956495553;1.04211114719754e-05;0.518498605567755;0.00223755405567859;0.166666666666667;6
"3-Multi";46;"Beetle_orange_3_10_3";1.2;0.2;1;2;1;1;0.128967419571121;0.000607443417204507;1.36977722483916e-07;0.0117039005664932;0.00133378459534589;0.166666666666667;2
"3-Multi";47;"Black_beetle_1_10_03";1.45833333333333;0.458333333333333;1;4;2;2;0.147984963019146;0.00195479597712502;3.07853729649586e-07;0.0196997531924066;0.00213718115304831;0.166666666666667;4
"3-Multi";48;"Black_small_fly";4.5;3.5;1;8;4;4;0.377924840601891;0;0;0;1.46759010826098e-05;0.166666666666667;2
"3-Multi";49;"Black_small_fly_SPRU";2;1;1;2;1;1;0.219420960643516;0;0;0;1.46759010826098e-05;0.166666666666667;2
"3-Multi";50;"Bombylidae";1.25;0.25;1;2;1;1;0.136814731396695;0.000811045577518066;1.49359862617631e-07;0.0145140561034495;0.00177592667446602;0.166666666666667;2
"3-Multi";51;"Brassicogethes";12.5438644688645;11.5438644688645;1;46;23;23;1;0.140447625278662;3.0378002518157e-05;1;0.00556015440642429;0.166666666666667;6
"3-Multi";52;"Chryptocephalus";1.5;0.5;1;2;1;1;0.14531149446306;0.000822766970501214;7.10496107316232e-08;0.0293295517755489;0.00180138018909463;0.166666666666667;2
"3-Multi";53;"Cylindromyia";1.75;0.75;1;4;2;2;0.163750121770705;0.00147657403889103;1.12885930302071e-07;0.0229868205193756;0.00161792412283455;0.166666666666667;4
"3-Multi";54;"Eristalis.";1.5;0.5;1;2;1;1;0.190616664651703;0;0;0;1.46759010826098e-05;0.166666666666667;2
"3-Multi";55;"Lagorina_sericea";1.66666666666667;0.666666666666667;1;2;1;1;0.231547757620231;0;0;0;1.69426529541188e-05;0.166666666666667;2
"3-Multi";56;"Lasioglossum";5.87884615384615;2.80192307692308;3.07692307692308;12;6;6;0.246254920154231;0.0194098457915197;0.0231944880112363;0.020469444122855;0.0300664050675312;0.333333333333333;4
"3-Multi";57;"Lomatia.";1.5;0.5;1;2;1;1;0.1906166646517;0;0;0;1.46759010826098e-05;0.166666666666667;2
"3-Multi";58;"Malachius_bipustulatus";1.2;0.2;1;2;1;1;0.129607641644375;0.000772683523166679;1.86051295674498e-07;0.0139091260285066;0.00169262121502579;0.166666666666667;2
"3-Multi";59;"Musca";6.16666666666667;2.83333333333333;3.33333333333333;8;4;4;0.293722042080842;0.279101009637262;0.016309545614754;0.00120934033332987;0.426675785695705;0.333333333333333;2
"3-Multi";60;"Nemotelus";1.1;0.1;1;2;1;1;0.129728505775573;0.0100378505549541;0.000219104816903517;0.00505725339816778;0.02181348643067;0.166666666666667;2
"3-Multi";61;"Psilothrix_viridicoerulea";7.16114718614719;6.16114718614719;1;32;16;16;0.515930367901315;0.0478276546812209;1.47355828393383e-05;0.274367427008394;0.0043423506114163;0.166666666666667;6
"3-Multi";62;"Sphaerophoria";6.1025641025641;2.71794871794872;3.38461538461538;8;4;4;0.294321493353352;0;0;0;4.89703344966149e-05;0.333333333333333;2
"3-Multi";63;"Sphaerophoria_scripta";13.0630036630037;6.42197802197802;6.64102564102564;30;15;15;0.538322529184441;1;0.258326491722435;0.123950409126022;1;0.5;6
"3-Multi";64;"Ulidiidae";1.5;0.5;1;2;1;1;0.176134264652391;0;0;0;1.46759010826098e-05;0.166666666666667;2
"4-Multi";1;"A1 LEMA";1.54166666666667;0.541666666666667;1;4;2;2;0.157414943676832;0.00190663512522364;0.148677123763885;7.64119978156055e-08;0.00208489819439013;0.166666666666667;4
"4-Multi";2;"A2 LEMA";1.07272727272727;0.0727272727272727;1;2;1;1;0.168850016646369;0.00713084080794363;1;2.51806821762666e-07;0.00388603736042936;0.166666666666667;2
"4-Multi";3;"A2 SPRU";2;1;1;2;1;1;0.154877593126733;0;0;0;2.91909823372963e-05;0.166666666666667;2
"4-Multi";4;"A3 LEMA";1.03636363636364;0.0363636363636364;1;2;1;1;0.140847541060088;0.00356542040397127;0.999999999999999;1.25903410900361e-07;0.00388603736042936;0.166666666666667;2
"4-Multi";5;"A4 CHFU";1.25;0.25;1;2;1;1;0.173171113757388;0;0;0;1.46759010826098e-05;0.166666666666667;2
"4-Multi";6;"A4 LEMA";1.16136363636364;0.161363636363636;1;4;2;2;0.185673652477442;0.00773909068431697;0.564620456205036;3.35840082333035e-07;0.00337593977308873;0.166666666666667;4
"4-Multi";7;"A5 LEMA";1.58333333333333;0.583333333333333;1;4;2;2;0.165656788346543;0.00346478630156628;0.189478202403065;1.5750165094809e-07;0.0025227234425094;0.166666666666667;4
"4-Multi";8;"A6 LEMA";2.01818181818182;1.01818181818182;1;4;2;2;0.170429152183274;0.00235709890245842;0.514664775887774;7.10496105044664e-08;0.00257401589777835;0.166666666666667;2
"4-Multi";9;"B1 LEMA";1.13251366120219;0.132513661202186;1;4;2;2;0.175067382831454;0.00492624562780808;0.42084613414401;1.98371712479117e-07;0.00215424530187594;0.166666666666667;4
"4-Multi";10;"B2 LEMA";2.06915052160954;1.06915052160954;1;6;3;3;0.192640943800137;0.00553404411479909;0.610181267432803;1.86051295443933e-07;0.00241822560041264;0.166666666666667;4
"4-Multi";11;"B2 MESU";2;1;1;2;1;1;0.153397152478979;0.0608338918547662;0.000673399102362588;6.8941756806526e-05;0.171757693837632;0.166666666666667;2
"4-Multi";12;"B3 LEMA";1.20560109289617;0.205601092896175;1;4;2;2;0.235581246210965;0.00853721934092992;0.496304862062358;2.64691995493107e-07;0.00170007257397421;0.166666666666667;4
"4-Multi";13;"B4 LEMA";1.10902881271734;0.109028812717337;1;6;3;3;0.174126583485476;0.00531773240301248;0.565972648742331;1.91344527431275e-07;0.00232427783098948;0.166666666666667;6
"4-Multi";14;"B5 LEMA";1.21847988077496;0.218479880774963;1;4;2;2;0.262642922451271;0.0124941265201034;0.629614311975196;3.83568221348697e-07;0.00210177197539559;0.166666666666667;4
"4-Multi";15;"B6 LEMA";1.13114754098361;0.131147540983607;1;2;1;1;0.199080380352239;0.00571679673131763;0.518498605567754;1.55770484030525e-07;0.00156649235988547;0.166666666666667;2
"4-Multi";16;"C1 LEMA";1.10902881271734;0.109028812717337;1;6;3;3;0.174126583485477;0.00531773240301154;0.565972648742331;1.91344527442415e-07;0.00232427783098948;0.166666666666667;6
"4-Multi";17;"C1 MESU";2;1;1;2;1;1;0.1370801968557;0.142577098077817;0.00519175489920961;0.0152767314498148;0.402536464930558;0.166666666666667;2
"4-Multi";18;"C2 BEMA";3;2;1;4;2;2;0.243956907991796;0.375659288930334;0.00819474438436902;0.0154801962595255;0.176773110110709;0.166666666666667;2
"4-Multi";19;"C2 LEMA";1.05096870342772;0.0509687034277198;1;4;2;2;0.148405131986556;0.00321190938481529;0.678999070378503;1.01894326460282e-07;0.00233967402673343;0.166666666666667;4
"4-Multi";20;"C3 LEMA";1.01818181818182;0.0181818181818182;1;2;1;1;0.126846303266947;0.00178271020198673;1;6.29517054474374e-08;0.00388603736042936;0.166666666666667;2
"4-Multi";21;"C4 CETE";2;1;1;2;1;1;0.140295299122477;0.00128488880799635;9.19837833809564e-07;0.00263300515412618;0.0121119971741987;0.166666666666667;2
"4-Multi";22;"C4 LEMA";2.26136363636364;1.26136363636364;1;10;5;5;0.254509520824873;0.0496633075860699;0.307242352345814;5.59569879351835e-05;0.0134962533370702;0.166666666666667;6
"4-Multi";23;"C5 LEMA";1.01818181818182;0.0181818181818182;1;2;1;1;0.126846303266946;0.00178271020198671;1;6.29517054479695e-08;0.00388603736042936;0.166666666666667;2
"4-Multi";24;"C6 LEMA";1.62727272727273;0.627272727272727;1;4;2;2;0.233781378620287;0.0131613108619034;0.877462469149051;4.5820580804312e-07;0.0035873353026013;0.166666666666667;4
"4-Multi";25;"D1 LEMA";1.3166915052161;0.316691505216095;1;6;3;3;0.275790126516416;0.042815373640316;0.557599269138167;4.79272871373887e-05;0.00665614297927189;0.166666666666667;6
"4-Multi";26;"D4 LEMA";3;2;1;4;2;2;0.303512893643436;0;0;0;1.79228786413825e-05;0.166666666666667;2
"4-Multi";27;"D5 LEMA";2.06736214605067;1.06736214605067;1;6;3;3;0.188874931604537;0.00435057635807395;0.513439943453951;1.3697772231097e-07;0.00190421501724686;0.166666666666667;4
"4-Multi";28;"D6 LEMA";2.80606060606061;1.80606060606061;1;8;4;4;0.292666263994045;0.143784372578485;0.443714620443936;0.000219104816903404;0.0312400823900549;0.166666666666667;4
"4-Multi";29;"E1 CHFU";1.25;0.25;1;2;1;1;0.173171113757389;0;0;0;1.46759010826098e-05;0.166666666666667;2
"4-Multi";30;"E1 LEMA";2.53636363636364;1.53636363636364;1;6;3;3;0.206835982433907;0.00464703788364512;0.509375219155706;1.49359862433292e-07;0.00253755536064157;0.166666666666667;4
"4-Multi";31;"E2 LEMA";1.27954545454545;0.279545454545455;1;6;3;3;0.216043917769065;0.0409111586170843;0.560858198244889;4.79859910987674e-05;0.0127068924651544;0.166666666666667;6
"4-Multi";32;"E4 CHFU";1.25;0.25;1;2;1;1;0.173171113757388;0;0;0;1.46759010826098e-05;0.166666666666667;2
"4-Multi";33;"E4 LEMA";1.1780303030303;0.178030303030303;1;6;3;3;0.17215860569769;0.0363460015615359;0.594318133424359;4.7783081612362e-05;0.019747615116482;0.166666666666667;6
"4-Multi";34;"E5 LEMA";1.375;0.375;1;4;2;2;0.155789931434712;0.00547971684416136;0.147417975646708;3.60164115660174e-06;0.00596491610420196;0.166666666666667;4
"4-Multi";35;"E6 BEMA";3;2;1;4;2;2;0.277029552627139;0;0;0;1.46759010826098e-05;0.166666666666667;2
"4-Multi";36;"E6 LEMA";1.22548435171386;0.22548435171386;1;6;3;3;0.224000934090939;0.0428002185341115;0.827675464032099;4.79843808541329e-05;0.0116331534440837;0.166666666666667;6
"4-Multi";37;"F1 LEMA";1.04166666666667;0.0416666666666667;1;2;1;1;0.127787102612924;0.00139122342678091;0.274367427008394;6.9978890515502e-08;0.00303587471486164;0.166666666666667;2
"4-Multi";38;"F1 SPRU";2;1;1;2;1;1;0.219420960643515;0;0;0;1.46759010826098e-05;0.166666666666667;2
"4-Multi";39;"F2 CHFU";2.25;1.25;1;4;2;2;0.242953317334642;0;0;0;1.46759010826098e-05;0.166666666666667;2
"4-Multi";40;"F2 LEMA";1.07445355191257;0.0744535519125683;1;4;2;2;0.149345931332534;0.0028204226096122;0.437121546047968;1.08921511490969e-07;0.00205628647821086;0.166666666666667;4
"4-Multi";41;"F3 LEMA";1.1108171882762;0.110817188276205;1;6;3;3;0.177348406918814;0.00638584301358262;0.662272927628781;2.3482492237983e-07;0.00278818683109826;0.166666666666667;6
"4-Multi";42;"F4 LEMA";1.4679085941381;0.467908594138102;1;10;5;5;0.201994848171937;0.0397453852467965;0.365034081089156;4.93569947934987e-05;0.0144003321821016;0.166666666666667;6
"4-Multi";43;"F5 LEMA";1.15606060606061;0.156060606060606;1;4;2;2;0.198734090924604;0.0099132876615061;0.758122475669465;3.91764602734351e-07;0.00360264981190678;0.166666666666667;4
"4-Multi";44;"Andrena";1.54166666666667;0.541666666666667;1;4;2;2;0.1792894546484;0.0176260714130891;5.43069896500449e-05;0.0200659202613522;0.00958410498551245;0.166666666666667;4
"4-Multi";45;"Andrena_2_10_3";9.28903596403596;8.28903596403596;1;28;14;14;0.867619055676864;0.0624400956495553;1.04211114719754e-05;0.518498605567755;0.00223755405567859;0.166666666666667;6
"4-Multi";46;"Beetle_orange_3_10_3";1.2;0.2;1;2;1;1;0.128967419571121;0.000607443417204507;1.36977722483916e-07;0.0117039005664932;0.00133378459534589;0.166666666666667;2
"4-Multi";47;"Black_beetle_1_10_03";1.45833333333333;0.458333333333333;1;4;2;2;0.147984963019146;0.00195479597712502;3.07853729649586e-07;0.0196997531924066;0.00213718115304831;0.166666666666667;4
"4-Multi";48;"Black_small_fly";4.5;3.5;1;8;4;4;0.377924840601891;0;0;0;1.46759010826098e-05;0.166666666666667;2
"4-Multi";49;"Black_small_fly_SPRU";2;1;1;2;1;1;0.219420960643516;0;0;0;1.46759010826098e-05;0.166666666666667;2
"4-Multi";50;"Bombylidae";1.25;0.25;1;2;1;1;0.136814731396695;0.000811045577518066;1.49359862617631e-07;0.0145140561034495;0.00177592667446602;0.166666666666667;2
"4-Multi";51;"Brassicogethes";12.5438644688645;11.5438644688645;1;46;23;23;1;0.140447625278662;3.0378002518157e-05;1;0.00556015440642429;0.166666666666667;6
"4-Multi";52;"Chryptocephalus";1.5;0.5;1;2;1;1;0.14531149446306;0.000822766970501214;7.10496107316232e-08;0.0293295517755489;0.00180138018909463;0.166666666666667;2
"4-Multi";53;"Cylindromyia";1.75;0.75;1;4;2;2;0.163750121770705;0.00147657403889103;1.12885930302071e-07;0.0229868205193756;0.00161792412283455;0.166666666666667;4
"4-Multi";54;"Eristalis.";1.5;0.5;1;2;1;1;0.190616664651703;0;0;0;1.46759010826098e-05;0.166666666666667;2
"4-Multi";55;"Lagorina_sericea";1.66666666666667;0.666666666666667;1;2;1;1;0.231547757620231;0;0;0;1.69426529541188e-05;0.166666666666667;2
"4-Multi";56;"Lasioglossum";5.87884615384615;2.80192307692308;3.07692307692308;12;6;6;0.246254920154231;0.0194098457915197;0.0231944880112363;0.020469444122855;0.0300664050675312;0.333333333333333;4
"4-Multi";57;"Lomatia.";1.5;0.5;1;2;1;1;0.1906166646517;0;0;0;1.46759010826098e-05;0.166666666666667;2
"4-Multi";58;"Malachius_bipustulatus";1.2;0.2;1;2;1;1;0.129607641644375;0.000772683523166679;1.86051295674498e-07;0.0139091260285066;0.00169262121502579;0.166666666666667;2
"4-Multi";59;"Musca";6.16666666666667;2.83333333333333;3.33333333333333;8;4;4;0.293722042080842;0.279101009637262;0.016309545614754;0.00120934033332987;0.426675785695705;0.333333333333333;2
"4-Multi";60;"Nemotelus";1.1;0.1;1;2;1;1;0.129728505775573;0.0100378505549541;0.000219104816903517;0.00505725339816778;0.02181348643067;0.166666666666667;2
"4-Multi";61;"Psilothrix_viridicoerulea";7.16114718614719;6.16114718614719;1;32;16;16;0.515930367901315;0.0478276546812209;1.47355828393383e-05;0.274367427008394;0.0043423506114163;0.166666666666667;6
"4-Multi";62;"Sphaerophoria";6.1025641025641;2.71794871794872;3.38461538461538;8;4;4;0.294321493353352;0;0;0;4.89703344966149e-05;0.333333333333333;2
"4-Multi";63;"Sphaerophoria_scripta";13.0630036630037;6.42197802197802;6.64102564102564;30;15;15;0.538322529184441;1;0.258326491722435;0.123950409126022;1;0.5;6
"4-Multi";64;"Ulidiidae";1.5;0.5;1;2;1;1;0.176134264652391;0;0;0;1.46759010826098e-05;0.166666666666667;2
"5-Multi";1;"A1 LEMA";1.54166666666667;0.541666666666667;1;4;2;2;0.157414943676832;0.00190663512522364;0.148677123763885;7.64119978156055e-08;0.00208489819439013;0.166666666666667;4
"5-Multi";2;"A2 LEMA";1.07272727272727;0.0727272727272727;1;2;1;1;0.168850016646369;0.00713084080794363;1;2.51806821762666e-07;0.00388603736042936;0.166666666666667;2
"5-Multi";3;"A2 SPRU";2;1;1;2;1;1;0.154877593126733;0;0;0;2.91909823372963e-05;0.166666666666667;2
"5-Multi";4;"A3 LEMA";1.03636363636364;0.0363636363636364;1;2;1;1;0.140847541060088;0.00356542040397127;0.999999999999999;1.25903410900361e-07;0.00388603736042936;0.166666666666667;2
"5-Multi";5;"A4 CHFU";1.25;0.25;1;2;1;1;0.173171113757388;0;0;0;1.46759010826098e-05;0.166666666666667;2
"5-Multi";6;"A4 LEMA";1.16136363636364;0.161363636363636;1;4;2;2;0.185673652477442;0.00773909068431697;0.564620456205036;3.35840082333035e-07;0.00337593977308873;0.166666666666667;4
"5-Multi";7;"A5 LEMA";1.58333333333333;0.583333333333333;1;4;2;2;0.165656788346543;0.00346478630156628;0.189478202403065;1.5750165094809e-07;0.0025227234425094;0.166666666666667;4
"5-Multi";8;"A6 LEMA";2.01818181818182;1.01818181818182;1;4;2;2;0.170429152183274;0.00235709890245842;0.514664775887774;7.10496105044664e-08;0.00257401589777835;0.166666666666667;2
"5-Multi";9;"B1 LEMA";1.13251366120219;0.132513661202186;1;4;2;2;0.175067382831454;0.00492624562780808;0.42084613414401;1.98371712479117e-07;0.00215424530187594;0.166666666666667;4
"5-Multi";10;"B2 LEMA";2.06915052160954;1.06915052160954;1;6;3;3;0.192640943800137;0.00553404411479909;0.610181267432803;1.86051295443933e-07;0.00241822560041264;0.166666666666667;4
"5-Multi";11;"B2 MESU";2;1;1;2;1;1;0.153397152478979;0.0608338918547662;0.000673399102362588;6.8941756806526e-05;0.171757693837632;0.166666666666667;2
"5-Multi";12;"B3 LEMA";1.20560109289617;0.205601092896175;1;4;2;2;0.235581246210965;0.00853721934092992;0.496304862062358;2.64691995493107e-07;0.00170007257397421;0.166666666666667;4
"5-Multi";13;"B4 LEMA";1.10902881271734;0.109028812717337;1;6;3;3;0.174126583485476;0.00531773240301248;0.565972648742331;1.91344527431275e-07;0.00232427783098948;0.166666666666667;6
"5-Multi";14;"B5 LEMA";1.21847988077496;0.218479880774963;1;4;2;2;0.262642922451271;0.0124941265201034;0.629614311975196;3.83568221348697e-07;0.00210177197539559;0.166666666666667;4
"5-Multi";15;"B6 LEMA";1.13114754098361;0.131147540983607;1;2;1;1;0.199080380352239;0.00571679673131763;0.518498605567754;1.55770484030525e-07;0.00156649235988547;0.166666666666667;2
"5-Multi";16;"C1 LEMA";1.10902881271734;0.109028812717337;1;6;3;3;0.174126583485477;0.00531773240301154;0.565972648742331;1.91344527442415e-07;0.00232427783098948;0.166666666666667;6
"5-Multi";17;"C1 MESU";2;1;1;2;1;1;0.1370801968557;0.142577098077817;0.00519175489920961;0.0152767314498148;0.402536464930558;0.166666666666667;2
"5-Multi";18;"C2 BEMA";3;2;1;4;2;2;0.243956907991796;0.375659288930334;0.00819474438436902;0.0154801962595255;0.176773110110709;0.166666666666667;2
"5-Multi";19;"C2 LEMA";1.05096870342772;0.0509687034277198;1;4;2;2;0.148405131986556;0.00321190938481529;0.678999070378503;1.01894326460282e-07;0.00233967402673343;0.166666666666667;4
"5-Multi";20;"C3 LEMA";1.01818181818182;0.0181818181818182;1;2;1;1;0.126846303266947;0.00178271020198673;1;6.29517054474374e-08;0.00388603736042936;0.166666666666667;2
"5-Multi";21;"C4 CETE";2;1;1;2;1;1;0.140295299122477;0.00128488880799635;9.19837833809564e-07;0.00263300515412618;0.0121119971741987;0.166666666666667;2
"5-Multi";22;"C4 LEMA";2.26136363636364;1.26136363636364;1;10;5;5;0.254509520824873;0.0496633075860699;0.307242352345814;5.59569879351835e-05;0.0134962533370702;0.166666666666667;6
"5-Multi";23;"C5 LEMA";1.01818181818182;0.0181818181818182;1;2;1;1;0.126846303266946;0.00178271020198671;1;6.29517054479695e-08;0.00388603736042936;0.166666666666667;2
"5-Multi";24;"C6 LEMA";1.62727272727273;0.627272727272727;1;4;2;2;0.233781378620287;0.0131613108619034;0.877462469149051;4.5820580804312e-07;0.0035873353026013;0.166666666666667;4
"5-Multi";25;"D1 LEMA";1.3166915052161;0.316691505216095;1;6;3;3;0.275790126516416;0.042815373640316;0.557599269138167;4.79272871373887e-05;0.00665614297927189;0.166666666666667;6
"5-Multi";26;"D4 LEMA";3;2;1;4;2;2;0.303512893643436;0;0;0;1.79228786413825e-05;0.166666666666667;2
"5-Multi";27;"D5 LEMA";2.06736214605067;1.06736214605067;1;6;3;3;0.188874931604537;0.00435057635807395;0.513439943453951;1.3697772231097e-07;0.00190421501724686;0.166666666666667;4
"5-Multi";28;"D6 LEMA";2.80606060606061;1.80606060606061;1;8;4;4;0.292666263994045;0.143784372578485;0.443714620443936;0.000219104816903404;0.0312400823900549;0.166666666666667;4
"5-Multi";29;"E1 CHFU";1.25;0.25;1;2;1;1;0.173171113757389;0;0;0;1.46759010826098e-05;0.166666666666667;2
"5-Multi";30;"E1 LEMA";2.53636363636364;1.53636363636364;1;6;3;3;0.206835982433907;0.00464703788364512;0.509375219155706;1.49359862433292e-07;0.00253755536064157;0.166666666666667;4
"5-Multi";31;"E2 LEMA";1.27954545454545;0.279545454545455;1;6;3;3;0.216043917769065;0.0409111586170843;0.560858198244889;4.79859910987674e-05;0.0127068924651544;0.166666666666667;6
"5-Multi";32;"E4 CHFU";1.25;0.25;1;2;1;1;0.173171113757388;0;0;0;1.46759010826098e-05;0.166666666666667;2
"5-Multi";33;"E4 LEMA";1.1780303030303;0.178030303030303;1;6;3;3;0.17215860569769;0.0363460015615359;0.594318133424359;4.7783081612362e-05;0.019747615116482;0.166666666666667;6
"5-Multi";34;"E5 LEMA";1.375;0.375;1;4;2;2;0.155789931434712;0.00547971684416136;0.147417975646708;3.60164115660174e-06;0.00596491610420196;0.166666666666667;4
"5-Multi";35;"E6 BEMA";3;2;1;4;2;2;0.277029552627139;0;0;0;1.46759010826098e-05;0.166666666666667;2
"5-Multi";36;"E6 LEMA";1.22548435171386;0.22548435171386;1;6;3;3;0.224000934090939;0.0428002185341115;0.827675464032099;4.79843808541329e-05;0.0116331534440837;0.166666666666667;6
"5-Multi";37;"F1 LEMA";1.04166666666667;0.0416666666666667;1;2;1;1;0.127787102612924;0.00139122342678091;0.274367427008394;6.9978890515502e-08;0.00303587471486164;0.166666666666667;2
"5-Multi";38;"F1 SPRU";2;1;1;2;1;1;0.219420960643515;0;0;0;1.46759010826098e-05;0.166666666666667;2
"5-Multi";39;"F2 CHFU";2.25;1.25;1;4;2;2;0.242953317334642;0;0;0;1.46759010826098e-05;0.166666666666667;2
"5-Multi";40;"F2 LEMA";1.07445355191257;0.0744535519125683;1;4;2;2;0.149345931332534;0.0028204226096122;0.437121546047968;1.08921511490969e-07;0.00205628647821086;0.166666666666667;4
"5-Multi";41;"F3 LEMA";1.1108171882762;0.110817188276205;1;6;3;3;0.177348406918814;0.00638584301358262;0.662272927628781;2.3482492237983e-07;0.00278818683109826;0.166666666666667;6
"5-Multi";42;"F4 LEMA";1.4679085941381;0.467908594138102;1;10;5;5;0.201994848171937;0.0397453852467965;0.365034081089156;4.93569947934987e-05;0.0144003321821016;0.166666666666667;6
"5-Multi";43;"F5 LEMA";1.15606060606061;0.156060606060606;1;4;2;2;0.198734090924604;0.0099132876615061;0.758122475669465;3.91764602734351e-07;0.00360264981190678;0.166666666666667;4
"5-Multi";44;"Andrena";1.54166666666667;0.541666666666667;1;4;2;2;0.1792894546484;0.0176260714130891;5.43069896500449e-05;0.0200659202613522;0.00958410498551245;0.166666666666667;4
"5-Multi";45;"Andrena_2_10_3";9.28903596403596;8.28903596403596;1;28;14;14;0.867619055676864;0.0624400956495553;1.04211114719754e-05;0.518498605567755;0.00223755405567859;0.166666666666667;6
"5-Multi";46;"Beetle_orange_3_10_3";1.2;0.2;1;2;1;1;0.128967419571121;0.000607443417204507;1.36977722483916e-07;0.0117039005664932;0.00133378459534589;0.166666666666667;2
"5-Multi";47;"Black_beetle_1_10_03";1.45833333333333;0.458333333333333;1;4;2;2;0.147984963019146;0.00195479597712502;3.07853729649586e-07;0.0196997531924066;0.00213718115304831;0.166666666666667;4
"5-Multi";48;"Black_small_fly";4.5;3.5;1;8;4;4;0.377924840601891;0;0;0;1.46759010826098e-05;0.166666666666667;2
"5-Multi";49;"Black_small_fly_SPRU";2;1;1;2;1;1;0.219420960643516;0;0;0;1.46759010826098e-05;0.166666666666667;2
"5-Multi";50;"Bombylidae";1.25;0.25;1;2;1;1;0.136814731396695;0.000811045577518066;1.49359862617631e-07;0.0145140561034495;0.00177592667446602;0.166666666666667;2
"5-Multi";51;"Brassicogethes";12.5438644688645;11.5438644688645;1;46;23;23;1;0.140447625278662;3.0378002518157e-05;1;0.00556015440642429;0.166666666666667;6
"5-Multi";52;"Chryptocephalus";1.5;0.5;1;2;1;1;0.14531149446306;0.000822766970501214;7.10496107316232e-08;0.0293295517755489;0.00180138018909463;0.166666666666667;2
"5-Multi";53;"Cylindromyia";1.75;0.75;1;4;2;2;0.163750121770705;0.00147657403889103;1.12885930302071e-07;0.0229868205193756;0.00161792412283455;0.166666666666667;4
"5-Multi";54;"Eristalis.";1.5;0.5;1;2;1;1;0.190616664651703;0;0;0;1.46759010826098e-05;0.166666666666667;2
"5-Multi";55;"Lagorina_sericea";1.66666666666667;0.666666666666667;1;2;1;1;0.231547757620231;0;0;0;1.69426529541188e-05;0.166666666666667;2
"5-Multi";56;"Lasioglossum";5.87884615384615;2.80192307692308;3.07692307692308;12;6;6;0.246254920154231;0.0194098457915197;0.0231944880112363;0.020469444122855;0.0300664050675312;0.333333333333333;4
"5-Multi";57;"Lomatia.";1.5;0.5;1;2;1;1;0.1906166646517;0;0;0;1.46759010826098e-05;0.166666666666667;2
"5-Multi";58;"Malachius_bipustulatus";1.2;0.2;1;2;1;1;0.129607641644375;0.000772683523166679;1.86051295674498e-07;0.0139091260285066;0.00169262121502579;0.166666666666667;2
"5-Multi";59;"Musca";6.16666666666667;2.83333333333333;3.33333333333333;8;4;4;0.293722042080842;0.279101009637262;0.016309545614754;0.00120934033332987;0.426675785695705;0.333333333333333;2
"5-Multi";60;"Nemotelus";1.1;0.1;1;2;1;1;0.129728505775573;0.0100378505549541;0.000219104816903517;0.00505725339816778;0.02181348643067;0.166666666666667;2
"5-Multi";61;"Psilothrix_viridicoerulea";7.16114718614719;6.16114718614719;1;32;16;16;0.515930367901315;0.0478276546812209;1.47355828393383e-05;0.274367427008394;0.0043423506114163;0.166666666666667;6
"5-Multi";62;"Sphaerophoria";6.1025641025641;2.71794871794872;3.38461538461538;8;4;4;0.294321493353352;0;0;0;4.89703344966149e-05;0.333333333333333;2
"5-Multi";63;"Sphaerophoria_scripta";13.0630036630037;6.42197802197802;6.64102564102564;30;15;15;0.538322529184441;1;0.258326491722435;0.123950409126022;1;0.5;6
"5-Multi";64;"Ulidiidae";1.5;0.5;1;2;1;1;0.176134264652391;0;0;0;1.46759010826098e-05;0.166666666666667;2
"6-Multi";1;"A1 LEMA";1.54166666666667;0.541666666666667;1;4;2;2;0.157414943676832;0.00190663512522364;0.148677123763885;7.64119978156055e-08;0.00208489819439013;0.166666666666667;4
"6-Multi";2;"A2 LEMA";1.07272727272727;0.0727272727272727;1;2;1;1;0.168850016646369;0.00713084080794363;1;2.51806821762666e-07;0.00388603736042936;0.166666666666667;2
"6-Multi";3;"A2 SPRU";2;1;1;2;1;1;0.154877593126733;0;0;0;2.91909823372963e-05;0.166666666666667;2
"6-Multi";4;"A3 LEMA";1.03636363636364;0.0363636363636364;1;2;1;1;0.140847541060088;0.00356542040397127;0.999999999999999;1.25903410900361e-07;0.00388603736042936;0.166666666666667;2
"6-Multi";5;"A4 CHFU";1.25;0.25;1;2;1;1;0.173171113757388;0;0;0;1.46759010826098e-05;0.166666666666667;2
"6-Multi";6;"A4 LEMA";1.16136363636364;0.161363636363636;1;4;2;2;0.185673652477442;0.00773909068431697;0.564620456205036;3.35840082333035e-07;0.00337593977308873;0.166666666666667;4
"6-Multi";7;"A5 LEMA";1.58333333333333;0.583333333333333;1;4;2;2;0.165656788346543;0.00346478630156628;0.189478202403065;1.5750165094809e-07;0.0025227234425094;0.166666666666667;4
"6-Multi";8;"A6 LEMA";2.01818181818182;1.01818181818182;1;4;2;2;0.170429152183274;0.00235709890245842;0.514664775887774;7.10496105044664e-08;0.00257401589777835;0.166666666666667;2
"6-Multi";9;"B1 LEMA";1.13251366120219;0.132513661202186;1;4;2;2;0.175067382831454;0.00492624562780808;0.42084613414401;1.98371712479117e-07;0.00215424530187594;0.166666666666667;4
"6-Multi";10;"B2 LEMA";2.06915052160954;1.06915052160954;1;6;3;3;0.192640943800137;0.00553404411479909;0.610181267432803;1.86051295443933e-07;0.00241822560041264;0.166666666666667;4
"6-Multi";11;"B2 MESU";2;1;1;2;1;1;0.153397152478979;0.0608338918547662;0.000673399102362588;6.8941756806526e-05;0.171757693837632;0.166666666666667;2
"6-Multi";12;"B3 LEMA";1.20560109289617;0.205601092896175;1;4;2;2;0.235581246210965;0.00853721934092992;0.496304862062358;2.64691995493107e-07;0.00170007257397421;0.166666666666667;4
"6-Multi";13;"B4 LEMA";1.10902881271734;0.109028812717337;1;6;3;3;0.174126583485476;0.00531773240301248;0.565972648742331;1.91344527431275e-07;0.00232427783098948;0.166666666666667;6
"6-Multi";14;"B5 LEMA";1.21847988077496;0.218479880774963;1;4;2;2;0.262642922451271;0.0124941265201034;0.629614311975196;3.83568221348697e-07;0.00210177197539559;0.166666666666667;4
"6-Multi";15;"B6 LEMA";1.13114754098361;0.131147540983607;1;2;1;1;0.199080380352239;0.00571679673131763;0.518498605567754;1.55770484030525e-07;0.00156649235988547;0.166666666666667;2
"6-Multi";16;"C1 LEMA";1.10902881271734;0.109028812717337;1;6;3;3;0.174126583485477;0.00531773240301154;0.565972648742331;1.91344527442415e-07;0.00232427783098948;0.166666666666667;6
"6-Multi";17;"C1 MESU";2;1;1;2;1;1;0.1370801968557;0.142577098077817;0.00519175489920961;0.0152767314498148;0.402536464930558;0.166666666666667;2
"6-Multi";18;"C2 BEMA";3;2;1;4;2;2;0.243956907991796;0.375659288930334;0.00819474438436902;0.0154801962595255;0.176773110110709;0.166666666666667;2
"6-Multi";19;"C2 LEMA";1.05096870342772;0.0509687034277198;1;4;2;2;0.148405131986556;0.00321190938481529;0.678999070378503;1.01894326460282e-07;0.00233967402673343;0.166666666666667;4
"6-Multi";20;"C3 LEMA";1.01818181818182;0.0181818181818182;1;2;1;1;0.126846303266947;0.00178271020198673;1;6.29517054474374e-08;0.00388603736042936;0.166666666666667;2
"6-Multi";21;"C4 CETE";2;1;1;2;1;1;0.140295299122477;0.00128488880799635;9.19837833809564e-07;0.00263300515412618;0.0121119971741987;0.166666666666667;2
"6-Multi";22;"C4 LEMA";2.26136363636364;1.26136363636364;1;10;5;5;0.254509520824873;0.0496633075860699;0.307242352345814;5.59569879351835e-05;0.0134962533370702;0.166666666666667;6
"6-Multi";23;"C5 LEMA";1.01818181818182;0.0181818181818182;1;2;1;1;0.126846303266946;0.00178271020198671;1;6.29517054479695e-08;0.00388603736042936;0.166666666666667;2
"6-Multi";24;"C6 LEMA";1.62727272727273;0.627272727272727;1;4;2;2;0.233781378620287;0.0131613108619034;0.877462469149051;4.5820580804312e-07;0.0035873353026013;0.166666666666667;4
"6-Multi";25;"D1 LEMA";1.3166915052161;0.316691505216095;1;6;3;3;0.275790126516416;0.042815373640316;0.557599269138167;4.79272871373887e-05;0.00665614297927189;0.166666666666667;6
"6-Multi";26;"D4 LEMA";3;2;1;4;2;2;0.303512893643436;0;0;0;1.79228786413825e-05;0.166666666666667;2
"6-Multi";27;"D5 LEMA";2.06736214605067;1.06736214605067;1;6;3;3;0.188874931604537;0.00435057635807395;0.513439943453951;1.3697772231097e-07;0.00190421501724686;0.166666666666667;4
"6-Multi";28;"D6 LEMA";2.80606060606061;1.80606060606061;1;8;4;4;0.292666263994045;0.143784372578485;0.443714620443936;0.000219104816903404;0.0312400823900549;0.166666666666667;4
"6-Multi";29;"E1 CHFU";1.25;0.25;1;2;1;1;0.173171113757389;0;0;0;1.46759010826098e-05;0.166666666666667;2
"6-Multi";30;"E1 LEMA";2.53636363636364;1.53636363636364;1;6;3;3;0.206835982433907;0.00464703788364512;0.509375219155706;1.49359862433292e-07;0.00253755536064157;0.166666666666667;4
"6-Multi";31;"E2 LEMA";1.27954545454545;0.279545454545455;1;6;3;3;0.216043917769065;0.0409111586170843;0.560858198244889;4.79859910987674e-05;0.0127068924651544;0.166666666666667;6
"6-Multi";32;"E4 CHFU";1.25;0.25;1;2;1;1;0.173171113757388;0;0;0;1.46759010826098e-05;0.166666666666667;2
"6-Multi";33;"E4 LEMA";1.1780303030303;0.178030303030303;1;6;3;3;0.17215860569769;0.0363460015615359;0.594318133424359;4.7783081612362e-05;0.019747615116482;0.166666666666667;6
"6-Multi";34;"E5 LEMA";1.375;0.375;1;4;2;2;0.155789931434712;0.00547971684416136;0.147417975646708;3.60164115660174e-06;0.00596491610420196;0.166666666666667;4
"6-Multi";35;"E6 BEMA";3;2;1;4;2;2;0.277029552627139;0;0;0;1.46759010826098e-05;0.166666666666667;2
"6-Multi";36;"E6 LEMA";1.22548435171386;0.22548435171386;1;6;3;3;0.224000934090939;0.0428002185341115;0.827675464032099;4.79843808541329e-05;0.0116331534440837;0.166666666666667;6
"6-Multi";37;"F1 LEMA";1.04166666666667;0.0416666666666667;1;2;1;1;0.127787102612924;0.00139122342678091;0.274367427008394;6.9978890515502e-08;0.00303587471486164;0.166666666666667;2
"6-Multi";38;"F1 SPRU";2;1;1;2;1;1;0.219420960643515;0;0;0;1.46759010826098e-05;0.166666666666667;2
"6-Multi";39;"F2 CHFU";2.25;1.25;1;4;2;2;0.242953317334642;0;0;0;1.46759010826098e-05;0.166666666666667;2
"6-Multi";40;"F2 LEMA";1.07445355191257;0.0744535519125683;1;4;2;2;0.149345931332534;0.0028204226096122;0.437121546047968;1.08921511490969e-07;0.00205628647821086;0.166666666666667;4
"6-Multi";41;"F3 LEMA";1.1108171882762;0.110817188276205;1;6;3;3;0.177348406918814;0.00638584301358262;0.662272927628781;2.3482492237983e-07;0.00278818683109826;0.166666666666667;6
"6-Multi";42;"F4 LEMA";1.4679085941381;0.467908594138102;1;10;5;5;0.201994848171937;0.0397453852467965;0.365034081089156;4.93569947934987e-05;0.0144003321821016;0.166666666666667;6
"6-Multi";43;"F5 LEMA";1.15606060606061;0.156060606060606;1;4;2;2;0.198734090924604;0.0099132876615061;0.758122475669465;3.91764602734351e-07;0.00360264981190678;0.166666666666667;4
"6-Multi";44;"Andrena";1.54166666666667;0.541666666666667;1;4;2;2;0.1792894546484;0.0176260714130891;5.43069896500449e-05;0.0200659202613522;0.00958410498551245;0.166666666666667;4
"6-Multi";45;"Andrena_2_10_3";9.28903596403596;8.28903596403596;1;28;14;14;0.867619055676864;0.0624400956495553;1.04211114719754e-05;0.518498605567755;0.00223755405567859;0.166666666666667;6
"6-Multi";46;"Beetle_orange_3_10_3";1.2;0.2;1;2;1;1;0.128967419571121;0.000607443417204507;1.36977722483916e-07;0.0117039005664932;0.00133378459534589;0.166666666666667;2
"6-Multi";47;"Black_beetle_1_10_03";1.45833333333333;0.458333333333333;1;4;2;2;0.147984963019146;0.00195479597712502;3.07853729649586e-07;0.0196997531924066;0.00213718115304831;0.166666666666667;4
"6-Multi";48;"Black_small_fly";4.5;3.5;1;8;4;4;0.377924840601891;0;0;0;1.46759010826098e-05;0.166666666666667;2
"6-Multi";49;"Black_small_fly_SPRU";2;1;1;2;1;1;0.219420960643516;0;0;0;1.46759010826098e-05;0.166666666666667;2
"6-Multi";50;"Bombylidae";1.25;0.25;1;2;1;1;0.136814731396695;0.000811045577518066;1.49359862617631e-07;0.0145140561034495;0.00177592667446602;0.166666666666667;2
"6-Multi";51;"Brassicogethes";12.5438644688645;11.5438644688645;1;46;23;23;1;0.140447625278662;3.0378002518157e-05;1;0.00556015440642429;0.166666666666667;6
"6-Multi";52;"Chryptocephalus";1.5;0.5;1;2;1;1;0.14531149446306;0.000822766970501214;7.10496107316232e-08;0.0293295517755489;0.00180138018909463;0.166666666666667;2
"6-Multi";53;"Cylindromyia";1.75;0.75;1;4;2;2;0.163750121770705;0.00147657403889103;1.12885930302071e-07;0.0229868205193756;0.00161792412283455;0.166666666666667;4
"6-Multi";54;"Eristalis.";1.5;0.5;1;2;1;1;0.190616664651703;0;0;0;1.46759010826098e-05;0.166666666666667;2
"6-Multi";55;"Lagorina_sericea";1.66666666666667;0.666666666666667;1;2;1;1;0.231547757620231;0;0;0;1.69426529541188e-05;0.166666666666667;2
"6-Multi";56;"Lasioglossum";5.87884615384615;2.80192307692308;3.07692307692308;12;6;6;0.246254920154231;0.0194098457915197;0.0231944880112363;0.020469444122855;0.0300664050675312;0.333333333333333;4
"6-Multi";57;"Lomatia.";1.5;0.5;1;2;1;1;0.1906166646517;0;0;0;1.46759010826098e-05;0.166666666666667;2
"6-Multi";58;"Malachius_bipustulatus";1.2;0.2;1;2;1;1;0.129607641644375;0.000772683523166679;1.86051295674498e-07;0.0139091260285066;0.00169262121502579;0.166666666666667;2
"6-Multi";59;"Musca";6.16666666666667;2.83333333333333;3.33333333333333;8;4;4;0.293722042080842;0.279101009637262;0.016309545614754;0.00120934033332987;0.426675785695705;0.333333333333333;2
"6-Multi";60;"Nemotelus";1.1;0.1;1;2;1;1;0.129728505775573;0.0100378505549541;0.000219104816903517;0.00505725339816778;0.02181348643067;0.166666666666667;2
"6-Multi";61;"Psilothrix_viridicoerulea";7.16114718614719;6.16114718614719;1;32;16;16;0.515930367901315;0.0478276546812209;1.47355828393383e-05;0.274367427008394;0.0043423506114163;0.166666666666667;6
"6-Multi";62;"Sphaerophoria";6.1025641025641;2.71794871794872;3.38461538461538;8;4;4;0.294321493353352;0;0;0;4.89703344966149e-05;0.333333333333333;2
"6-Multi";63;"Sphaerophoria_scripta";13.0630036630037;6.42197802197802;6.64102564102564;30;15;15;0.538322529184441;1;0.258326491722435;0.123950409126022;1;0.5;6
"6-Multi";64;"Ulidiidae";1.5;0.5;1;2;1;1;0.176134264652391;0;0;0;1.46759010826098e-05;0.166666666666667;2
"Aggr";1;"A1 LEMA";1.54166666666667;0.541666666666667;1;4;2;2;0.074146813317515;0.00321420444583117;0.148631246432505;0;0.0190221055612651;0;4
"Aggr";2;"A2 LEMA";1.07272727272727;0.0727272727272727;1;2;1;1;0.0844556043026605;0.0120857000362416;1;0;0.0357478668534856;0;2
"Aggr";3;"A2 SPRU";2;1;1;2;1;1;0.0903674640708586;0;0;0;4.09807223150045e-05;0;2
"Aggr";4;"A3 LEMA";1.03636363636364;0.0363636363636364;1;2;1;1;0.0535465133935696;0.00604285001812118;0.999999999999999;0;0.0357478668534856;0;2
"Aggr";5;"A4 CHFU";1.25;0.25;1;2;1;1;0.0952481070233522;0;0;0;1.67587027016903e-05;0;2
"Aggr";6;"A4 LEMA";1.16136363636364;0.161363636363636;1;4;2;2;0.103431297482951;0.0132382798338192;0.564554383480456;0;0.0313277304015945;0;4
"Aggr";7;"A5 LEMA";1.58333333333333;0.583333333333333;1;4;2;2;0.0825694617489166;0.00588844292843296;0.189409860744972;0;0.0232287614717979;0;4
"Aggr";8;"A6 LEMA";2.01818181818182;1.01818181818182;1;4;2;2;0.0897593378486591;0.00392457368401501;0.51467840708938;0;0.0232224527055116;0;2
"Aggr";9;"B1 LEMA";1.13251366120219;0.132513661202186;1;4;2;2;0.0925700571012222;0.00828378124336866;0.421254677761186;0;0.0196093271781326;0;4
"Aggr";10;"B2 LEMA";2.06915052160954;1.06915052160954;1;6;3;3;0.113663429299476;0.00921571432589812;0.610486902168219;0;0.0218134861745062;0;4
"Aggr";11;"B2 MESU";2;1;1;2;1;1;0.113273661905769;0.426360178036023;0.00285085860737105;0;0.504233781251205;0;2
"Aggr";12;"B3 LEMA";1.20560109289617;0.205601092896175;1;4;2;2;0.161519390149237;0.0140212367149078;0.49698059664989;0;0.0150906006626553;0;4
"Aggr";13;"B4 LEMA";1.10902881271734;0.109028812717337;1;6;3;3;0.0913963411926406;0.00890672964719684;0.566403216601034;0;0.0210827059954297;0;6
"Aggr";14;"B5 LEMA";1.21847988077496;0.218479880774963;1;4;2;2;0.191254765149746;0.0206870351368557;0.630194558257541;0;0.0188353257755896;0;4
"Aggr";15;"B6 LEMA";1.13114754098361;0.131147540983607;1;2;1;1;0.120440387525783;0.00929820808773878;0.519252925734803;0;0.0137615634522207;0;2
"Aggr";16;"C1 LEMA";1.10902881271734;0.109028812717337;1;6;3;3;0.0913963411926406;0.00890672964719606;0.566403216601034;0;0.0210827059954296;0;6
"Aggr";17;"C1 MESU";2;1;1;2;1;1;0.131344242250287;0.573639821963978;0.0857071917444367;0;0.678418192988733;0;2
"Aggr";18;"C2 BEMA";3;2;1;4;2;2;0.221980481671577;1;0.044279025175904;0;0.591325987119969;0;2
"Aggr";19;"C2 LEMA";1.05096870342772;0.0509687034277198;1;4;2;2;0.0625427091993502;0.00534597703099533;0.679501950489868;0;0.0210903312526424;0;4
"Aggr";20;"C3 LEMA";1.01818181818182;0.0181818181818182;1;2;1;1;0.038091967939024;0.00302142500905952;1;0;0.0357478668534856;0;2
"Aggr";21;"C4 CETE";2;1;1;2;1;1;0.0896138176353758;0.0396004455203037;0.0200060837246979;0;0.15613518671998;0;2
"Aggr";22;"C4 LEMA";2.26136363636364;1.26136363636364;1;10;5;5;0.16071615737899;0.0955009445729727;0.304971448173697;0;0.141194573099003;0;6
"Aggr";23;"C5 LEMA";1.01818181818182;0.0181818181818182;1;2;1;1;0.0380919679390241;0.00302142500906088;0.999999999999999;0;0.0357478668534856;0;2
"Aggr";24;"C6 LEMA";1.62727272727273;0.627272727272727;1;4;2;2;0.157494757204481;0.0222414647813941;0.877464371329174;0;0.032894925856974;0;4
"Aggr";25;"D1 LEMA";1.3166915052161;0.316691505216095;1;6;3;3;0.198896272301945;0.0761918683351624;0.556963526773376;0;0.064377937476438;0;6
"Aggr";26;"D4 LEMA";3;2;1;4;2;2;0.21146483572219;0;0;0;2.84066364627831e-05;0;2
"Aggr";27;"D5 LEMA";2.06736214605067;1.06736214605067;1;6;3;3;0.109888824010893;0.00716807923275042;0.513896733696881;0;0.0169704278532231;0;4
"Aggr";28;"D6 LEMA";2.80606060606061;1.80606060606061;1;8;4;4;0.182706123816853;0.267032009328865;0.436781758195185;0;0.315816091130076;0;4
"Aggr";29;"E1 CHFU";1.25;0.25;1;2;1;1;0.095248107023352;0;0;0;1.67587027016903e-05;0;2
"Aggr";30;"E1 LEMA";2.53636363636364;1.53636363636364;1;6;3;3;0.131404365492336;0.00775035970013485;0.509383143880374;0;0.0229303986254632;0;4
"Aggr";31;"E2 LEMA";1.27954545454545;0.279545454545455;1;6;3;3;0.129756524914077;0.0736236870392794;0.558354158449531;0;0.124400673121456;0;6
"Aggr";32;"E4 CHFU";1.25;0.25;1;2;1;1;0.0952481070233522;0;0;0;1.67587027016903e-05;0;2
"Aggr";33;"E4 LEMA";1.1780303030303;0.178030303030303;1;6;3;3;0.0810454567332775;0.0658053088197513;0.589991124386299;0;0.194573724865676;0;6
"Aggr";34;"E5 LEMA";1.375;0.375;1;4;2;2;0.0615911488979047;0.0155986251119997;0.14713169476273;0;0.0922580797434903;0;4
"Aggr";35;"E6 BEMA";3;2;1;4;2;2;0.220256002551684;0;0;0;1.67587027016903e-05;0;2
"Aggr";36;"E6 LEMA";1.22548435171386;0.22548435171386;1;6;3;3;0.138460747818495;0.0766548082617287;0.825620014684905;0;0.113333369695233;0;6
"Aggr";37;"F1 LEMA";1.04166666666667;0.0416666666666667;1;2;1;1;0.0392656838476058;0.00239847660523321;0.274257305800761;0;0.0283809727670005;0;2
"Aggr";38;"F1 SPRU";2;1;1;2;1;1;0.150916149896524;0;0;0;1.67587027016903e-05;0;2
"Aggr";39;"F2 CHFU";2.25;1.25;1;4;2;2;0.179240573205722;0;0;0;1.67587027016903e-05;0;2
"Aggr";40;"F2 LEMA";1.07445355191257;0.0744535519125683;1;4;2;2;0.0637164251079319;0.0047230286271675;0.437587719090122;0;0.0186346998904806;0;4
"Aggr";41;"F3 LEMA";1.1108171882762;0.110817188276205;1;6;3;3;0.0946255160170229;0.0107658786452885;0.662552631454073;0;0.0254799666756826;0;6
"Aggr";42;"F4 LEMA";1.4679085941381;0.467908594138102;1;10;5;5;0.113559621803827;0.0718431321757103;0.362234732853442;0;0.141621955838592;0;6
"Aggr";43;"F5 LEMA";1.15606060606061;0.156060606060606;1;4;2;2;0.117712127028915;0.0168826532467089;0.758085768600253;0;0.0332922354913239;0;4
"Aggr";44;"Andrena";1.54166666666667;0.541666666666667;1;4;2;2;0.0899533107379057;0.0324194398138774;0;0.0199336680398934;0.0958660810546986;0;4
"Aggr";45;"Andrena_2_10_3";9.28903596403596;8.28903596403596;1;28;14;14;0.87735012757641;0.104505880938499;0;0.519252925734803;0.0202769965350225;0;6
"Aggr";46;"Beetle_orange_3_10_3";1.2;0.2;1;2;1;1;0.0413185225663293;0.000972593071680765;0;0.0117248912799959;0.0115183449224903;0;2
"Aggr";47;"Black_beetle_1_10_03";1.45833333333333;0.458333333333333;1;4;2;2;0.062765921266316;0.00321774234589395;0;0.0197149706333925;0.0190429034188847;0;4
"Aggr";48;"Black_small_fly";4.5;3.5;1;8;4;4;0.34169733900646;0;0;0;1.67587027016903e-05;0;2
"Aggr";49;"Black_small_fly_SPRU";2;1;1;2;1;1;0.150916149896524;0;0;0;1.67587027016903e-05;0;2
"Aggr";50;"Bombylidae";1.25;0.25;1;2;1;1;0.0505608501516003;0.00131449895827053;0;0.0145273884572468;0.0155616654034867;0;2
"Aggr";51;"Brassicogethes";12.5438644688645;11.5438644688645;1;46;23;23;1;0.244949259258705;0;1;0.0526854406039554;0;6
"Aggr";52;"Chryptocephalus";1.5;0.5;1;2;1;1;0.0607851410701573;0.00133125383051097;0;0.0293568141787603;0.0157597986307365;0;2
"Aggr";53;"Cylindromyia";1.75;0.75;1;4;2;2;0.082073245811545;0.00240478858589437;0;0.0230051870642492;0.0142359473759913;0;4
"Aggr";54;"Eristalis.";1.5;0.5;1;2;1;1;0.116246223568944;0;0;0;1.67587027016903e-05;0;2
"Aggr";55;"Lagorina_sericea";1.66666666666667;0.666666666666667;1;2;1;1;0.142467496060386;0;0;0;2.4660810100753e-05;0;2
"Aggr";56;"Lasioglossum";3.725;1.725;2;8;4;4;0.157591518002108;0.0583716128372758;0;0.0200060837246977;0.230139815325154;0;4
"Aggr";57;"Lomatia.";1.5;0.5;1;2;1;1;0.116246223568944;0;0;0;1.67587027016903e-05;0;2
"Aggr";58;"Malachius_bipustulatus";1.2;0.2;1;2;1;1;0.0419602054653908;0.00125042422285228;0;0.0139286593714876;0.0148039376962521;0;2
"Aggr";59;"Musca";3.5;1.5;2;4;2;2;0.213261739814804;0.628460890137897;0;0.00285085860737087;0.743247163361219;0;2
"Aggr";60;"Nemotelus";1.1;0.1;1;2;1;1;0.0381674430089078;0.0181159745698232;0;0.00498273124941162;0.214259069191191;0;2
"Aggr";61;"Psilothrix_viridicoerulea";7.16114718614719;6.16114718614719;1;32;16;16;0.469503850253007;0.0848493167956098;0;0.274257305800761;0.0418264266712235;0;6
"Aggr";62;"Sphaerophoria";3.33333333333333;1.33333333333333;2;4;2;2;0.159364803732662;0;0;0;5.24626568202133e-05;0;2
"Aggr";63;"Sphaerophoria_scripta";5.78095238095238;2.78095238095238;3;18;9;9;0.383671128585202;0.845553153652098;0;0.0857071917444365;1;0;6
"Aggr";64;"Ulidiidae";1.5;0.5;1;2;1;1;0.0988146660969085;0;0;0;1.67587027016903e-05;0;2
