"Layer";"Node";"Label";"Strength";"StrengthIn";"StrengthOut";"Degree";"DegreeIn";"DegreeOut";"PageRank";"Eigenvector";"Hub";"Authority";"Katz";"Multiplexity";"Kcore"
"1-Multi";1;"1 A1 LEMA";1.04951690821256;0.0495169082125604;1;4;2;2;0.0256906798740219;1;0.755094404511849;3.26903598250829e-06;0.0402990023531114;0.333333333333333;4
"1-Multi";2;"1 A2 CHFU";1.35;0.35;1;4;2;2;0.0432218072939764;1;0.00128991944095088;0.000161252750903542;0.124226352464178;0.333333333333333;2
"1-Multi";3;"1 A2 LEMA";1.18840579710145;0.188405797101449;1;4;2;2;0.0279273351331976;1;0.744220718597459;8.3882449128517e-09;0.0131013081176335;0.333333333333333;4
"1-Multi";4;"1 A3 CHFU";1.33333333333333;0.333333333333333;1;2;1;1;0.0301468285721085;1;3.90461278908403e-06;2.47566198053351e-06;0.00222387667053523;0.333333333333333;2
"1-Multi";5;"1 A3 LEMA";1.34057971014493;0.340579710144927;1;4;2;2;0.0247222191947783;1;0.497979667547458;1.14886949678899e-08;0.0098553380975071;0.333333333333333;4
"1-Multi";6;"1 A4 LEMA";1.08592132505176;0.0859213250517598;1;4;2;2;0.0240034252410843;1;0.665917333989448;8.14156350369199e-09;0.0128374641539485;0.333333333333333;4
"1-Multi";7;"1 A5 LEMA";1.02777777777778;0.0277777777777778;1;2;1;1;0.0185317510620295;1;0.0679981302958406;3.26706174662978e-06;0.113631658705919;0.333333333333333;2
"1-Multi";8;"1 A6 LEMA";1.50724637681159;0.507246376811594;1;6;3;3;0.0290992897347969;1;0.340154240577733;1.79027039935369e-08;0.00818385265300712;0.333333333333333;4
"1-Multi";9;"1 B1 CHFU";1.5;0.5;1;2;1;1;0.0377411689459476;1;0.000780549125758467;0.000241387562500802;0.12206719093159;0.333333333333333;2
"1-Multi";10;"1 B1 LEMA";2.07692307692308;1.07692307692308;1;4;2;2;0.0312903312242931;1;0.0114656599549726;2.2873113660149e-06;0.0813648820543882;0.333333333333333;2
"1-Multi";11;"1 B2 CHFU";2.66666666666667;1.66666666666667;1;4;2;2;0.0648728350278464;1;0.000189113394233975;0.000378222427036371;0.0102987531748702;0.333333333333333;2
"1-Multi";12;"1 B2 LEMA";1.29227053140097;0.292270531400966;1;6;3;3;0.0278080712849717;1;0.502522130557021;2.34610621368064e-06;0.0188172953488062;0.333333333333333;6
"1-Multi";13;"1 B2 ME";2;1;1;2;1;1;0.0368453828628941;1;3.76423738244779e-06;1.19079126859917e-07;0.0014588992277541;0.333333333333333;2
"1-Multi";14;"1 B5 LEMA";1.00724637681159;0.0072463768115942;1;2;1;1;0.0187776453853116;1;0.984126495917185;6.5807863020915e-10;0.0158547835688422;0.333333333333333;2
"1-Multi";15;"1 C1 LEMA";1.50724637681159;0.507246376811594;1;4;2;2;0.0258277410507168;1;0.496308605541481;9.1387391309054e-08;0.0144207865732677;0.333333333333333;4
"1-Multi";16;"1 C2 LEMA";1.02777777777778;0.0277777777777778;1;2;1;1;0.018531751062003;1;0.0679981302958406;3.26706174663089e-06;0.113631658705919;0.333333333333333;2
"1-Multi";17;"1 C3 LEMA";1.17391304347826;0.173913043478261;1;4;2;2;0.0231547159253257;1;0.504314941277733;7.07208766368641e-09;0.0103478326664247;0.333333333333333;4
"1-Multi";18;"1 C4 CHFU";1.1;0.1;1;2;1;1;0.0252229966478891;1;0.00340333829028083;0.00014268378914404;0.0980769953335096;0.333333333333333;2
"1-Multi";19;"1 C4 LEMA";1.47619047619048;0.476190476190476;1;4;2;2;0.0337160933144138;1;0.0187423007170502;1.90680678116332e-08;0.00472523294523107;0.333333333333333;4
"1-Multi";20;"1 C5 CHFU";1.2;0.2;1;2;1;1;0.0340546575146142;1;0.00340333829028085;0.000285367578288069;0.0980769953335096;0.333333333333333;2
"1-Multi";21;"1 C5 LEMA";1.35470085470085;0.354700854700855;1;6;3;3;0.0321565216168153;1;0.031410863056037;7.53639118490552e-06;0.140557946522592;0.333333333333333;4
"1-Multi";22;"1 D1 LEMA";1.33333333333333;0.333333333333333;1;2;1;1;0.0280371528106759;1;0.00798559130012665;5.41725532230852e-09;0.0026476405663011;0.333333333333333;2
"1-Multi";23;"1 D2 LEMA";1.00724637681159;0.0072463768115942;1;2;1;1;0.0187776453852432;1;0.984126495917185;6.58078632112558e-10;0.0158547835688422;0.333333333333333;2
"1-Multi";24;"1 D2 ME";2;1;1;2;1;1;0.0298180459885698;1;1.31384453340718e-07;0.000258941667962371;0.00849844071389077;0.333333333333333;2
"1-Multi";25;"1 D3 LEMA";2.27729468599034;1.27729468599034;1;8;4;4;0.0418598175700398;1;0.442091554539614;6.76409051480478e-06;0.0418617959383027;0.333333333333333;6
"1-Multi";26;"1 D4 LEMA";1.2;0.2;1;2;1;1;0.0225831952310313;1;0.00442486644680706;3.08975767323053e-08;0.00797149876820226;0.333333333333333;2
"1-Multi";27;"1 D5 LEMA";1.73502415458937;0.735024154589372;1;10;5;5;0.0374315644654295;1;0.218577143695169;3.31586202734886e-06;0.0292309430866285;0.333333333333333;6
"1-Multi";28;"1 E1 LEMA";1.02898550724638;0.0289855072463768;1;2;1;1;0.0259365741971534;1;0.984126495917185;2.63231450948189e-09;0.0158547835688422;0.333333333333333;2
"1-Multi";29;"1 E2 CHFU";1.125;0.125;1;2;1;1;0.0253907411043448;1;0.000233210016285853;9.28448087975718e-06;0.137301031029513;0.333333333333333;2
"1-Multi";30;"1 E2 LEMA";1.26449275362319;0.264492753623188;1;6;3;3;0.0278384617813743;1;0.414183081928216;7.94512999867536e-06;0.044555738166134;0.333333333333333;6
"1-Multi";31;"1 E3 LEMA";1.26532887402453;0.265328874024526;1;6;3;3;0.0308260666512049;1;0.599929429687807;2.22905087069442e-06;0.039050185524451;0.333333333333333;6
"1-Multi";32;"1 E3 ME";2;1;1;2;1;1;0.0295162736004528;1;0.000204423736263623;0.000545643093927234;0.0426231001382223;0.333333333333333;2
"1-Multi";33;"1 E4 LEMA";1.02898550724638;0.0289855072463768;1;2;1;1;0.0259365741971778;1;0.984126495917185;2.63231450924145e-09;0.0158547835688422;0.333333333333333;2
"1-Multi";34;"1 E5 CHFU";1.125;0.125;1;2;1;1;0.0253907411043299;1;0.00023321001628589;9.28448087976011e-06;0.137301031029513;0.333333333333333;2
"1-Multi";35;"1 E5 LEMA";1.04227053140097;0.0422705314009662;1;4;2;2;0.0233043702698888;1;0.678750374043404;3.26837790387749e-06;0.0484470752812012;0.333333333333333;4
"1-Multi";36;"1 E6 LEMA";1.02173913043478;0.0217391304347826;1;2;1;1;0.0235502645931433;1;0.984126495917185;1.97423587818933e-09;0.0158547835688422;0.333333333333333;2
"1-Multi";37;"1 F1 LEMA";1.375;0.375;1;6;3;3;0.0265382641396821;1;0.0303335608786363;7.95378930461642e-06;0.0495929215636838;0.333333333333333;6
"1-Multi";38;"1 F2 LEMA";1.02777777777778;0.0277777777777778;1;2;1;1;0.0185317510619841;1;0.0679981302958406;3.26706174663049e-06;0.113631658705919;0.333333333333333;2
"1-Multi";39;"1 F3 LEMA";1.17451690821256;0.17451690821256;1;6;3;3;0.0291631014401186;1;0.607809888751047;3.27901144569931e-06;0.033699714394839;0.333333333333333;6
"1-Multi";40;"1 F4 CHFU";1.125;0.125;1;2;1;1;0.0253907411042431;1;0.000233210016285931;9.28448087975715e-06;0.137301031029513;0.333333333333333;2
"1-Multi";41;"1 F4 LEMA";1.2;0.2;1;2;1;1;0.022583195231087;1;0.00442486644680716;3.08975767313395e-08;0.00797149876820226;0.333333333333333;2
"1-Multi";42;"1 F5 LEMA";1.01449275362319;0.0144927536231884;1;2;1;1;0.0211639549891335;1;0.984126495917185;1.31615725295653e-09;0.0158547835688422;0.333333333333333;2
"1-Multi";43;"1 F6 LEMA";1.18803418803419;0.188034188034188;1;4;2;2;0.0215571130549601;1;0.0200482089023153;4.55903867318512e-06;0.0907822138226273;0.333333333333333;4
"1-Multi";44;"2 A1 LEMA";1.69528056484578;0.695280564845782;1;8;4;4;0.046634598430255;1;0.207663934489195;6.32517310980283e-06;0.102504322465726;0.333333333333333;4
"1-Multi";45;"2 A3 CHFU";1.1;0.1;1;2;1;1;0.0252229966478386;1;0.00340333829028084;0.000142683789144033;0.0980769953335096;0.333333333333333;2
"1-Multi";46;"2 A3 LEMA";1.01449275362319;0.0144927536231884;1;2;1;1;0.0211639549891756;1;0.984126495917185;1.31615725301712e-09;0.0158547835688422;0.333333333333333;2
"1-Multi";47;"2 A4 CHFU";1.2;0.2;1;2;1;1;0.0340546575144969;1;0.00340333829028084;0.000285367578288065;0.0980769953335096;0.333333333333333;2
"1-Multi";48;"2 A4 LEMA";1.22222222222222;0.222222222222222;1;2;1;1;0.0234036226879296;1;0.0244885328334467;1.3037560786892e-08;0.0234281621877939;0.333333333333333;2
"1-Multi";49;"2 A5 LEMA";2;1;1;2;1;1;0.0473527478124397;1;0;0;8.60659906594082e-06;0.333333333333333;2
"1-Multi";50;"2 A5 ME";2;1;1;2;1;1;0.0381776909059412;1;0.00026558830735182;0.000718047380670018;0.173267822781688;0.333333333333333;2
"1-Multi";51;"2 B1 CHFU";1.1;0.1;1;2;1;1;0.0252229966478691;1;0.00340333829028082;0.000142683789144033;0.0980769953335096;0.333333333333333;2
"1-Multi";52;"2 B1 LEMA";1.34782608695652;0.347826086956522;1;4;2;2;0.0272343968515306;1;0.659094137501064;5.33695200746044e-08;0.0177393628145985;0.333333333333333;4
"1-Multi";53;"2 B1 ME";1.3125;0.3125;1;2;1;1;0.033640961937457;1;5.2197414763001e-05;5.4904675246543e-05;0.191790637834136;0.333333333333333;2
"1-Multi";54;"2 B2 LEMA";1.07692307692308;0.0769230769230769;1;2;1;1;0.0206102935046048;1;0.040997574803359;2.89283869191088e-09;0.00419012976684812;0.333333333333333;2
"1-Multi";55;"2 B3 LEMA";1.00724637681159;0.0072463768115942;1;2;1;1;0.0187776453851652;1;0.984126495917185;6.58078625443517e-10;0.0158547835688422;0.333333333333333;2
"1-Multi";56;"2 B4 LEMA";1.17391304347826;0.173913043478261;1;4;2;2;0.0246005538998819;1;0.496056043608656;3.36670628586611e-09;0.00925121206757166;0.333333333333333;4
"1-Multi";57;"2 B5 ME";1.83333333333333;0.833333333333333;1;4;2;2;0.0405537646420743;1;9.78543923459091e-08;9.07032001145197e-05;0.00697769691245638;0.333333333333333;2
"1-Multi";58;"2 B6 LEMA";1.00724637681159;0.0072463768115942;1;2;1;1;0.0187776453851736;1;0.984126495917185;6.58078631692255e-10;0.0158547835688422;0.333333333333333;2
"1-Multi";59;"2 C1 LEMA";1.46581196581197;0.465811965811966;1;6;3;3;0.0296413397230579;1;0.0419474888274252;8.80683948186039e-06;0.0979043834674176;0.333333333333333;4
"1-Multi";60;"2 C1 ME";1.33333333333333;0.333333333333333;1;2;1;1;0.0226580711548772;1;2.89647305307371e-07;9.00376135861343e-05;0.0189764107859345;0.333333333333333;2
"1-Multi";61;"2 C3 LEMA";1.1256038647343;0.1256038647343;1;4;2;2;0.0246700984425448;1;0.664247174889273;7.83493765211585e-09;0.0183792431084928;0.333333333333333;4
"1-Multi";62;"2 C5 LEMA";1.08416945373467;0.0841694537346711;1;4;2;2;0.0216763769032542;1;0.503445384983191;2.22132070441517e-06;0.0793502393602817;0.333333333333333;4
"1-Multi";63;"2 C6 LEMA";1.08416945373467;0.0841694537346711;1;4;2;2;0.0229966031085567;1;0.512562035360272;3.55091731879675e-09;0.0100224566678452;0.333333333333333;4
"1-Multi";64;"2 D1 CHFU";1.375;0.375;1;2;1;1;0.0433895517502949;1;0.000233210016285939;2.78534426392608e-05;0.137301031029513;0.333333333333333;2
"1-Multi";65;"2 D1 LEMA";1.9247491638796;0.924749163879599;1;10;5;5;0.041179733421707;1;0.275937153082719;1.21728138570405e-05;0.0672996276453668;0.333333333333333;6
"1-Multi";66;"2 D2 ME";2;1;1;2;1;1;0.0420095659027675;1;6.91867457266911e-08;0.000899632450057639;0.00445378539733847;0.333333333333333;2
"1-Multi";67;"2 D3 ME";1.5;0.5;1;2;1;1;0.0342870292685611;1;1.95793590189468e-09;6.65586528397411e-07;0.000978339975717331;0.333333333333333;2
"1-Multi";68;"2 D4 LEMA";1.22946859903382;0.229468599033816;1;4;2;2;0.0257899322919791;1;0.34436785386136;1.36956394111724e-08;0.0209037026481433;0.333333333333333;4
"1-Multi";69;"2 D5 LEMA";1.07692307692308;0.0769230769230769;1;2;1;1;0.0192900672991566;1;0.0227642740491965;2.22066262578614e-06;0.142845695151721;0.333333333333333;2
"1-Multi";70;"2 D6 LEMA";1.18803418803419;0.188034188034188;1;4;2;2;0.0227962107526097;1;0.0236264034413217;2.22718140617683e-06;0.0831369286697576;0.333333333333333;4
"1-Multi";71;"2 E1 CHFU";1.1;0.1;1;2;1;1;0.0252229966478877;1;0.00340333829028084;0.000142683789144035;0.0980769953335096;0.333333333333333;2
"1-Multi";72;"2 E1 LEMA";1.35338164251208;0.353381642512077;1;6;3;3;0.0380578908426732;1;0.289083563720048;1.63675224671094e-05;0.0759799199294353;0.333333333333333;6
"1-Multi";73;"2 E2 LEMA";1.10470085470085;0.104700854700855;1;4;2;2;0.0214304825800029;1;0.0453812021725186;5.48772437241024e-06;0.12823867692882;0.333333333333333;4
"1-Multi";74;"2 E2 ME";2.0625;1.0625;1;4;2;2;0.0363311813153207;1;2.63109935249783e-05;0.000758138236348663;0.115836371180328;0.333333333333333;2
"1-Multi";75;"2 E3 LEMA";1.07692307692308;0.0769230769230769;1;2;1;1;0.0206102935045753;1;0.040997574803359;2.89283869369554e-09;0.00419012976684812;0.333333333333333;2
"1-Multi";76;"2 E4 LEMA";1.09316770186335;0.093167701863354;1;4;2;2;0.0263897348450816;1;0.745469624471382;8.79964213210992e-09;0.0135917940076719;0.333333333333333;4
"1-Multi";77;"2 E4 ME";2.39583333333333;1.39583333333333;1;6;3;3;0.0370412577398391;1;1.75525155054374e-05;0.000104050418009892;0.076486435185201;0.333333333333333;2
"1-Multi";78;"2 E5 LEMA";1.11835748792271;0.118357487922705;1;4;2;2;0.022283788838702;1;0.504307514375316;7.17685902143091e-09;0.019641472878318;0.333333333333333;4
"1-Multi";79;"2 E6 LEMA";1.2615066093327;0.261506609332696;1;8;4;4;0.0382800432943424;1;0.626736667321557;2.23367126385113e-06;0.0291390710108677;0.333333333333333;6
"1-Multi";80;"2 F1 LEMA";1.39613526570048;0.396135265700483;1;6;3;3;0.0291289178090479;1;0.282288044294422;6.58683493469954e-06;0.0661566555716979;0.333333333333333;4
"1-Multi";81;"2 F2 LEMA";1.69444444444444;0.694444444444444;1;6;3;3;0.0306915476684084;1;0.0260158068804484;3.2941189064897e-06;0.0408688630894639;0.333333333333333;4
"1-Multi";82;"2 F3 LEMA";2.01708074534162;1.01708074534161;1;10;5;5;0.047500134684557;1;0.376224940491137;6.72686155872502e-06;0.0318903107939451;0.333333333333333;6
"1-Multi";83;"2 F4 LEMA";1.00724637681159;0.0072463768115942;1;2;1;1;0.0187776453852125;1;0.984126495917185;6.58078626294688e-10;0.0158547835688422;0.333333333333333;2
"1-Multi";84;"2 F6 LEMA";1.2657933853586;0.265793385358603;1;6;3;3;0.0335749338359442;1;0.235023470124621;3.27639834132102e-06;0.0284113663150611;0.333333333333333;6
"1-Multi";85;"3 A1 LEMA";1.02777777777778;0.0277777777777778;1;2;1;1;0.0185317510618673;1;0.0679981302958406;3.26706174662822e-06;0.113631658705919;0.333333333333333;2
"1-Multi";86;"3 A5 LEMA";1.00724637681159;0.0072463768115942;1;2;1;1;0.0187776453852125;1;0.984126495917185;6.58078633609967e-10;0.0158547835688422;0.333333333333333;2
"1-Multi";87;"3 A6 CHFU";1.5;0.5;1;2;1;1;0.0369025473193637;1;8.60600534227372e-08;0.000195712764334674;0.00334903085086817;0.333333333333333;2
"1-Multi";88;"3 B1 LEMA";1.20252694165738;0.202526941657376;1;6;3;3;0.0263297322628032;1;0.50208735240975;4.56035483043535e-06;0.0533184986957347;0.333333333333333;6
"1-Multi";89;"3 B2 LEMA";1.01449275362319;0.0144927536231884;1;2;1;1;0.021163954989197;1;0.984126495917185;1.31615725769647e-09;0.0158547835688422;0.333333333333333;2
"1-Multi";90;"3 B3 LEMA";1.13949275362319;0.139492753623188;1;4;2;2;0.0246363765554978;1;0.662308272514069;1.12916204517592e-08;0.0130040432331446;0.333333333333333;4
"1-Multi";91;"3 B5 LEMA";1.01449275362319;0.0144927536231884;1;2;1;1;0.0211639549892375;1;0.984126495917185;1.3161572585593e-09;0.0158547835688422;0.333333333333333;2
"1-Multi";92;"3 B6 LEMA";1.01449275362319;0.0144927536231884;1;2;1;1;0.0211639549892545;1;0.984126495917185;1.3161572559137e-09;0.0158547835688422;0.333333333333333;2
"1-Multi";93;"3 C1 LEMA";1.01449275362319;0.0144927536231884;1;2;1;1;0.0211639549891959;1;0.984126495917185;1.316157253028e-09;0.0158547835688422;0.333333333333333;2
"1-Multi";94;"3 C3 CHFU";1.5;0.5;1;2;1;1;0.0377411689458298;1;0.00078054912575848;0.000241387562500801;0.12206719093159;0.333333333333333;2
"1-Multi";95;"3 C3 LEMA";1.07142857142857;0.0714285714285714;1;2;1;1;0.0192308060330545;1;0.0294990101339737;6.82540624912903e-09;0.00680282532416104;0.333333333333333;2
"1-Multi";96;"3 C3 ME";2.625;1.625;1;6;3;3;0.130340674402721;1;0.000223133186362492;0.0174486268721812;0.137466075158194;0.333333333333333;2
"1-Multi";97;"3 C4 LEMA";1.125;0.125;1;2;1;1;0.0198637573475623;1;0.0186718257078368;9.97546320090406e-09;0.00730256256174934;0.333333333333333;2
"1-Multi";98;"3 C5 LEMA";1.00724637681159;0.0072463768115942;1;2;1;1;0.0187776453852605;1;0.984126495917185;6.58078632873982e-10;0.0158547835688422;0.333333333333333;2
"1-Multi";99;"3 C6 LEMA";1.10590858416945;0.105908584169454;1;4;2;2;0.0301555319204564;1;0.79550071169442;5.52515319427542e-09;0.0135218528084434;0.333333333333333;4
"1-Multi";100;"3 D1 LEMA";1.02173913043478;0.0217391304347826;1;2;1;1;0.0235502645932076;1;0.984126495917185;1.97423588616644e-09;0.0158547835688422;0.333333333333333;2
"1-Multi";101;"3 D2 CHFU";2;1;1;2;1;1;0.0473527478124623;1;0;0;8.60659906594082e-06;0.333333333333333;2
"1-Multi";102;"3 D2 LEMA";1.5594375431332;0.559437543133195;1;8;4;4;0.0455008679802308;1;0.295867511338267;6.58020022355223e-06;0.0287403961182654;0.333333333333333;6
"1-Multi";103;"3 D3 CHFU";1.33333333333333;0.333333333333333;1;2;1;1;0.0300654768067483;1;8.60600534697631e-08;0.000130475176223119;0.00334903085086817;0.333333333333333;2
"1-Multi";104;"3 D3 LEMA";1.18176328502415;0.181763285024155;1;6;3;3;0.0315494110443015;1;0.670529323278736;3.27966952433311e-06;0.0307255592571729;0.333333333333333;6
"1-Multi";105;"3 D4 ME";1.5;0.5;1;2;1;1;0.086597114823448;1;1.73997806074074e-06;0.0148041554488273;0.0280588093204636;0.333333333333333;2
"1-Multi";106;"3 D5 LEMA";1.04227053140097;0.0422705314009662;1;4;2;2;0.0233043702698743;1;0.678750374043404;3.26837790387945e-06;0.0484470752812012;0.333333333333333;4
"1-Multi";107;"3 D6 LEMA";2.77898550724638;1.77898550724638;1;8;4;4;0.0471322538975801;1;0.49721554328623;4.83403362488298e-08;0.0108769124646768;0.333333333333333;4
"1-Multi";108;"3 E1 LEMA";1.12040133779264;0.120401337792642;1;4;2;2;0.0349281511284889;1;0.849393792900925;6.84131045036641e-09;0.0141884044542716;0.333333333333333;4
"1-Multi";109;"3 E2 CHFU";1.1;0.1;1;2;1;1;0.0252229966478585;1;0.00340333829028085;0.000142683789144034;0.0980769953335096;0.333333333333333;2
"1-Multi";110;"3 E2 LEMA";1.03623188405797;0.036231884057971;1;2;1;1;0.0283228838011139;1;0.984126495917185;3.29039313185492e-09;0.0158547835688422;0.333333333333333;2
"1-Multi";111;"3 E3 LEMA";1.18803418803419;0.188034188034188;1;4;2;2;0.0228773392602577;1;0.0291648592793964;2.34126888609144e-06;0.0214544311301906;0.333333333333333;4
"1-Multi";112;"3 E3 ME";1.0625;0.0625;1;2;1;1;0.0198412610124178;1;5.21974147629837e-05;1.09809350493121e-05;0.191790637834136;0.333333333333333;2
"1-Multi";113;"3 E4 LEMA";1.27777777777778;0.277777777777778;1;4;2;2;0.0292577900987452;1;0.0357341575594571;5.31572855912451e-06;0.139414072208028;0.333333333333333;4
"1-Multi";114;"3 E4 ME";1.25;0.25;1;2;1;1;0.0301910367061256;1;5.21974147630385e-05;4.39237401972327e-05;0.191790637834136;0.333333333333333;2
"1-Multi";115;"3 E5 LEMA";1.01449275362319;0.0144927536231884;1;2;1;1;0.0211639549892749;1;0.984126495917185;1.31615725874284e-09;0.0158547835688422;0.333333333333333;2
"1-Multi";116;"3 F1 LEMA";1.21701969528056;0.217019695280565;1;6;3;3;0.032422577676271;1;0.665805950371256;2.34390120059765e-06;0.0177213327559584;0.333333333333333;6
"1-Multi";117;"3 F2 CHFU";1.16666666666667;0.166666666666667;1;2;1;1;0.0232284062939485;1;8.60600534238256e-08;6.52375881115637e-05;0.00334903085086817;0.333333333333333;2
"1-Multi";118;"3 F2 LEMA";1.10041407867495;0.100414078674948;1;4;2;2;0.0287760444489818;1;0.793200998760543;9.45772075230178e-09;0.014044391919906;0.333333333333333;4
"1-Multi";119;"3 F3 LEMA";1.08416945373467;0.0841694537346711;1;4;2;2;0.0229966031086142;1;0.512562035360272;3.55091732180701e-09;0.0100224566678452;0.333333333333333;4
"1-Multi";120;"3 F4 LEMA";1.09866220735786;0.0986622073578595;1;4;2;2;0.0277692223166536;1;0.748344265638728;4.86707457513531e-09;0.0129386201183437;0.333333333333333;4
"1-Multi";121;"3 F4 ME";1.125;0.125;1;2;1;1;0.0232911862438598;1;5.21974147630293e-05;2.19618700986223e-05;0.191790637834136;0.333333333333333;2
"1-Multi";122;"3 F5 LEMA";1.11369910282954;0.113699102829538;1;6;3;3;0.0261438405218669;1;0.516437533066046;3.2752033101266e-06;0.0380360127919411;0.333333333333333;6
"1-Multi";123;"3 F6 LEMA";1.00724637681159;0.0072463768115942;1;2;1;1;0.0187776453851871;1;0.984126495917185;6.58078624003811e-10;0.0158547835688422;0.333333333333333;2
"1-Multi";124;"Andrena_cinerea";9.63235930735931;5.91807359307359;3.71428571428571;24;12;12;0.145915244814123;1;0.0303875911466397;0.0299748327959356;0.022750170659482;0.666666666666667;6
"1-Multi";125;"Anthaxia_semicuprea";2.03333333333333;1.03333333333333;1;6;3;3;0.0319084059272027;1;1.09738611783695e-06;0.0120236761289213;0.00779240150185574;0.333333333333333;4
"1-Multi";126;"Brassicogethes_sp.";1.39772727272727;0.397727272727273;1;4;2;2;0.0280838179258289;1;7.95997325609112e-06;0.00405928067011883;0.0201421634970103;0.333333333333333;4
"1-Multi";127;"Bruchidae";2;1;1;2;1;1;0.0473527478124088;1;0;0;8.60659906594082e-06;0.333333333333333;2
"1-Multi";128;"Calliphoridae";2.66666666666667;1.66666666666667;1;4;2;2;0.0530350712747708;1;4.49593014075168e-05;1.98951278661936e-09;0.00197056254958883;0.333333333333333;2
"1-Multi";129;"Cantharidae";7.92857142857143;4.21428571428571;3.71428571428571;16;8;8;0.0864282815739983;1;0.00912811854794224;0.00917533913445105;0.0818846507314748;0.666666666666667;4
"1-Multi";130;"Chrysomelidae";1.14285714285714;0.142857142857143;1;2;1;1;0.0201473959706844;1;6.65673246588076e-06;0.00186994633435924;0.0206953272212855;0.333333333333333;2
"1-Multi";131;"Chrysotoxum_sp.";1.125;0.125;1;2;1;1;0.0202380848065397;1;4.75730899608026e-08;0.00184021969291502;0.00538046978627465;0.333333333333333;2
"1-Multi";132;"Dilophus_sp.";31.1112554112554;23.1969696969697;7.91428571428571;80;40;40;0.604678607892784;1;0.14073578533671;0.0733520936510019;0.707941670361006;1;6
"1-Multi";133;"Diptera";24.0619047619048;16.147619047619;7.91428571428571;42;21;21;0.518164803412598;1;0.00871933168104415;0.00381616146874007;1;1;4
"1-Multi";134;"Empididae";7.66666666666667;4.16666666666667;3.5;10;5;5;0.126414145326891;1;0.000254862290160782;7.79253139133115e-06;0.007426855346786;0.666666666666667;2
"1-Multi";135;"Episyrphus_balteatus";2;1;1;2;1;1;0.0473527478124308;1;0;0;8.60659906594082e-06;0.333333333333333;2
"1-Multi";136;"Eupeodes_corollae";20.8119047619048;12.897619047619;7.91428571428571;44;22;22;0.307743698160195;1;0.0415318304495811;0.024194419602895;0.886483914416647;1;6
"1-Multi";137;"Lassioglosum_.immunitum";1.33333333333333;0.333333333333333;1;2;1;1;0.023790217604365;1;0.000102398954320428;1.73233976724133e-07;0.037809201935589;0.333333333333333;2
"1-Multi";138;"Malachius_bipustulatus";1.45833333333333;0.458333333333333;1;4;2;2;0.0258378821094873;1;1.64470425917349e-06;0.00209698184657877;0.0127925106998296;0.333333333333333;4
"1-Multi";139;"Meligethes_sp.";5.98452380952381;4.98452380952381;1;22;11;11;0.0754527929563576;1;1.27014295921164e-06;0.041658773021652;0.00846862711481725;0.333333333333333;6
"1-Multi";140;"Melyridae";3.33333333333333;2.33333333333333;1;8;4;4;0.0520304408208276;1;5.48890349245134e-07;0.00811438083865377;0.00534787667093679;0.333333333333333;4
"1-Multi";141;"Mordellidae";3.46785714285714;2.46785714285714;1;10;5;5;0.0473502598336727;1;5.21770425614682e-06;0.00449622954144964;0.0161190592768491;0.333333333333333;6
"1-Multi";142;"Musca_sp.";7.05357142857143;3.33928571428571;3.71428571428571;10;5;5;0.0654933985729429;1;0.00875167559207721;0.00862778471395734;0.0434446228814523;0.666666666666667;4
"1-Multi";143;"Nemotelus_sp.";9.21948051948052;5.50519480519481;3.71428571428571;20;10;10;0.107904514258613;1;0.0252366195777228;0.024883908938408;0.128064664911737;0.666666666666667;4
"1-Multi";144;"Odontomyia_sp.";2.73333333333333;1.73333333333333;1;12;6;6;0.0418245257056562;1;1.29976803750592e-06;0.0248985708818635;0.00978522277284195;0.333333333333333;6
"1-Multi";145;"Oedemeridae";1.5;0.5;1;2;1;1;0.0250455147469168;1;2.25100769969938e-06;0.000169739932922902;0.0402204654270096;0.333333333333333;2
"1-Multi";146;"Psilothrix_viridicoerulea";48.7756493506493;45.0613636363636;3.71428571428571;132;66;66;1;1;1;1;0.0888214867891737;0.666666666666667;6
"1-Multi";147;"Scaeva_sp.";10.6909090909091;6.99090909090909;3.7;24;12;12;0.152871854230025;1;0.0132227783240852;0.018973047502193;0.0215261050163778;0.666666666666667;6
"1-Multi";148;"Sphaerophoria_scripta";16.7285714285714;8.81428571428571;7.91428571428571;30;15;15;0.165753685523392;1;0.0317463803198851;0.0183879476157486;0.218041053603886;1;6
"2-Multi";1;"1 A1 LEMA";1.04951690821256;0.0495169082125604;1;4;2;2;0.0256906798740219;1;0.755094404511849;3.26903598250829e-06;0.0402990023531114;0.333333333333333;4
"2-Multi";2;"1 A2 CHFU";1.35;0.35;1;4;2;2;0.0432218072939764;1;0.00128991944095088;0.000161252750903542;0.124226352464178;0.333333333333333;2
"2-Multi";3;"1 A2 LEMA";1.18840579710145;0.188405797101449;1;4;2;2;0.0279273351331976;1;0.744220718597459;8.3882449128517e-09;0.0131013081176335;0.333333333333333;4
"2-Multi";4;"1 A3 CHFU";1.33333333333333;0.333333333333333;1;2;1;1;0.0301468285721085;1;3.90461278908403e-06;2.47566198053351e-06;0.00222387667053523;0.333333333333333;2
"2-Multi";5;"1 A3 LEMA";1.34057971014493;0.340579710144927;1;4;2;2;0.0247222191947783;1;0.497979667547458;1.14886949678899e-08;0.0098553380975071;0.333333333333333;4
"2-Multi";6;"1 A4 LEMA";1.08592132505176;0.0859213250517598;1;4;2;2;0.0240034252410843;1;0.665917333989448;8.14156350369199e-09;0.0128374641539485;0.333333333333333;4
"2-Multi";7;"1 A5 LEMA";1.02777777777778;0.0277777777777778;1;2;1;1;0.0185317510620295;1;0.0679981302958406;3.26706174662978e-06;0.113631658705919;0.333333333333333;2
"2-Multi";8;"1 A6 LEMA";1.50724637681159;0.507246376811594;1;6;3;3;0.0290992897347969;1;0.340154240577733;1.79027039935369e-08;0.00818385265300712;0.333333333333333;4
"2-Multi";9;"1 B1 CHFU";1.5;0.5;1;2;1;1;0.0377411689459476;1;0.000780549125758467;0.000241387562500802;0.12206719093159;0.333333333333333;2
"2-Multi";10;"1 B1 LEMA";2.07692307692308;1.07692307692308;1;4;2;2;0.0312903312242931;1;0.0114656599549726;2.2873113660149e-06;0.0813648820543882;0.333333333333333;2
"2-Multi";11;"1 B2 CHFU";2.66666666666667;1.66666666666667;1;4;2;2;0.0648728350278464;1;0.000189113394233975;0.000378222427036371;0.0102987531748702;0.333333333333333;2
"2-Multi";12;"1 B2 LEMA";1.29227053140097;0.292270531400966;1;6;3;3;0.0278080712849717;1;0.502522130557021;2.34610621368064e-06;0.0188172953488062;0.333333333333333;6
"2-Multi";13;"1 B2 ME";2;1;1;2;1;1;0.0368453828628941;1;3.76423738244779e-06;1.19079126859917e-07;0.0014588992277541;0.333333333333333;2
"2-Multi";14;"1 B5 LEMA";1.00724637681159;0.0072463768115942;1;2;1;1;0.0187776453853116;1;0.984126495917185;6.5807863020915e-10;0.0158547835688422;0.333333333333333;2
"2-Multi";15;"1 C1 LEMA";1.50724637681159;0.507246376811594;1;4;2;2;0.0258277410507168;1;0.496308605541481;9.1387391309054e-08;0.0144207865732677;0.333333333333333;4
"2-Multi";16;"1 C2 LEMA";1.02777777777778;0.0277777777777778;1;2;1;1;0.018531751062003;1;0.0679981302958406;3.26706174663089e-06;0.113631658705919;0.333333333333333;2
"2-Multi";17;"1 C3 LEMA";1.17391304347826;0.173913043478261;1;4;2;2;0.0231547159253257;1;0.504314941277733;7.07208766368641e-09;0.0103478326664247;0.333333333333333;4
"2-Multi";18;"1 C4 CHFU";1.1;0.1;1;2;1;1;0.0252229966478891;1;0.00340333829028083;0.00014268378914404;0.0980769953335096;0.333333333333333;2
"2-Multi";19;"1 C4 LEMA";1.47619047619048;0.476190476190476;1;4;2;2;0.0337160933144138;1;0.0187423007170502;1.90680678116332e-08;0.00472523294523107;0.333333333333333;4
"2-Multi";20;"1 C5 CHFU";1.2;0.2;1;2;1;1;0.0340546575146142;1;0.00340333829028085;0.000285367578288069;0.0980769953335096;0.333333333333333;2
"2-Multi";21;"1 C5 LEMA";1.35470085470085;0.354700854700855;1;6;3;3;0.0321565216168153;1;0.031410863056037;7.53639118490552e-06;0.140557946522592;0.333333333333333;4
"2-Multi";22;"1 D1 LEMA";1.33333333333333;0.333333333333333;1;2;1;1;0.0280371528106759;1;0.00798559130012665;5.41725532230852e-09;0.0026476405663011;0.333333333333333;2
"2-Multi";23;"1 D2 LEMA";1.00724637681159;0.0072463768115942;1;2;1;1;0.0187776453852432;1;0.984126495917185;6.58078632112558e-10;0.0158547835688422;0.333333333333333;2
"2-Multi";24;"1 D2 ME";2;1;1;2;1;1;0.0298180459885698;1;1.31384453340718e-07;0.000258941667962371;0.00849844071389077;0.333333333333333;2
"2-Multi";25;"1 D3 LEMA";2.27729468599034;1.27729468599034;1;8;4;4;0.0418598175700398;1;0.442091554539614;6.76409051480478e-06;0.0418617959383027;0.333333333333333;6
"2-Multi";26;"1 D4 LEMA";1.2;0.2;1;2;1;1;0.0225831952310313;1;0.00442486644680706;3.08975767323053e-08;0.00797149876820226;0.333333333333333;2
"2-Multi";27;"1 D5 LEMA";1.73502415458937;0.735024154589372;1;10;5;5;0.0374315644654295;1;0.218577143695169;3.31586202734886e-06;0.0292309430866285;0.333333333333333;6
"2-Multi";28;"1 E1 LEMA";1.02898550724638;0.0289855072463768;1;2;1;1;0.0259365741971534;1;0.984126495917185;2.63231450948189e-09;0.0158547835688422;0.333333333333333;2
"2-Multi";29;"1 E2 CHFU";1.125;0.125;1;2;1;1;0.0253907411043448;1;0.000233210016285853;9.28448087975718e-06;0.137301031029513;0.333333333333333;2
"2-Multi";30;"1 E2 LEMA";1.26449275362319;0.264492753623188;1;6;3;3;0.0278384617813743;1;0.414183081928216;7.94512999867536e-06;0.044555738166134;0.333333333333333;6
"2-Multi";31;"1 E3 LEMA";1.26532887402453;0.265328874024526;1;6;3;3;0.0308260666512049;1;0.599929429687807;2.22905087069442e-06;0.039050185524451;0.333333333333333;6
"2-Multi";32;"1 E3 ME";2;1;1;2;1;1;0.0295162736004528;1;0.000204423736263623;0.000545643093927234;0.0426231001382223;0.333333333333333;2
"2-Multi";33;"1 E4 LEMA";1.02898550724638;0.0289855072463768;1;2;1;1;0.0259365741971778;1;0.984126495917185;2.63231450924145e-09;0.0158547835688422;0.333333333333333;2
"2-Multi";34;"1 E5 CHFU";1.125;0.125;1;2;1;1;0.0253907411043299;1;0.00023321001628589;9.28448087976011e-06;0.137301031029513;0.333333333333333;2
"2-Multi";35;"1 E5 LEMA";1.04227053140097;0.0422705314009662;1;4;2;2;0.0233043702698888;1;0.678750374043404;3.26837790387749e-06;0.0484470752812012;0.333333333333333;4
"2-Multi";36;"1 E6 LEMA";1.02173913043478;0.0217391304347826;1;2;1;1;0.0235502645931433;1;0.984126495917185;1.97423587818933e-09;0.0158547835688422;0.333333333333333;2
"2-Multi";37;"1 F1 LEMA";1.375;0.375;1;6;3;3;0.0265382641396821;1;0.0303335608786363;7.95378930461642e-06;0.0495929215636838;0.333333333333333;6
"2-Multi";38;"1 F2 LEMA";1.02777777777778;0.0277777777777778;1;2;1;1;0.0185317510619841;1;0.0679981302958406;3.26706174663049e-06;0.113631658705919;0.333333333333333;2
"2-Multi";39;"1 F3 LEMA";1.17451690821256;0.17451690821256;1;6;3;3;0.0291631014401186;1;0.607809888751047;3.27901144569931e-06;0.033699714394839;0.333333333333333;6
"2-Multi";40;"1 F4 CHFU";1.125;0.125;1;2;1;1;0.0253907411042431;1;0.000233210016285931;9.28448087975715e-06;0.137301031029513;0.333333333333333;2
"2-Multi";41;"1 F4 LEMA";1.2;0.2;1;2;1;1;0.022583195231087;1;0.00442486644680716;3.08975767313395e-08;0.00797149876820226;0.333333333333333;2
"2-Multi";42;"1 F5 LEMA";1.01449275362319;0.0144927536231884;1;2;1;1;0.0211639549891335;1;0.984126495917185;1.31615725295653e-09;0.0158547835688422;0.333333333333333;2
"2-Multi";43;"1 F6 LEMA";1.18803418803419;0.188034188034188;1;4;2;2;0.0215571130549601;1;0.0200482089023153;4.55903867318512e-06;0.0907822138226273;0.333333333333333;4
"2-Multi";44;"2 A1 LEMA";1.69528056484578;0.695280564845782;1;8;4;4;0.046634598430255;1;0.207663934489195;6.32517310980283e-06;0.102504322465726;0.333333333333333;4
"2-Multi";45;"2 A3 CHFU";1.1;0.1;1;2;1;1;0.0252229966478386;1;0.00340333829028084;0.000142683789144033;0.0980769953335096;0.333333333333333;2
"2-Multi";46;"2 A3 LEMA";1.01449275362319;0.0144927536231884;1;2;1;1;0.0211639549891756;1;0.984126495917185;1.31615725301712e-09;0.0158547835688422;0.333333333333333;2
"2-Multi";47;"2 A4 CHFU";1.2;0.2;1;2;1;1;0.0340546575144969;1;0.00340333829028084;0.000285367578288065;0.0980769953335096;0.333333333333333;2
"2-Multi";48;"2 A4 LEMA";1.22222222222222;0.222222222222222;1;2;1;1;0.0234036226879296;1;0.0244885328334467;1.3037560786892e-08;0.0234281621877939;0.333333333333333;2
"2-Multi";49;"2 A5 LEMA";2;1;1;2;1;1;0.0473527478124397;1;0;0;8.60659906594082e-06;0.333333333333333;2
"2-Multi";50;"2 A5 ME";2;1;1;2;1;1;0.0381776909059412;1;0.00026558830735182;0.000718047380670018;0.173267822781688;0.333333333333333;2
"2-Multi";51;"2 B1 CHFU";1.1;0.1;1;2;1;1;0.0252229966478691;1;0.00340333829028082;0.000142683789144033;0.0980769953335096;0.333333333333333;2
"2-Multi";52;"2 B1 LEMA";1.34782608695652;0.347826086956522;1;4;2;2;0.0272343968515306;1;0.659094137501064;5.33695200746044e-08;0.0177393628145985;0.333333333333333;4
"2-Multi";53;"2 B1 ME";1.3125;0.3125;1;2;1;1;0.033640961937457;1;5.2197414763001e-05;5.4904675246543e-05;0.191790637834136;0.333333333333333;2
"2-Multi";54;"2 B2 LEMA";1.07692307692308;0.0769230769230769;1;2;1;1;0.0206102935046048;1;0.040997574803359;2.89283869191088e-09;0.00419012976684812;0.333333333333333;2
"2-Multi";55;"2 B3 LEMA";1.00724637681159;0.0072463768115942;1;2;1;1;0.0187776453851652;1;0.984126495917185;6.58078625443517e-10;0.0158547835688422;0.333333333333333;2
"2-Multi";56;"2 B4 LEMA";1.17391304347826;0.173913043478261;1;4;2;2;0.0246005538998819;1;0.496056043608656;3.36670628586611e-09;0.00925121206757166;0.333333333333333;4
"2-Multi";57;"2 B5 ME";1.83333333333333;0.833333333333333;1;4;2;2;0.0405537646420743;1;9.78543923459091e-08;9.07032001145197e-05;0.00697769691245638;0.333333333333333;2
"2-Multi";58;"2 B6 LEMA";1.00724637681159;0.0072463768115942;1;2;1;1;0.0187776453851736;1;0.984126495917185;6.58078631692255e-10;0.0158547835688422;0.333333333333333;2
"2-Multi";59;"2 C1 LEMA";1.46581196581197;0.465811965811966;1;6;3;3;0.0296413397230579;1;0.0419474888274252;8.80683948186039e-06;0.0979043834674176;0.333333333333333;4
"2-Multi";60;"2 C1 ME";1.33333333333333;0.333333333333333;1;2;1;1;0.0226580711548772;1;2.89647305307371e-07;9.00376135861343e-05;0.0189764107859345;0.333333333333333;2
"2-Multi";61;"2 C3 LEMA";1.1256038647343;0.1256038647343;1;4;2;2;0.0246700984425448;1;0.664247174889273;7.83493765211585e-09;0.0183792431084928;0.333333333333333;4
"2-Multi";62;"2 C5 LEMA";1.08416945373467;0.0841694537346711;1;4;2;2;0.0216763769032542;1;0.503445384983191;2.22132070441517e-06;0.0793502393602817;0.333333333333333;4
"2-Multi";63;"2 C6 LEMA";1.08416945373467;0.0841694537346711;1;4;2;2;0.0229966031085567;1;0.512562035360272;3.55091731879675e-09;0.0100224566678452;0.333333333333333;4
"2-Multi";64;"2 D1 CHFU";1.375;0.375;1;2;1;1;0.0433895517502949;1;0.000233210016285939;2.78534426392608e-05;0.137301031029513;0.333333333333333;2
"2-Multi";65;"2 D1 LEMA";1.9247491638796;0.924749163879599;1;10;5;5;0.041179733421707;1;0.275937153082719;1.21728138570405e-05;0.0672996276453668;0.333333333333333;6
"2-Multi";66;"2 D2 ME";2;1;1;2;1;1;0.0420095659027675;1;6.91867457266911e-08;0.000899632450057639;0.00445378539733847;0.333333333333333;2
"2-Multi";67;"2 D3 ME";1.5;0.5;1;2;1;1;0.0342870292685611;1;1.95793590189468e-09;6.65586528397411e-07;0.000978339975717331;0.333333333333333;2
"2-Multi";68;"2 D4 LEMA";1.22946859903382;0.229468599033816;1;4;2;2;0.0257899322919791;1;0.34436785386136;1.36956394111724e-08;0.0209037026481433;0.333333333333333;4
"2-Multi";69;"2 D5 LEMA";1.07692307692308;0.0769230769230769;1;2;1;1;0.0192900672991566;1;0.0227642740491965;2.22066262578614e-06;0.142845695151721;0.333333333333333;2
"2-Multi";70;"2 D6 LEMA";1.18803418803419;0.188034188034188;1;4;2;2;0.0227962107526097;1;0.0236264034413217;2.22718140617683e-06;0.0831369286697576;0.333333333333333;4
"2-Multi";71;"2 E1 CHFU";1.1;0.1;1;2;1;1;0.0252229966478877;1;0.00340333829028084;0.000142683789144035;0.0980769953335096;0.333333333333333;2
"2-Multi";72;"2 E1 LEMA";1.35338164251208;0.353381642512077;1;6;3;3;0.0380578908426732;1;0.289083563720048;1.63675224671094e-05;0.0759799199294353;0.333333333333333;6
"2-Multi";73;"2 E2 LEMA";1.10470085470085;0.104700854700855;1;4;2;2;0.0214304825800029;1;0.0453812021725186;5.48772437241024e-06;0.12823867692882;0.333333333333333;4
"2-Multi";74;"2 E2 ME";2.0625;1.0625;1;4;2;2;0.0363311813153207;1;2.63109935249783e-05;0.000758138236348663;0.115836371180328;0.333333333333333;2
"2-Multi";75;"2 E3 LEMA";1.07692307692308;0.0769230769230769;1;2;1;1;0.0206102935045753;1;0.040997574803359;2.89283869369554e-09;0.00419012976684812;0.333333333333333;2
"2-Multi";76;"2 E4 LEMA";1.09316770186335;0.093167701863354;1;4;2;2;0.0263897348450816;1;0.745469624471382;8.79964213210992e-09;0.0135917940076719;0.333333333333333;4
"2-Multi";77;"2 E4 ME";2.39583333333333;1.39583333333333;1;6;3;3;0.0370412577398391;1;1.75525155054374e-05;0.000104050418009892;0.076486435185201;0.333333333333333;2
"2-Multi";78;"2 E5 LEMA";1.11835748792271;0.118357487922705;1;4;2;2;0.022283788838702;1;0.504307514375316;7.17685902143091e-09;0.019641472878318;0.333333333333333;4
"2-Multi";79;"2 E6 LEMA";1.2615066093327;0.261506609332696;1;8;4;4;0.0382800432943424;1;0.626736667321557;2.23367126385113e-06;0.0291390710108677;0.333333333333333;6
"2-Multi";80;"2 F1 LEMA";1.39613526570048;0.396135265700483;1;6;3;3;0.0291289178090479;1;0.282288044294422;6.58683493469954e-06;0.0661566555716979;0.333333333333333;4
"2-Multi";81;"2 F2 LEMA";1.69444444444444;0.694444444444444;1;6;3;3;0.0306915476684084;1;0.0260158068804484;3.2941189064897e-06;0.0408688630894639;0.333333333333333;4
"2-Multi";82;"2 F3 LEMA";2.01708074534162;1.01708074534161;1;10;5;5;0.047500134684557;1;0.376224940491137;6.72686155872502e-06;0.0318903107939451;0.333333333333333;6
"2-Multi";83;"2 F4 LEMA";1.00724637681159;0.0072463768115942;1;2;1;1;0.0187776453852125;1;0.984126495917185;6.58078626294688e-10;0.0158547835688422;0.333333333333333;2
"2-Multi";84;"2 F6 LEMA";1.2657933853586;0.265793385358603;1;6;3;3;0.0335749338359442;1;0.235023470124621;3.27639834132102e-06;0.0284113663150611;0.333333333333333;6
"2-Multi";85;"3 A1 LEMA";1.02777777777778;0.0277777777777778;1;2;1;1;0.0185317510618673;1;0.0679981302958406;3.26706174662822e-06;0.113631658705919;0.333333333333333;2
"2-Multi";86;"3 A5 LEMA";1.00724637681159;0.0072463768115942;1;2;1;1;0.0187776453852125;1;0.984126495917185;6.58078633609967e-10;0.0158547835688422;0.333333333333333;2
"2-Multi";87;"3 A6 CHFU";1.5;0.5;1;2;1;1;0.0369025473193637;1;8.60600534227372e-08;0.000195712764334674;0.00334903085086817;0.333333333333333;2
"2-Multi";88;"3 B1 LEMA";1.20252694165738;0.202526941657376;1;6;3;3;0.0263297322628032;1;0.50208735240975;4.56035483043535e-06;0.0533184986957347;0.333333333333333;6
"2-Multi";89;"3 B2 LEMA";1.01449275362319;0.0144927536231884;1;2;1;1;0.021163954989197;1;0.984126495917185;1.31615725769647e-09;0.0158547835688422;0.333333333333333;2
"2-Multi";90;"3 B3 LEMA";1.13949275362319;0.139492753623188;1;4;2;2;0.0246363765554978;1;0.662308272514069;1.12916204517592e-08;0.0130040432331446;0.333333333333333;4
"2-Multi";91;"3 B5 LEMA";1.01449275362319;0.0144927536231884;1;2;1;1;0.0211639549892375;1;0.984126495917185;1.3161572585593e-09;0.0158547835688422;0.333333333333333;2
"2-Multi";92;"3 B6 LEMA";1.01449275362319;0.0144927536231884;1;2;1;1;0.0211639549892545;1;0.984126495917185;1.3161572559137e-09;0.0158547835688422;0.333333333333333;2
"2-Multi";93;"3 C1 LEMA";1.01449275362319;0.0144927536231884;1;2;1;1;0.0211639549891959;1;0.984126495917185;1.316157253028e-09;0.0158547835688422;0.333333333333333;2
"2-Multi";94;"3 C3 CHFU";1.5;0.5;1;2;1;1;0.0377411689458298;1;0.00078054912575848;0.000241387562500801;0.12206719093159;0.333333333333333;2
"2-Multi";95;"3 C3 LEMA";1.07142857142857;0.0714285714285714;1;2;1;1;0.0192308060330545;1;0.0294990101339737;6.82540624912903e-09;0.00680282532416104;0.333333333333333;2
"2-Multi";96;"3 C3 ME";2.625;1.625;1;6;3;3;0.130340674402721;1;0.000223133186362492;0.0174486268721812;0.137466075158194;0.333333333333333;2
"2-Multi";97;"3 C4 LEMA";1.125;0.125;1;2;1;1;0.0198637573475623;1;0.0186718257078368;9.97546320090406e-09;0.00730256256174934;0.333333333333333;2
"2-Multi";98;"3 C5 LEMA";1.00724637681159;0.0072463768115942;1;2;1;1;0.0187776453852605;1;0.984126495917185;6.58078632873982e-10;0.0158547835688422;0.333333333333333;2
"2-Multi";99;"3 C6 LEMA";1.10590858416945;0.105908584169454;1;4;2;2;0.0301555319204564;1;0.79550071169442;5.52515319427542e-09;0.0135218528084434;0.333333333333333;4
"2-Multi";100;"3 D1 LEMA";1.02173913043478;0.0217391304347826;1;2;1;1;0.0235502645932076;1;0.984126495917185;1.97423588616644e-09;0.0158547835688422;0.333333333333333;2
"2-Multi";101;"3 D2 CHFU";2;1;1;2;1;1;0.0473527478124623;1;0;0;8.60659906594082e-06;0.333333333333333;2
"2-Multi";102;"3 D2 LEMA";1.5594375431332;0.559437543133195;1;8;4;4;0.0455008679802308;1;0.295867511338267;6.58020022355223e-06;0.0287403961182654;0.333333333333333;6
"2-Multi";103;"3 D3 CHFU";1.33333333333333;0.333333333333333;1;2;1;1;0.0300654768067483;1;8.60600534697631e-08;0.000130475176223119;0.00334903085086817;0.333333333333333;2
"2-Multi";104;"3 D3 LEMA";1.18176328502415;0.181763285024155;1;6;3;3;0.0315494110443015;1;0.670529323278736;3.27966952433311e-06;0.0307255592571729;0.333333333333333;6
"2-Multi";105;"3 D4 ME";1.5;0.5;1;2;1;1;0.086597114823448;1;1.73997806074074e-06;0.0148041554488273;0.0280588093204636;0.333333333333333;2
"2-Multi";106;"3 D5 LEMA";1.04227053140097;0.0422705314009662;1;4;2;2;0.0233043702698743;1;0.678750374043404;3.26837790387945e-06;0.0484470752812012;0.333333333333333;4
"2-Multi";107;"3 D6 LEMA";2.77898550724638;1.77898550724638;1;8;4;4;0.0471322538975801;1;0.49721554328623;4.83403362488298e-08;0.0108769124646768;0.333333333333333;4
"2-Multi";108;"3 E1 LEMA";1.12040133779264;0.120401337792642;1;4;2;2;0.0349281511284889;1;0.849393792900925;6.84131045036641e-09;0.0141884044542716;0.333333333333333;4
"2-Multi";109;"3 E2 CHFU";1.1;0.1;1;2;1;1;0.0252229966478585;1;0.00340333829028085;0.000142683789144034;0.0980769953335096;0.333333333333333;2
"2-Multi";110;"3 E2 LEMA";1.03623188405797;0.036231884057971;1;2;1;1;0.0283228838011139;1;0.984126495917185;3.29039313185492e-09;0.0158547835688422;0.333333333333333;2
"2-Multi";111;"3 E3 LEMA";1.18803418803419;0.188034188034188;1;4;2;2;0.0228773392602577;1;0.0291648592793964;2.34126888609144e-06;0.0214544311301906;0.333333333333333;4
"2-Multi";112;"3 E3 ME";1.0625;0.0625;1;2;1;1;0.0198412610124178;1;5.21974147629837e-05;1.09809350493121e-05;0.191790637834136;0.333333333333333;2
"2-Multi";113;"3 E4 LEMA";1.27777777777778;0.277777777777778;1;4;2;2;0.0292577900987452;1;0.0357341575594571;5.31572855912451e-06;0.139414072208028;0.333333333333333;4
"2-Multi";114;"3 E4 ME";1.25;0.25;1;2;1;1;0.0301910367061256;1;5.21974147630385e-05;4.39237401972327e-05;0.191790637834136;0.333333333333333;2
"2-Multi";115;"3 E5 LEMA";1.01449275362319;0.0144927536231884;1;2;1;1;0.0211639549892749;1;0.984126495917185;1.31615725874284e-09;0.0158547835688422;0.333333333333333;2
"2-Multi";116;"3 F1 LEMA";1.21701969528056;0.217019695280565;1;6;3;3;0.032422577676271;1;0.665805950371256;2.34390120059765e-06;0.0177213327559584;0.333333333333333;6
"2-Multi";117;"3 F2 CHFU";1.16666666666667;0.166666666666667;1;2;1;1;0.0232284062939485;1;8.60600534238256e-08;6.52375881115637e-05;0.00334903085086817;0.333333333333333;2
"2-Multi";118;"3 F2 LEMA";1.10041407867495;0.100414078674948;1;4;2;2;0.0287760444489818;1;0.793200998760543;9.45772075230178e-09;0.014044391919906;0.333333333333333;4
"2-Multi";119;"3 F3 LEMA";1.08416945373467;0.0841694537346711;1;4;2;2;0.0229966031086142;1;0.512562035360272;3.55091732180701e-09;0.0100224566678452;0.333333333333333;4
"2-Multi";120;"3 F4 LEMA";1.09866220735786;0.0986622073578595;1;4;2;2;0.0277692223166536;1;0.748344265638728;4.86707457513531e-09;0.0129386201183437;0.333333333333333;4
"2-Multi";121;"3 F4 ME";1.125;0.125;1;2;1;1;0.0232911862438598;1;5.21974147630293e-05;2.19618700986223e-05;0.191790637834136;0.333333333333333;2
"2-Multi";122;"3 F5 LEMA";1.11369910282954;0.113699102829538;1;6;3;3;0.0261438405218669;1;0.516437533066046;3.2752033101266e-06;0.0380360127919411;0.333333333333333;6
"2-Multi";123;"3 F6 LEMA";1.00724637681159;0.0072463768115942;1;2;1;1;0.0187776453851871;1;0.984126495917185;6.58078624003811e-10;0.0158547835688422;0.333333333333333;2
"2-Multi";124;"Andrena_cinerea";9.63235930735931;5.91807359307359;3.71428571428571;24;12;12;0.145915244814123;1;0.0303875911466397;0.0299748327959356;0.022750170659482;0.666666666666667;6
"2-Multi";125;"Anthaxia_semicuprea";2.03333333333333;1.03333333333333;1;6;3;3;0.0319084059272027;1;1.09738611783695e-06;0.0120236761289213;0.00779240150185574;0.333333333333333;4
"2-Multi";126;"Brassicogethes_sp.";1.39772727272727;0.397727272727273;1;4;2;2;0.0280838179258289;1;7.95997325609112e-06;0.00405928067011883;0.0201421634970103;0.333333333333333;4
"2-Multi";127;"Bruchidae";2;1;1;2;1;1;0.0473527478124088;1;0;0;8.60659906594082e-06;0.333333333333333;2
"2-Multi";128;"Calliphoridae";2.66666666666667;1.66666666666667;1;4;2;2;0.0530350712747708;1;4.49593014075168e-05;1.98951278661936e-09;0.00197056254958883;0.333333333333333;2
"2-Multi";129;"Cantharidae";7.92857142857143;4.21428571428571;3.71428571428571;16;8;8;0.0864282815739983;1;0.00912811854794224;0.00917533913445105;0.0818846507314748;0.666666666666667;4
"2-Multi";130;"Chrysomelidae";1.14285714285714;0.142857142857143;1;2;1;1;0.0201473959706844;1;6.65673246588076e-06;0.00186994633435924;0.0206953272212855;0.333333333333333;2
"2-Multi";131;"Chrysotoxum_sp.";1.125;0.125;1;2;1;1;0.0202380848065397;1;4.75730899608026e-08;0.00184021969291502;0.00538046978627465;0.333333333333333;2
"2-Multi";132;"Dilophus_sp.";31.1112554112554;23.1969696969697;7.91428571428571;80;40;40;0.604678607892784;1;0.14073578533671;0.0733520936510019;0.707941670361006;1;6
"2-Multi";133;"Diptera";24.0619047619048;16.147619047619;7.91428571428571;42;21;21;0.518164803412598;1;0.00871933168104415;0.00381616146874007;1;1;4
"2-Multi";134;"Empididae";7.66666666666667;4.16666666666667;3.5;10;5;5;0.126414145326891;1;0.000254862290160782;7.79253139133115e-06;0.007426855346786;0.666666666666667;2
"2-Multi";135;"Episyrphus_balteatus";2;1;1;2;1;1;0.0473527478124308;1;0;0;8.60659906594082e-06;0.333333333333333;2
"2-Multi";136;"Eupeodes_corollae";20.8119047619048;12.897619047619;7.91428571428571;44;22;22;0.307743698160195;1;0.0415318304495811;0.024194419602895;0.886483914416647;1;6
"2-Multi";137;"Lassioglosum_.immunitum";1.33333333333333;0.333333333333333;1;2;1;1;0.023790217604365;1;0.000102398954320428;1.73233976724133e-07;0.037809201935589;0.333333333333333;2
"2-Multi";138;"Malachius_bipustulatus";1.45833333333333;0.458333333333333;1;4;2;2;0.0258378821094873;1;1.64470425917349e-06;0.00209698184657877;0.0127925106998296;0.333333333333333;4
"2-Multi";139;"Meligethes_sp.";5.98452380952381;4.98452380952381;1;22;11;11;0.0754527929563576;1;1.27014295921164e-06;0.041658773021652;0.00846862711481725;0.333333333333333;6
"2-Multi";140;"Melyridae";3.33333333333333;2.33333333333333;1;8;4;4;0.0520304408208276;1;5.48890349245134e-07;0.00811438083865377;0.00534787667093679;0.333333333333333;4
"2-Multi";141;"Mordellidae";3.46785714285714;2.46785714285714;1;10;5;5;0.0473502598336727;1;5.21770425614682e-06;0.00449622954144964;0.0161190592768491;0.333333333333333;6
"2-Multi";142;"Musca_sp.";7.05357142857143;3.33928571428571;3.71428571428571;10;5;5;0.0654933985729429;1;0.00875167559207721;0.00862778471395734;0.0434446228814523;0.666666666666667;4
"2-Multi";143;"Nemotelus_sp.";9.21948051948052;5.50519480519481;3.71428571428571;20;10;10;0.107904514258613;1;0.0252366195777228;0.024883908938408;0.128064664911737;0.666666666666667;4
"2-Multi";144;"Odontomyia_sp.";2.73333333333333;1.73333333333333;1;12;6;6;0.0418245257056562;1;1.29976803750592e-06;0.0248985708818635;0.00978522277284195;0.333333333333333;6
"2-Multi";145;"Oedemeridae";1.5;0.5;1;2;1;1;0.0250455147469168;1;2.25100769969938e-06;0.000169739932922902;0.0402204654270096;0.333333333333333;2
"2-Multi";146;"Psilothrix_viridicoerulea";48.7756493506493;45.0613636363636;3.71428571428571;132;66;66;1;1;1;1;0.0888214867891737;0.666666666666667;6
"2-Multi";147;"Scaeva_sp.";10.6909090909091;6.99090909090909;3.7;24;12;12;0.152871854230025;1;0.0132227783240852;0.018973047502193;0.0215261050163778;0.666666666666667;6
"2-Multi";148;"Sphaerophoria_scripta";16.7285714285714;8.81428571428571;7.91428571428571;30;15;15;0.165753685523392;1;0.0317463803198851;0.0183879476157486;0.218041053603886;1;6
"3-Multi";1;"1 A1 LEMA";1.04951690821256;0.0495169082125604;1;4;2;2;0.0256906798740219;1;0.755094404511849;3.26903598250829e-06;0.0402990023531114;0.333333333333333;4
"3-Multi";2;"1 A2 CHFU";1.35;0.35;1;4;2;2;0.0432218072939764;1;0.00128991944095088;0.000161252750903542;0.124226352464178;0.333333333333333;2
"3-Multi";3;"1 A2 LEMA";1.18840579710145;0.188405797101449;1;4;2;2;0.0279273351331976;1;0.744220718597459;8.3882449128517e-09;0.0131013081176335;0.333333333333333;4
"3-Multi";4;"1 A3 CHFU";1.33333333333333;0.333333333333333;1;2;1;1;0.0301468285721085;1;3.90461278908403e-06;2.47566198053351e-06;0.00222387667053523;0.333333333333333;2
"3-Multi";5;"1 A3 LEMA";1.34057971014493;0.340579710144927;1;4;2;2;0.0247222191947783;1;0.497979667547458;1.14886949678899e-08;0.0098553380975071;0.333333333333333;4
"3-Multi";6;"1 A4 LEMA";1.08592132505176;0.0859213250517598;1;4;2;2;0.0240034252410843;1;0.665917333989448;8.14156350369199e-09;0.0128374641539485;0.333333333333333;4
"3-Multi";7;"1 A5 LEMA";1.02777777777778;0.0277777777777778;1;2;1;1;0.0185317510620295;1;0.0679981302958406;3.26706174662978e-06;0.113631658705919;0.333333333333333;2
"3-Multi";8;"1 A6 LEMA";1.50724637681159;0.507246376811594;1;6;3;3;0.0290992897347969;1;0.340154240577733;1.79027039935369e-08;0.00818385265300712;0.333333333333333;4
"3-Multi";9;"1 B1 CHFU";1.5;0.5;1;2;1;1;0.0377411689459476;1;0.000780549125758467;0.000241387562500802;0.12206719093159;0.333333333333333;2
"3-Multi";10;"1 B1 LEMA";2.07692307692308;1.07692307692308;1;4;2;2;0.0312903312242931;1;0.0114656599549726;2.2873113660149e-06;0.0813648820543882;0.333333333333333;2
"3-Multi";11;"1 B2 CHFU";2.66666666666667;1.66666666666667;1;4;2;2;0.0648728350278464;1;0.000189113394233975;0.000378222427036371;0.0102987531748702;0.333333333333333;2
"3-Multi";12;"1 B2 LEMA";1.29227053140097;0.292270531400966;1;6;3;3;0.0278080712849717;1;0.502522130557021;2.34610621368064e-06;0.0188172953488062;0.333333333333333;6
"3-Multi";13;"1 B2 ME";2;1;1;2;1;1;0.0368453828628941;1;3.76423738244779e-06;1.19079126859917e-07;0.0014588992277541;0.333333333333333;2
"3-Multi";14;"1 B5 LEMA";1.00724637681159;0.0072463768115942;1;2;1;1;0.0187776453853116;1;0.984126495917185;6.5807863020915e-10;0.0158547835688422;0.333333333333333;2
"3-Multi";15;"1 C1 LEMA";1.50724637681159;0.507246376811594;1;4;2;2;0.0258277410507168;1;0.496308605541481;9.1387391309054e-08;0.0144207865732677;0.333333333333333;4
"3-Multi";16;"1 C2 LEMA";1.02777777777778;0.0277777777777778;1;2;1;1;0.018531751062003;1;0.0679981302958406;3.26706174663089e-06;0.113631658705919;0.333333333333333;2
"3-Multi";17;"1 C3 LEMA";1.17391304347826;0.173913043478261;1;4;2;2;0.0231547159253257;1;0.504314941277733;7.07208766368641e-09;0.0103478326664247;0.333333333333333;4
"3-Multi";18;"1 C4 CHFU";1.1;0.1;1;2;1;1;0.0252229966478891;1;0.00340333829028083;0.00014268378914404;0.0980769953335096;0.333333333333333;2
"3-Multi";19;"1 C4 LEMA";1.47619047619048;0.476190476190476;1;4;2;2;0.0337160933144138;1;0.0187423007170502;1.90680678116332e-08;0.00472523294523107;0.333333333333333;4
"3-Multi";20;"1 C5 CHFU";1.2;0.2;1;2;1;1;0.0340546575146142;1;0.00340333829028085;0.000285367578288069;0.0980769953335096;0.333333333333333;2
"3-Multi";21;"1 C5 LEMA";1.35470085470085;0.354700854700855;1;6;3;3;0.0321565216168153;1;0.031410863056037;7.53639118490552e-06;0.140557946522592;0.333333333333333;4
"3-Multi";22;"1 D1 LEMA";1.33333333333333;0.333333333333333;1;2;1;1;0.0280371528106759;1;0.00798559130012665;5.41725532230852e-09;0.0026476405663011;0.333333333333333;2
"3-Multi";23;"1 D2 LEMA";1.00724637681159;0.0072463768115942;1;2;1;1;0.0187776453852432;1;0.984126495917185;6.58078632112558e-10;0.0158547835688422;0.333333333333333;2
"3-Multi";24;"1 D2 ME";2;1;1;2;1;1;0.0298180459885698;1;1.31384453340718e-07;0.000258941667962371;0.00849844071389077;0.333333333333333;2
"3-Multi";25;"1 D3 LEMA";2.27729468599034;1.27729468599034;1;8;4;4;0.0418598175700398;1;0.442091554539614;6.76409051480478e-06;0.0418617959383027;0.333333333333333;6
"3-Multi";26;"1 D4 LEMA";1.2;0.2;1;2;1;1;0.0225831952310313;1;0.00442486644680706;3.08975767323053e-08;0.00797149876820226;0.333333333333333;2
"3-Multi";27;"1 D5 LEMA";1.73502415458937;0.735024154589372;1;10;5;5;0.0374315644654295;1;0.218577143695169;3.31586202734886e-06;0.0292309430866285;0.333333333333333;6
"3-Multi";28;"1 E1 LEMA";1.02898550724638;0.0289855072463768;1;2;1;1;0.0259365741971534;1;0.984126495917185;2.63231450948189e-09;0.0158547835688422;0.333333333333333;2
"3-Multi";29;"1 E2 CHFU";1.125;0.125;1;2;1;1;0.0253907411043448;1;0.000233210016285853;9.28448087975718e-06;0.137301031029513;0.333333333333333;2
"3-Multi";30;"1 E2 LEMA";1.26449275362319;0.264492753623188;1;6;3;3;0.0278384617813743;1;0.414183081928216;7.94512999867536e-06;0.044555738166134;0.333333333333333;6
"3-Multi";31;"1 E3 LEMA";1.26532887402453;0.265328874024526;1;6;3;3;0.0308260666512049;1;0.599929429687807;2.22905087069442e-06;0.039050185524451;0.333333333333333;6
"3-Multi";32;"1 E3 ME";2;1;1;2;1;1;0.0295162736004528;1;0.000204423736263623;0.000545643093927234;0.0426231001382223;0.333333333333333;2
"3-Multi";33;"1 E4 LEMA";1.02898550724638;0.0289855072463768;1;2;1;1;0.0259365741971778;1;0.984126495917185;2.63231450924145e-09;0.0158547835688422;0.333333333333333;2
"3-Multi";34;"1 E5 CHFU";1.125;0.125;1;2;1;1;0.0253907411043299;1;0.00023321001628589;9.28448087976011e-06;0.137301031029513;0.333333333333333;2
"3-Multi";35;"1 E5 LEMA";1.04227053140097;0.0422705314009662;1;4;2;2;0.0233043702698888;1;0.678750374043404;3.26837790387749e-06;0.0484470752812012;0.333333333333333;4
"3-Multi";36;"1 E6 LEMA";1.02173913043478;0.0217391304347826;1;2;1;1;0.0235502645931433;1;0.984126495917185;1.97423587818933e-09;0.0158547835688422;0.333333333333333;2
"3-Multi";37;"1 F1 LEMA";1.375;0.375;1;6;3;3;0.0265382641396821;1;0.0303335608786363;7.95378930461642e-06;0.0495929215636838;0.333333333333333;6
"3-Multi";38;"1 F2 LEMA";1.02777777777778;0.0277777777777778;1;2;1;1;0.0185317510619841;1;0.0679981302958406;3.26706174663049e-06;0.113631658705919;0.333333333333333;2
"3-Multi";39;"1 F3 LEMA";1.17451690821256;0.17451690821256;1;6;3;3;0.0291631014401186;1;0.607809888751047;3.27901144569931e-06;0.033699714394839;0.333333333333333;6
"3-Multi";40;"1 F4 CHFU";1.125;0.125;1;2;1;1;0.0253907411042431;1;0.000233210016285931;9.28448087975715e-06;0.137301031029513;0.333333333333333;2
"3-Multi";41;"1 F4 LEMA";1.2;0.2;1;2;1;1;0.022583195231087;1;0.00442486644680716;3.08975767313395e-08;0.00797149876820226;0.333333333333333;2
"3-Multi";42;"1 F5 LEMA";1.01449275362319;0.0144927536231884;1;2;1;1;0.0211639549891335;1;0.984126495917185;1.31615725295653e-09;0.0158547835688422;0.333333333333333;2
"3-Multi";43;"1 F6 LEMA";1.18803418803419;0.188034188034188;1;4;2;2;0.0215571130549601;1;0.0200482089023153;4.55903867318512e-06;0.0907822138226273;0.333333333333333;4
"3-Multi";44;"2 A1 LEMA";1.69528056484578;0.695280564845782;1;8;4;4;0.046634598430255;1;0.207663934489195;6.32517310980283e-06;0.102504322465726;0.333333333333333;4
"3-Multi";45;"2 A3 CHFU";1.1;0.1;1;2;1;1;0.0252229966478386;1;0.00340333829028084;0.000142683789144033;0.0980769953335096;0.333333333333333;2
"3-Multi";46;"2 A3 LEMA";1.01449275362319;0.0144927536231884;1;2;1;1;0.0211639549891756;1;0.984126495917185;1.31615725301712e-09;0.0158547835688422;0.333333333333333;2
"3-Multi";47;"2 A4 CHFU";1.2;0.2;1;2;1;1;0.0340546575144969;1;0.00340333829028084;0.000285367578288065;0.0980769953335096;0.333333333333333;2
"3-Multi";48;"2 A4 LEMA";1.22222222222222;0.222222222222222;1;2;1;1;0.0234036226879296;1;0.0244885328334467;1.3037560786892e-08;0.0234281621877939;0.333333333333333;2
"3-Multi";49;"2 A5 LEMA";2;1;1;2;1;1;0.0473527478124397;1;0;0;8.60659906594082e-06;0.333333333333333;2
"3-Multi";50;"2 A5 ME";2;1;1;2;1;1;0.0381776909059412;1;0.00026558830735182;0.000718047380670018;0.173267822781688;0.333333333333333;2
"3-Multi";51;"2 B1 CHFU";1.1;0.1;1;2;1;1;0.0252229966478691;1;0.00340333829028082;0.000142683789144033;0.0980769953335096;0.333333333333333;2
"3-Multi";52;"2 B1 LEMA";1.34782608695652;0.347826086956522;1;4;2;2;0.0272343968515306;1;0.659094137501064;5.33695200746044e-08;0.0177393628145985;0.333333333333333;4
"3-Multi";53;"2 B1 ME";1.3125;0.3125;1;2;1;1;0.033640961937457;1;5.2197414763001e-05;5.4904675246543e-05;0.191790637834136;0.333333333333333;2
"3-Multi";54;"2 B2 LEMA";1.07692307692308;0.0769230769230769;1;2;1;1;0.0206102935046048;1;0.040997574803359;2.89283869191088e-09;0.00419012976684812;0.333333333333333;2
"3-Multi";55;"2 B3 LEMA";1.00724637681159;0.0072463768115942;1;2;1;1;0.0187776453851652;1;0.984126495917185;6.58078625443517e-10;0.0158547835688422;0.333333333333333;2
"3-Multi";56;"2 B4 LEMA";1.17391304347826;0.173913043478261;1;4;2;2;0.0246005538998819;1;0.496056043608656;3.36670628586611e-09;0.00925121206757166;0.333333333333333;4
"3-Multi";57;"2 B5 ME";1.83333333333333;0.833333333333333;1;4;2;2;0.0405537646420743;1;9.78543923459091e-08;9.07032001145197e-05;0.00697769691245638;0.333333333333333;2
"3-Multi";58;"2 B6 LEMA";1.00724637681159;0.0072463768115942;1;2;1;1;0.0187776453851736;1;0.984126495917185;6.58078631692255e-10;0.0158547835688422;0.333333333333333;2
"3-Multi";59;"2 C1 LEMA";1.46581196581197;0.465811965811966;1;6;3;3;0.0296413397230579;1;0.0419474888274252;8.80683948186039e-06;0.0979043834674176;0.333333333333333;4
"3-Multi";60;"2 C1 ME";1.33333333333333;0.333333333333333;1;2;1;1;0.0226580711548772;1;2.89647305307371e-07;9.00376135861343e-05;0.0189764107859345;0.333333333333333;2
"3-Multi";61;"2 C3 LEMA";1.1256038647343;0.1256038647343;1;4;2;2;0.0246700984425448;1;0.664247174889273;7.83493765211585e-09;0.0183792431084928;0.333333333333333;4
"3-Multi";62;"2 C5 LEMA";1.08416945373467;0.0841694537346711;1;4;2;2;0.0216763769032542;1;0.503445384983191;2.22132070441517e-06;0.0793502393602817;0.333333333333333;4
"3-Multi";63;"2 C6 LEMA";1.08416945373467;0.0841694537346711;1;4;2;2;0.0229966031085567;1;0.512562035360272;3.55091731879675e-09;0.0100224566678452;0.333333333333333;4
"3-Multi";64;"2 D1 CHFU";1.375;0.375;1;2;1;1;0.0433895517502949;1;0.000233210016285939;2.78534426392608e-05;0.137301031029513;0.333333333333333;2
"3-Multi";65;"2 D1 LEMA";1.9247491638796;0.924749163879599;1;10;5;5;0.041179733421707;1;0.275937153082719;1.21728138570405e-05;0.0672996276453668;0.333333333333333;6
"3-Multi";66;"2 D2 ME";2;1;1;2;1;1;0.0420095659027675;1;6.91867457266911e-08;0.000899632450057639;0.00445378539733847;0.333333333333333;2
"3-Multi";67;"2 D3 ME";1.5;0.5;1;2;1;1;0.0342870292685611;1;1.95793590189468e-09;6.65586528397411e-07;0.000978339975717331;0.333333333333333;2
"3-Multi";68;"2 D4 LEMA";1.22946859903382;0.229468599033816;1;4;2;2;0.0257899322919791;1;0.34436785386136;1.36956394111724e-08;0.0209037026481433;0.333333333333333;4
"3-Multi";69;"2 D5 LEMA";1.07692307692308;0.0769230769230769;1;2;1;1;0.0192900672991566;1;0.0227642740491965;2.22066262578614e-06;0.142845695151721;0.333333333333333;2
"3-Multi";70;"2 D6 LEMA";1.18803418803419;0.188034188034188;1;4;2;2;0.0227962107526097;1;0.0236264034413217;2.22718140617683e-06;0.0831369286697576;0.333333333333333;4
"3-Multi";71;"2 E1 CHFU";1.1;0.1;1;2;1;1;0.0252229966478877;1;0.00340333829028084;0.000142683789144035;0.0980769953335096;0.333333333333333;2
"3-Multi";72;"2 E1 LEMA";1.35338164251208;0.353381642512077;1;6;3;3;0.0380578908426732;1;0.289083563720048;1.63675224671094e-05;0.0759799199294353;0.333333333333333;6
"3-Multi";73;"2 E2 LEMA";1.10470085470085;0.104700854700855;1;4;2;2;0.0214304825800029;1;0.0453812021725186;5.48772437241024e-06;0.12823867692882;0.333333333333333;4
"3-Multi";74;"2 E2 ME";2.0625;1.0625;1;4;2;2;0.0363311813153207;1;2.63109935249783e-05;0.000758138236348663;0.115836371180328;0.333333333333333;2
"3-Multi";75;"2 E3 LEMA";1.07692307692308;0.0769230769230769;1;2;1;1;0.0206102935045753;1;0.040997574803359;2.89283869369554e-09;0.00419012976684812;0.333333333333333;2
"3-Multi";76;"2 E4 LEMA";1.09316770186335;0.093167701863354;1;4;2;2;0.0263897348450816;1;0.745469624471382;8.79964213210992e-09;0.0135917940076719;0.333333333333333;4
"3-Multi";77;"2 E4 ME";2.39583333333333;1.39583333333333;1;6;3;3;0.0370412577398391;1;1.75525155054374e-05;0.000104050418009892;0.076486435185201;0.333333333333333;2
"3-Multi";78;"2 E5 LEMA";1.11835748792271;0.118357487922705;1;4;2;2;0.022283788838702;1;0.504307514375316;7.17685902143091e-09;0.019641472878318;0.333333333333333;4
"3-Multi";79;"2 E6 LEMA";1.2615066093327;0.261506609332696;1;8;4;4;0.0382800432943424;1;0.626736667321557;2.23367126385113e-06;0.0291390710108677;0.333333333333333;6
"3-Multi";80;"2 F1 LEMA";1.39613526570048;0.396135265700483;1;6;3;3;0.0291289178090479;1;0.282288044294422;6.58683493469954e-06;0.0661566555716979;0.333333333333333;4
"3-Multi";81;"2 F2 LEMA";1.69444444444444;0.694444444444444;1;6;3;3;0.0306915476684084;1;0.0260158068804484;3.2941189064897e-06;0.0408688630894639;0.333333333333333;4
"3-Multi";82;"2 F3 LEMA";2.01708074534162;1.01708074534161;1;10;5;5;0.047500134684557;1;0.376224940491137;6.72686155872502e-06;0.0318903107939451;0.333333333333333;6
"3-Multi";83;"2 F4 LEMA";1.00724637681159;0.0072463768115942;1;2;1;1;0.0187776453852125;1;0.984126495917185;6.58078626294688e-10;0.0158547835688422;0.333333333333333;2
"3-Multi";84;"2 F6 LEMA";1.2657933853586;0.265793385358603;1;6;3;3;0.0335749338359442;1;0.235023470124621;3.27639834132102e-06;0.0284113663150611;0.333333333333333;6
"3-Multi";85;"3 A1 LEMA";1.02777777777778;0.0277777777777778;1;2;1;1;0.0185317510618673;1;0.0679981302958406;3.26706174662822e-06;0.113631658705919;0.333333333333333;2
"3-Multi";86;"3 A5 LEMA";1.00724637681159;0.0072463768115942;1;2;1;1;0.0187776453852125;1;0.984126495917185;6.58078633609967e-10;0.0158547835688422;0.333333333333333;2
"3-Multi";87;"3 A6 CHFU";1.5;0.5;1;2;1;1;0.0369025473193637;1;8.60600534227372e-08;0.000195712764334674;0.00334903085086817;0.333333333333333;2
"3-Multi";88;"3 B1 LEMA";1.20252694165738;0.202526941657376;1;6;3;3;0.0263297322628032;1;0.50208735240975;4.56035483043535e-06;0.0533184986957347;0.333333333333333;6
"3-Multi";89;"3 B2 LEMA";1.01449275362319;0.0144927536231884;1;2;1;1;0.021163954989197;1;0.984126495917185;1.31615725769647e-09;0.0158547835688422;0.333333333333333;2
"3-Multi";90;"3 B3 LEMA";1.13949275362319;0.139492753623188;1;4;2;2;0.0246363765554978;1;0.662308272514069;1.12916204517592e-08;0.0130040432331446;0.333333333333333;4
"3-Multi";91;"3 B5 LEMA";1.01449275362319;0.0144927536231884;1;2;1;1;0.0211639549892375;1;0.984126495917185;1.3161572585593e-09;0.0158547835688422;0.333333333333333;2
"3-Multi";92;"3 B6 LEMA";1.01449275362319;0.0144927536231884;1;2;1;1;0.0211639549892545;1;0.984126495917185;1.3161572559137e-09;0.0158547835688422;0.333333333333333;2
"3-Multi";93;"3 C1 LEMA";1.01449275362319;0.0144927536231884;1;2;1;1;0.0211639549891959;1;0.984126495917185;1.316157253028e-09;0.0158547835688422;0.333333333333333;2
"3-Multi";94;"3 C3 CHFU";1.5;0.5;1;2;1;1;0.0377411689458298;1;0.00078054912575848;0.000241387562500801;0.12206719093159;0.333333333333333;2
"3-Multi";95;"3 C3 LEMA";1.07142857142857;0.0714285714285714;1;2;1;1;0.0192308060330545;1;0.0294990101339737;6.82540624912903e-09;0.00680282532416104;0.333333333333333;2
"3-Multi";96;"3 C3 ME";2.625;1.625;1;6;3;3;0.130340674402721;1;0.000223133186362492;0.0174486268721812;0.137466075158194;0.333333333333333;2
"3-Multi";97;"3 C4 LEMA";1.125;0.125;1;2;1;1;0.0198637573475623;1;0.0186718257078368;9.97546320090406e-09;0.00730256256174934;0.333333333333333;2
"3-Multi";98;"3 C5 LEMA";1.00724637681159;0.0072463768115942;1;2;1;1;0.0187776453852605;1;0.984126495917185;6.58078632873982e-10;0.0158547835688422;0.333333333333333;2
"3-Multi";99;"3 C6 LEMA";1.10590858416945;0.105908584169454;1;4;2;2;0.0301555319204564;1;0.79550071169442;5.52515319427542e-09;0.0135218528084434;0.333333333333333;4
"3-Multi";100;"3 D1 LEMA";1.02173913043478;0.0217391304347826;1;2;1;1;0.0235502645932076;1;0.984126495917185;1.97423588616644e-09;0.0158547835688422;0.333333333333333;2
"3-Multi";101;"3 D2 CHFU";2;1;1;2;1;1;0.0473527478124623;1;0;0;8.60659906594082e-06;0.333333333333333;2
"3-Multi";102;"3 D2 LEMA";1.5594375431332;0.559437543133195;1;8;4;4;0.0455008679802308;1;0.295867511338267;6.58020022355223e-06;0.0287403961182654;0.333333333333333;6
"3-Multi";103;"3 D3 CHFU";1.33333333333333;0.333333333333333;1;2;1;1;0.0300654768067483;1;8.60600534697631e-08;0.000130475176223119;0.00334903085086817;0.333333333333333;2
"3-Multi";104;"3 D3 LEMA";1.18176328502415;0.181763285024155;1;6;3;3;0.0315494110443015;1;0.670529323278736;3.27966952433311e-06;0.0307255592571729;0.333333333333333;6
"3-Multi";105;"3 D4 ME";1.5;0.5;1;2;1;1;0.086597114823448;1;1.73997806074074e-06;0.0148041554488273;0.0280588093204636;0.333333333333333;2
"3-Multi";106;"3 D5 LEMA";1.04227053140097;0.0422705314009662;1;4;2;2;0.0233043702698743;1;0.678750374043404;3.26837790387945e-06;0.0484470752812012;0.333333333333333;4
"3-Multi";107;"3 D6 LEMA";2.77898550724638;1.77898550724638;1;8;4;4;0.0471322538975801;1;0.49721554328623;4.83403362488298e-08;0.0108769124646768;0.333333333333333;4
"3-Multi";108;"3 E1 LEMA";1.12040133779264;0.120401337792642;1;4;2;2;0.0349281511284889;1;0.849393792900925;6.84131045036641e-09;0.0141884044542716;0.333333333333333;4
"3-Multi";109;"3 E2 CHFU";1.1;0.1;1;2;1;1;0.0252229966478585;1;0.00340333829028085;0.000142683789144034;0.0980769953335096;0.333333333333333;2
"3-Multi";110;"3 E2 LEMA";1.03623188405797;0.036231884057971;1;2;1;1;0.0283228838011139;1;0.984126495917185;3.29039313185492e-09;0.0158547835688422;0.333333333333333;2
"3-Multi";111;"3 E3 LEMA";1.18803418803419;0.188034188034188;1;4;2;2;0.0228773392602577;1;0.0291648592793964;2.34126888609144e-06;0.0214544311301906;0.333333333333333;4
"3-Multi";112;"3 E3 ME";1.0625;0.0625;1;2;1;1;0.0198412610124178;1;5.21974147629837e-05;1.09809350493121e-05;0.191790637834136;0.333333333333333;2
"3-Multi";113;"3 E4 LEMA";1.27777777777778;0.277777777777778;1;4;2;2;0.0292577900987452;1;0.0357341575594571;5.31572855912451e-06;0.139414072208028;0.333333333333333;4
"3-Multi";114;"3 E4 ME";1.25;0.25;1;2;1;1;0.0301910367061256;1;5.21974147630385e-05;4.39237401972327e-05;0.191790637834136;0.333333333333333;2
"3-Multi";115;"3 E5 LEMA";1.01449275362319;0.0144927536231884;1;2;1;1;0.0211639549892749;1;0.984126495917185;1.31615725874284e-09;0.0158547835688422;0.333333333333333;2
"3-Multi";116;"3 F1 LEMA";1.21701969528056;0.217019695280565;1;6;3;3;0.032422577676271;1;0.665805950371256;2.34390120059765e-06;0.0177213327559584;0.333333333333333;6
"3-Multi";117;"3 F2 CHFU";1.16666666666667;0.166666666666667;1;2;1;1;0.0232284062939485;1;8.60600534238256e-08;6.52375881115637e-05;0.00334903085086817;0.333333333333333;2
"3-Multi";118;"3 F2 LEMA";1.10041407867495;0.100414078674948;1;4;2;2;0.0287760444489818;1;0.793200998760543;9.45772075230178e-09;0.014044391919906;0.333333333333333;4
"3-Multi";119;"3 F3 LEMA";1.08416945373467;0.0841694537346711;1;4;2;2;0.0229966031086142;1;0.512562035360272;3.55091732180701e-09;0.0100224566678452;0.333333333333333;4
"3-Multi";120;"3 F4 LEMA";1.09866220735786;0.0986622073578595;1;4;2;2;0.0277692223166536;1;0.748344265638728;4.86707457513531e-09;0.0129386201183437;0.333333333333333;4
"3-Multi";121;"3 F4 ME";1.125;0.125;1;2;1;1;0.0232911862438598;1;5.21974147630293e-05;2.19618700986223e-05;0.191790637834136;0.333333333333333;2
"3-Multi";122;"3 F5 LEMA";1.11369910282954;0.113699102829538;1;6;3;3;0.0261438405218669;1;0.516437533066046;3.2752033101266e-06;0.0380360127919411;0.333333333333333;6
"3-Multi";123;"3 F6 LEMA";1.00724637681159;0.0072463768115942;1;2;1;1;0.0187776453851871;1;0.984126495917185;6.58078624003811e-10;0.0158547835688422;0.333333333333333;2
"3-Multi";124;"Andrena_cinerea";9.63235930735931;5.91807359307359;3.71428571428571;24;12;12;0.145915244814123;1;0.0303875911466397;0.0299748327959356;0.022750170659482;0.666666666666667;6
"3-Multi";125;"Anthaxia_semicuprea";2.03333333333333;1.03333333333333;1;6;3;3;0.0319084059272027;1;1.09738611783695e-06;0.0120236761289213;0.00779240150185574;0.333333333333333;4
"3-Multi";126;"Brassicogethes_sp.";1.39772727272727;0.397727272727273;1;4;2;2;0.0280838179258289;1;7.95997325609112e-06;0.00405928067011883;0.0201421634970103;0.333333333333333;4
"3-Multi";127;"Bruchidae";2;1;1;2;1;1;0.0473527478124088;1;0;0;8.60659906594082e-06;0.333333333333333;2
"3-Multi";128;"Calliphoridae";2.66666666666667;1.66666666666667;1;4;2;2;0.0530350712747708;1;4.49593014075168e-05;1.98951278661936e-09;0.00197056254958883;0.333333333333333;2
"3-Multi";129;"Cantharidae";7.92857142857143;4.21428571428571;3.71428571428571;16;8;8;0.0864282815739983;1;0.00912811854794224;0.00917533913445105;0.0818846507314748;0.666666666666667;4
"3-Multi";130;"Chrysomelidae";1.14285714285714;0.142857142857143;1;2;1;1;0.0201473959706844;1;6.65673246588076e-06;0.00186994633435924;0.0206953272212855;0.333333333333333;2
"3-Multi";131;"Chrysotoxum_sp.";1.125;0.125;1;2;1;1;0.0202380848065397;1;4.75730899608026e-08;0.00184021969291502;0.00538046978627465;0.333333333333333;2
"3-Multi";132;"Dilophus_sp.";31.1112554112554;23.1969696969697;7.91428571428571;80;40;40;0.604678607892784;1;0.14073578533671;0.0733520936510019;0.707941670361006;1;6
"3-Multi";133;"Diptera";24.0619047619048;16.147619047619;7.91428571428571;42;21;21;0.518164803412598;1;0.00871933168104415;0.00381616146874007;1;1;4
"3-Multi";134;"Empididae";7.66666666666667;4.16666666666667;3.5;10;5;5;0.126414145326891;1;0.000254862290160782;7.79253139133115e-06;0.007426855346786;0.666666666666667;2
"3-Multi";135;"Episyrphus_balteatus";2;1;1;2;1;1;0.0473527478124308;1;0;0;8.60659906594082e-06;0.333333333333333;2
"3-Multi";136;"Eupeodes_corollae";20.8119047619048;12.897619047619;7.91428571428571;44;22;22;0.307743698160195;1;0.0415318304495811;0.024194419602895;0.886483914416647;1;6
"3-Multi";137;"Lassioglosum_.immunitum";1.33333333333333;0.333333333333333;1;2;1;1;0.023790217604365;1;0.000102398954320428;1.73233976724133e-07;0.037809201935589;0.333333333333333;2
"3-Multi";138;"Malachius_bipustulatus";1.45833333333333;0.458333333333333;1;4;2;2;0.0258378821094873;1;1.64470425917349e-06;0.00209698184657877;0.0127925106998296;0.333333333333333;4
"3-Multi";139;"Meligethes_sp.";5.98452380952381;4.98452380952381;1;22;11;11;0.0754527929563576;1;1.27014295921164e-06;0.041658773021652;0.00846862711481725;0.333333333333333;6
"3-Multi";140;"Melyridae";3.33333333333333;2.33333333333333;1;8;4;4;0.0520304408208276;1;5.48890349245134e-07;0.00811438083865377;0.00534787667093679;0.333333333333333;4
"3-Multi";141;"Mordellidae";3.46785714285714;2.46785714285714;1;10;5;5;0.0473502598336727;1;5.21770425614682e-06;0.00449622954144964;0.0161190592768491;0.333333333333333;6
"3-Multi";142;"Musca_sp.";7.05357142857143;3.33928571428571;3.71428571428571;10;5;5;0.0654933985729429;1;0.00875167559207721;0.00862778471395734;0.0434446228814523;0.666666666666667;4
"3-Multi";143;"Nemotelus_sp.";9.21948051948052;5.50519480519481;3.71428571428571;20;10;10;0.107904514258613;1;0.0252366195777228;0.024883908938408;0.128064664911737;0.666666666666667;4
"3-Multi";144;"Odontomyia_sp.";2.73333333333333;1.73333333333333;1;12;6;6;0.0418245257056562;1;1.29976803750592e-06;0.0248985708818635;0.00978522277284195;0.333333333333333;6
"3-Multi";145;"Oedemeridae";1.5;0.5;1;2;1;1;0.0250455147469168;1;2.25100769969938e-06;0.000169739932922902;0.0402204654270096;0.333333333333333;2
"3-Multi";146;"Psilothrix_viridicoerulea";48.7756493506493;45.0613636363636;3.71428571428571;132;66;66;1;1;1;1;0.0888214867891737;0.666666666666667;6
"3-Multi";147;"Scaeva_sp.";10.6909090909091;6.99090909090909;3.7;24;12;12;0.152871854230025;1;0.0132227783240852;0.018973047502193;0.0215261050163778;0.666666666666667;6
"3-Multi";148;"Sphaerophoria_scripta";16.7285714285714;8.81428571428571;7.91428571428571;30;15;15;0.165753685523392;1;0.0317463803198851;0.0183879476157486;0.218041053603886;1;6
"Aggr";1;"1 A1 LEMA";1.04951690821256;0.0495169082125604;1;4;2;2;0.0206662501518118;0.0145758507580461;0.772521847630493;0;0.266906402780709;0;4
"Aggr";2;"1 A2 CHFU";1.35;0.35;1;4;2;2;0.0620298212828678;0.18213752868459;0.0376154446679963;0;0.560834780942074;0;4
"Aggr";3;"1 A2 LEMA";1.18840579710145;0.188405797101449;1;4;2;2;0.0229258999963127;0.00729667971112155;0.756214242256991;0;0.164866976844006;0;4
"Aggr";4;"1 A3 CHFU";1.33333333333333;0.333333333333333;1;2;1;1;0.0242309761729446;0.0115065446415315;0.000121402919498274;0;0.0451608256552468;0;2
"Aggr";5;"1 A3 LEMA";1.34057971014493;0.340579710144927;1;4;2;2;0.0189435211696338;0.00270621642936519;0.506007805659286;0;0.12431694720277;0;4
"Aggr";6;"1 A4 LEMA";1.08592132505176;0.0859213250517598;1;4;2;2;0.0177118662838301;0.00565454608950794;0.676656384657642;0;0.166660881892438;0;4
"Aggr";7;"1 A5 LEMA";1.02777777777778;0.0277777777777778;1;2;1;1;0.0114271197170088;0.00841013584944098;0.090087390521973;0;0.467617103609753;0;2
"Aggr";8;"1 A6 LEMA";1.50724637681159;0.507246376811594;1;6;3;3;0.0250240590871342;0.00383718123188099;0.345624193448846;0;0.10269776475616;0;4
"Aggr";9;"1 B1 CHFU";1.5;0.5;1;2;1;1;0.0459068415116346;0.224988560393011;0.0246416723386597;0;0.535086748079327;0;2
"Aggr";10;"1 B1 LEMA";2.07692307692308;1.07692307692308;1;4;2;2;0.0312546850204907;0.042444363727256;0.0124110025675886;0;0.328074445879224;0;2
"Aggr";11;"1 B2 CHFU";2.66666666666667;1.66666666666667;1;4;2;2;0.0711003194378437;0.0712888565214459;0.00590225514062851;0;0.0932322082394571;0;2
"Aggr";12;"1 B2 LEMA";1.29227053140097;0.292270531400966;1;6;3;3;0.0232067008222957;0.0106054155458502;0.510580232152714;0;0.162210011236552;0;6
"Aggr";13;"1 B2 ME";2;1;1;2;1;1;0.0574804652300785;0.0345196339245962;0.00012140291949832;0;0.0451608256552468;0;2
"Aggr";14;"1 B5 LEMA";1.00724637681159;0.0072463768115942;1;2;1;1;0.0106859417895252;0.0020552383028664;1;0;0.200002835837694;0;2
"Aggr";15;"1 C1 LEMA";1.50724637681159;0.507246376811594;1;4;2;2;0.0197666948343574;0.00536277403878989;0.504313101504841;0;0.172165385707087;0;4
"Aggr";16;"1 C2 LEMA";1.02777777777778;0.0277777777777778;1;2;1;1;0.0114271197165458;0.00841013584944307;0.090087390521973;0;0.467617103609753;0;2
"Aggr";17;"1 C3 LEMA";1.17391304347826;0.173913043478261;1;4;2;2;0.0167664797065551;0.00318620310538434;0.512428484513983;0;0.129731117850318;0;4
"Aggr";18;"1 C4 CHFU";1.1;0.1;1;2;1;1;0.0213614287053252;0.0302764890579925;0.090087390521973;0;0.467617103609753;0;2
"Aggr";19;"1 C4 LEMA";1.47619047619048;0.476190476190476;1;4;2;2;0.0318122892625451;0.00400117666986531;0.0190659775009111;0;0.0651194122261055;0;4
"Aggr";20;"1 C5 CHFU";1.2;0.2;1;2;1;1;0.0351166257659619;0.0605529781159873;0.090087390521973;0;0.467617103609753;0;2
"Aggr";21;"1 C5 LEMA";1.35470085470085;0.354700854700855;1;6;3;3;0.0579879138124145;0.194884800151887;0.0420361782005469;0;0.536715823765771;0;6
"Aggr";22;"1 D1 LEMA";1.33333333333333;0.333333333333333;1;2;1;1;0.0239198605631293;0.000913037702322022;0.00816280102889549;0;0.0302618504502842;0;2
"Aggr";23;"1 D2 LEMA";1.00724637681159;0.0072463768115942;1;2;1;1;0.0106859417889934;0.00205523830286882;1;0;0.200002835837694;0;2
"Aggr";24;"1 D2 ME";2;1;1;2;1;1;0.0257677377334472;0.00661507147184863;0.00862620300968324;0;0.14432793557648;0;2
"Aggr";25;"1 D3 LEMA";2.27729468599034;1.27729468599034;1;8;4;4;0.0443104906515902;0.0253789759196441;0.455235883556358;0;0.241453069197802;0;6
"Aggr";26;"1 D4 LEMA";1.2;0.2;1;2;1;1;0.0163908115322871;0.00105519676030966;0.00458651485870094;0;0.0658282704119529;0;2
"Aggr";27;"1 D5 LEMA";1.73502415458937;0.735024154589372;1;10;5;5;0.0376295270482654;0.0133025138416309;0.226309297145442;0;0.168307733658037;0;6
"Aggr";28;"1 E1 LEMA";1.02898550724638;0.0289855072463768;1;2;1;1;0.0199250722236891;0.0082209532114744;1;0;0.200002835837694;0;2
"Aggr";29;"1 E2 CHFU";1.125;0.125;1;2;1;1;0.0279404279330708;0.0759305198132982;0.0113794717410079;0;0.607443619608235;0;2
"Aggr";30;"1 E2 LEMA";1.26449275362319;0.264492753623188;1;6;3;3;0.0243075619475714;0.023248560730377;0.42500306193755;0;0.249274544420179;0;6
"Aggr";31;"1 E3 LEMA";1.26532887402453;0.265328874024526;1;6;3;3;0.0288183015142638;0.04191030438697;0.609899728273325;0;0.23891093109107;0;6
"Aggr";32;"1 E3 ME";2;1;1;2;1;1;0.0378508303799895;0.0482757672383844;0.0174639595828889;0;0.189374973407878;0;2
"Aggr";33;"1 E4 LEMA";1.02898550724638;0.0289855072463768;1;2;1;1;0.0199250722240646;0.00822095321147269;1;0;0.200002835837694;0;2
"Aggr";34;"1 E5 CHFU";1.125;0.125;1;2;1;1;0.0279404279334243;0.0759305198132965;0.0113794717410079;0;0.607443619608235;0;2
"Aggr";35;"1 E5 LEMA";1.04227053140097;0.0422705314009662;1;4;2;2;0.0175865400061865;0.0125206124551808;0.696695796840657;0;0.289207591761714;0;4
"Aggr";36;"1 E6 LEMA";1.02173913043478;0.0217391304347826;1;2;1;1;0.0168453620790822;0.00616571490860455;1;0;0.200002835837694;0;2
"Aggr";37;"1 F1 LEMA";1.375;0.375;1;6;3;3;0.0242363226800553;0.0206694434063531;0.0364026172863708;0;0.238138469889927;0;6
"Aggr";38;"1 F2 LEMA";1.02777777777778;0.0277777777777778;1;2;1;1;0.0114271197163284;0.00841013584944406;0.0900873905219731;0;0.467617103609753;0;2
"Aggr";39;"1 F3 LEMA";1.17451690821256;0.17451690821256;1;6;3;3;0.026754431173118;0.0161072100397636;0.622136509995941;0;0.234762488051407;0;6
"Aggr";40;"1 F4 CHFU";1.125;0.125;1;2;1;1;0.0279404279331194;0.075930519813298;0.0113794717410079;0;0.607443619608235;0;2
"Aggr";41;"1 F4 LEMA";1.2;0.2;1;2;1;1;0.0163908115325556;0.00105519676030846;0.00458651485870089;0;0.0658282704119529;0;2
"Aggr";42;"1 F5 LEMA";1.01449275362319;0.0144927536231884;1;2;1;1;0.0137656519335352;0.00411047660573896;1;0;0.200002835837694;0;2
"Aggr";43;"1 F6 LEMA";1.18803418803419;0.188034188034188;1;4;2;2;0.0168591441327212;0.0399775988134469;0.0210528159607744;0;0.362230860743603;0;4
"Aggr";44;"2 A1 LEMA";1.69528056484578;0.695280564845782;1;8;4;4;0.102645399268599;0.347826590733189;0.214347880128941;0;0.442882930439238;0;6
"Aggr";45;"2 A3 CHFU";1.1;0.1;1;2;1;1;0.0213614287047076;0.0302764890579953;0.0900873905219731;0;0.467617103609753;0;2
"Aggr";46;"2 A3 LEMA";1.01449275362319;0.0144927536231884;1;2;1;1;0.013765651934408;0.00411047660573501;0.999999999999999;0;0.200002835837694;0;2
"Aggr";47;"2 A4 CHFU";1.2;0.2;1;2;1;1;0.0351166257654201;0.0605529781159898;0.090087390521973;0;0.467617103609753;0;2
"Aggr";48;"2 A4 LEMA";1.22222222222222;0.222222222222222;1;2;1;1;0.017066773256472;0.0148712970025561;0.0243387848240283;0;0.2644378290627;0;2
"Aggr";49;"2 A5 LEMA";2;1;1;2;1;1;0.0507082109609435;0;0;0;1.41010709088451e-05;0;2
"Aggr";50;"2 A5 ME";2;1;1;2;1;1;0.0842074513795147;0.449977120786021;0.0246416723386597;0;0.535086748079327;0;2
"Aggr";51;"2 B1 CHFU";1.1;0.1;1;2;1;1;0.0213614287045973;0.0302764890579958;0.0900873905219731;0;0.467617103609753;0;2
"Aggr";52;"2 B1 LEMA";1.34782608695652;0.347826086956522;1;4;2;2;0.022994791482551;0.0101523110997241;0.669803150463236;0;0.194618443847506;0;4
"Aggr";53;"2 B1 ME";1.3125;0.3125;1;2;1;1;0.0584417223664878;0.189826299533245;0.0113794717410079;0;0.607443619608235;0;2
"Aggr";54;"2 B2 LEMA";1.07692307692308;0.0769230769230769;1;2;1;1;0.0134446635222933;0.000827353795502571;0.0416154453455494;0;0.0532330210330972;0;2
"Aggr";55;"2 B3 LEMA";1.00724637681159;0.0072463768115942;1;2;1;1;0.0106859417892138;0.00205523830286782;1;0;0.200002835837694;0;2
"Aggr";56;"2 B4 LEMA";1.17391304347826;0.173913043478261;1;4;2;2;0.0188427562489732;0.0025117571540276;0.504081400514447;0;0.115132343143989;0;4
"Aggr";57;"2 B5 ME";1.83333333333333;0.833333333333333;1;4;2;2;0.0420540137699493;0.00711492030542774;0.00317876836335718;0;0.0721759394569565;0;2
"Aggr";58;"2 B6 LEMA";1.00724637681159;0.0072463768115942;1;2;1;1;0.0106859417886974;0.00205523830287016;1;0;0.200002835837694;0;2
"Aggr";59;"2 C1 LEMA";1.46581196581197;0.465811965811966;1;6;3;3;0.0303695488552278;0.0574757308687228;0.0535564761930784;0;0.413542653791491;0;4
"Aggr";60;"2 C1 ME";1.33333333333333;0.333333333333333;1;2;1;1;0.0168353711931126;0.0060418344939854;0.00940945138970768;0;0.183849659867131;0;2
"Aggr";61;"2 C3 LEMA";1.1256038647343;0.1256038647343;1;4;2;2;0.0184959227399507;0.0115461251070158;0.674779594941342;0;0.221481166912696;0;4
"Aggr";62;"2 C5 LEMA";1.08416945373467;0.0841694537346711;1;4;2;2;0.016578343307174;0.0366688629787162;0.51232083616933;0;0.367544791958511;0;4
"Aggr";63;"2 C6 LEMA";1.08416945373467;0.0841694537346711;1;4;2;2;0.0165243736669811;0.00288259209837205;0.520807722672775;0;0.126617928435396;0;4
"Aggr";64;"2 D1 CHFU";1.375;0.375;1;2;1;1;0.0686088205108252;0.227791559439895;0.0113794717410079;0;0.607443619608235;0;2
"Aggr";65;"2 D1 LEMA";1.9247491638796;0.924749163879599;1;10;5;5;0.045395778604083;0.0690490221412011;0.288454710716092;0;0.321435972507625;0;6
"Aggr";66;"2 D2 ME";2;1;1;2;1;1;0.0628532325380391;0.0216169727728121;0.0299691539729267;0;0.0999769740019268;0;2
"Aggr";67;"2 D3 ME";1.5;0.5;1;2;1;1;0.0328248742216292;0.00107308581143948;6.34268501818787e-05;0;0.0163390792518694;0;2
"Aggr";68;"2 D4 LEMA";1.22946859903382;0.229468599033816;1;4;2;2;0.0201464834021529;0.0169265353054211;0.349559189882685;0;0.242959497987698;0;4
"Aggr";69;"2 D5 LEMA";1.07692307692308;0.0769230769230769;1;2;1;1;0.0134986331618295;0.0346136246758497;0.0246416723386598;0;0.535086748079327;0;2
"Aggr";70;"2 D6 LEMA";1.18803418803419;0.188034188034188;1;4;2;2;0.0182289039690087;0.0420492731771231;0.024490228581344;0;0.399762288571014;0;4
"Aggr";71;"2 E1 CHFU";1.1;0.1;1;2;1;1;0.0213614287048523;0.0302764890579946;0.090087390521973;0;0.467617103609753;0;2
"Aggr";72;"2 E1 LEMA";1.35338164251208;0.353381642512077;1;6;3;3;0.0416546721843369;0.0472163526132606;0.306877933433571;0;0.350489932517013;0;6
"Aggr";73;"2 E2 LEMA";1.10470085470085;0.104700854700855;1;4;2;2;0.0173195212348877;0.0430237605252897;0.0573645314303164;0;0.50135192584454;0;4
"Aggr";74;"2 E2 ME";2.0625;1.0625;1;4;2;2;0.0603457670452446;0.104886096418146;0.0178591282825181;0;0.435940724335468;0;4
"Aggr";75;"2 E3 LEMA";1.07692307692308;0.0769230769230769;1;2;1;1;0.0134446635220489;0.00082735379550368;0.0416154453455494;0;0.0532330210330972;0;2
"Aggr";76;"2 E4 LEMA";1.09316770186335;0.093167701863354;1;4;2;2;0.0207915764285139;0.00770978439237743;0.757492288493231;0;0.174996370378753;0;4
"Aggr";77;"2 E4 ME";2.39583333333333;1.39583333333333;1;6;3;3;0.0440848731961578;0.0501789058961898;0.00695208868113617;0;0.300758825888401;0;4
"Aggr";78;"2 E5 LEMA";1.11835748792271;0.118357487922705;1;4;2;2;0.0154162125958511;0.0094908868041437;0.512169392412014;0;0.232220332450197;0;4
"Aggr";79;"2 E6 LEMA";1.2615066093327;0.261506609332696;1;8;4;4;0.0386818301140851;0.0472612394694669;0.637028283957142;0;0.211038865287853;0;6
"Aggr";80;"2 F1 LEMA";1.39613526570048;0.396135265700483;1;6;3;3;0.0275568574821809;0.0249173444957428;0.297396058108413;0;0.329771675731083;0;4
"Aggr";81;"2 F2 LEMA";1.69444444444444;0.694444444444444;1;6;3;3;0.0286270813360764;0.00976139814888058;0.0334703958239169;0;0.186048352604054;0;4
"Aggr";82;"2 F3 LEMA";2.01708074534162;1.01708074534161;1;10;5;5;0.051826257196001;0.0393818756214937;0.386073239662212;0;0.21520988139423;0;6
"Aggr";83;"2 F4 LEMA";1.00724637681159;0.0072463768115942;1;2;1;1;0.0106859417895432;0.00205523830286633;0.999999999999999;0;0.200002835837694;0;2
"Aggr";84;"2 F6 LEMA";1.2657933853586;0.265793385358603;1;6;3;3;0.0320221254950667;0.0129474355388228;0.242986745311724;0;0.165463800509348;0;6
"Aggr";85;"3 A1 LEMA";1.02777777777778;0.0277777777777778;1;2;1;1;0.0114271197162211;0.00841013584944455;0.0900873905219731;0;0.467617103609753;0;2
"Aggr";86;"3 A5 LEMA";1.00724637681159;0.0072463768115942;1;2;1;1;0.0106859417889545;0.002055238302869;1;0;0.200002835837694;0;2
"Aggr";87;"3 A6 CHFU";1.5;0.5;1;2;1;1;0.0319589557329599;0.0061254371268541;0.0205951594577322;0;0.106186829134202;0;2
"Aggr";88;"3 B1 LEMA";1.20252694165738;0.202526941657376;1;6;3;3;0.0230185644225571;0.0440880754191837;0.510526407980387;0;0.281116848290648;0;6
"Aggr";89;"3 B2 LEMA";1.01449275362319;0.0144927536231884;1;2;1;1;0.013765651933519;0.00411047660573903;1;0;0.200002835837694;0;2
"Aggr";90;"3 B3 LEMA";1.13949275362319;0.139492753623188;1;4;2;2;0.0198538329558821;0.00564183588745181;0.673531719819244;0;0.168730833603197;0;4
"Aggr";91;"3 B5 LEMA";1.01449275362319;0.0144927536231884;1;2;1;1;0.013765651934254;0.0041104766057357;0.999999999999999;0;0.200002835837694;0;2
"Aggr";92;"3 B6 LEMA";1.01449275362319;0.0144927536231884;1;2;1;1;0.0137656519341839;0.00411047660573602;1;0;0.200002835837694;0;2
"Aggr";93;"3 C1 LEMA";1.01449275362319;0.0144927536231884;1;2;1;1;0.013765651934141;0.00411047660573621;0.999999999999999;0;0.200002835837694;0;2
"Aggr";94;"3 C3 CHFU";1.5;0.5;1;2;1;1;0.0459068415117938;0.224988560393011;0.0246416723386597;0;0.535086748079327;0;2
"Aggr";95;"3 C3 LEMA";1.07142857142857;0.0714285714285714;1;2;1;1;0.0115524459936345;0.00154406948377269;0.0299691539729266;0;0.0999769740019268;0;2
"Aggr";96;"3 C3 ME";2.625;1.625;1;6;3;3;0.377992398539025;0.520506853291168;0.278211583500997;0;0.470626794665979;0;6
"Aggr";97;"3 C4 LEMA";1.125;0.125;1;2;1;1;0.0136944126665006;0.00153135928171288;0.0205951594577322;0;0.106186829134202;0;2
"Aggr";98;"3 C5 LEMA";1.00724637681159;0.0072463768115942;1;2;1;1;0.0106859417887512;0.00205523830286992;0.999999999999999;0;0.200002835837694;0;2
"Aggr";99;"3 C6 LEMA";1.10590858416945;0.105908584169454;1;4;2;2;0.0257635041019759;0.00904830700697628;0.808323089069109;0;0.170648872876775;0;4
"Aggr";100;"3 D1 LEMA";1.02173913043478;0.0217391304347826;1;2;1;1;0.0168453620789986;0.00616571490860492;1;0;0.200002835837694;0;2
"Aggr";101;"3 D2 CHFU";2;1;1;2;1;1;0.0507082109611357;0;0;0;1.41010709088451e-05;0;2
"Aggr";102;"3 D2 LEMA";1.5594375431332;0.559437543133195;1;8;4;4;0.0503063909938467;0.0322376933080657;0.304601428215119;0;0.194664946716039;0;6
"Aggr";103;"3 D3 CHFU";1.33333333333333;0.333333333333333;1;2;1;1;0.0238413810370482;0.00408362475123446;0.0205951594577322;0;0.106186829134202;0;2
"Aggr";104;"3 D3 LEMA";1.18176328502415;0.181763285024155;1;6;3;3;0.0298341413188168;0.0181624483426285;0.685113758329951;0;0.228969212682455;0;6
"Aggr";105;"3 D4 ME";1.5;0.5;1;2;1;1;0.220106231643924;0.14181144289792;1;0;0.200002835837694;0;2
"Aggr";106;"3 D5 LEMA";1.04227053140097;0.0422705314009662;1;4;2;2;0.0175865400063442;0.0125206124551801;0.696695796840657;0;0.289207591761714;0;4
"Aggr";107;"3 D6 LEMA";2.77898550724638;1.77898550724638;1;8;4;4;0.0523365203193845;0.012767287872743;0.505648511564883;0;0.140565762850993;0;4
"Aggr";108;"3 E1 LEMA";1.12040133779264;0.120401337792642;1;4;2;2;0.0319229243920411;0.0131587836127121;0.863087920763649;0;0.179035719437038;0;4
"Aggr";109;"3 E2 CHFU";1.1;0.1;1;2;1;1;0.0213614287048199;0.0302764890579948;0.090087390521973;0;0.467617103609753;0;2
"Aggr";110;"3 E2 LEMA";1.03623188405797;0.036231884057971;1;2;1;1;0.0230047823687575;0.0102761915143421;1;0;0.200002835837694;0;2
"Aggr";111;"3 E3 LEMA";1.18803418803419;0.188034188034188;1;4;2;2;0.0168051744923163;0.00619132793310367;0.0295397024642192;0;0.121303997220487;0;4
"Aggr";112;"3 E3 ME";1.0625;0.0625;1;2;1;1;0.0177733297883367;0.0379652599066504;0.0113794717410079;0;0.607443619608235;0;2
"Aggr";113;"3 E4 LEMA";1.27777777777778;0.277777777777778;1;4;2;2;0.0520955122941834;0.16027117547604;0.0507334311314905;0;0.537530361608994;0;4
"Aggr";114;"3 E4 ME";1.25;0.25;1;2;1;1;0.0482746242214461;0.151861039626599;0.0113794717410079;0;0.607443619608235;0;2
"Aggr";115;"3 E5 LEMA";1.01449275362319;0.0144927536231884;1;2;1;1;0.0137656519338783;0.0041104766057374;0.999999999999999;0;0.200002835837694;0;2
"Aggr";116;"3 F1 LEMA";1.21701969528056;0.217019695280565;1;6;3;3;0.0291240150721023;0.0144122811445769;0.676513234154739;0;0.173769889631959;0;6
"Aggr";117;"3 F2 CHFU";1.16666666666667;0.166666666666667;1;2;1;1;0.0157238063408282;0.0020418123756162;0.0205951594577322;0;0.106186829134202;0;2
"Aggr";118;"3 F2 LEMA";1.10041407867495;0.100414078674948;1;4;2;2;0.0238712865736747;0.00976502269524477;0.805993830794585;0;0.179997663470541;0;4
"Aggr";119;"3 F3 LEMA";1.08416945373467;0.0841694537346711;1;4;2;2;0.0165243736667908;0.00288259209837292;0.520807722672774;0;0.126617928435396;0;4
"Aggr";120;"3 F4 LEMA";1.09866220735786;0.0986622073578595;1;4;2;2;0.0226837939571898;0.00699306870410723;0.760403861336387;0;0.163310382136545;0;4
"Aggr";121;"3 F4 ME";1.125;0.125;1;2;1;1;0.0279404279333825;0.0759305198132968;0.0113794717410078;0;0.607443619608235;0;2
"Aggr";122;"3 F5 LEMA";1.11369910282954;0.113699102829538;1;6;3;3;0.0215327543561916;0.0140646819389511;0.530014136123724;0;0.241899937321767;0;6
"Aggr";123;"3 F6 LEMA";1.00724637681159;0.0072463768115942;1;2;1;1;0.0106859417895555;0.00205523830286627;0.999999999999999;0;0.200002835837694;0;2
"Aggr";124;"Andrena_cinerea";6.20378787878788;4.20378787878788;2;20;10;10;0.129992943296295;0.0355867654171695;0;0.0299691539729266;0.164578812361468;0;6
"Aggr";125;"Anthaxia_semicuprea";2.03333333333333;1.03333333333333;1;6;3;3;0.0291443978133483;0.00321500232100213;0;0.0120156113185718;0.0800501718612096;0;4
"Aggr";126;"Brassicogethes_sp.";1.39772727272727;0.397727272727273;1;4;2;2;0.0244438018332274;0.0117671891339689;0;0.00410763881447727;0.146863656885245;0;4
"Aggr";127;"Bruchidae";2;1;1;2;1;1;0.0507082109612542;0;0;0;1.41010709088451e-05;0;2
"Aggr";128;"Calliphoridae";2.66666666666667;1.66666666666667;1;4;2;2;0.059337982536105;0.00353311755957257;0;6.34268501818949e-05;0.0268892322311382;0;2
"Aggr";129;"Cantharidae";4.5;2.5;2;12;6;6;0.0651468673987345;0.0298389625254215;0;0.00940945138970771;0.302654919318657;0;4
"Aggr";130;"Chrysomelidae";1.14285714285714;0.142857142857143;1;2;1;1;0.0129867912234664;0.00220233009589786;0;0.00188988899186363;0.146673325288496;0;2
"Aggr";131;"Chrysotoxum_sp.";1.125;0.125;1;2;1;1;0.0131669869216084;0.000969426804783339;0;0.0018367776827183;0.0853905332147303;0;2
"Aggr";132;"Dilophus_sp.";21.282683982684;18.282683982684;3;68;34;34;0.485477543301142;0.498424235940199;0;0.0900873905219726;0.769809434629455;0;6
"Aggr";133;"Diptera";14.2333333333333;11.2333333333333;3;30;15;15;0.57414201286907;1;0;0.0113794717410082;1;0;6
"Aggr";134;"Empididae";4.66666666666667;2.66666666666667;2;6;3;3;0.117351137850799;0.0568276662820407;0;0.000121402919498015;0.0743372720552297;0;2
"Aggr";135;"Episyrphus_balteatus";2;1;1;2;1;1;0.0507082109609769;0;0;0;1.41010709088451e-05;0;2
"Aggr";136;"Eupeodes_corollae";10.9833333333333;7.98333333333333;3;32;16;16;0.270357246126306;0.740771171283346;0;0.0246416723386593;0.880881898209751;0;6
"Aggr";137;"Lassioglosum_.immunitum";1.33333333333333;0.333333333333333;1;2;1;1;0.020096945718049;0.0101602944223137;0;6.73429126925735e-05;0.182697900506648;0;2
"Aggr";138;"Malachius_bipustulatus";1.45833333333333;0.458333333333333;1;4;2;2;0.0212779933152302;0.0029459282329309;0;0.00216099592088196;0.0992044618036827;0;4
"Aggr";139;"Meligethes_sp.";5.98452380952381;4.98452380952381;1;22;11;11;0.0892936640133476;0.0177063178416644;0;0.0416154453455492;0.0876261908596506;0;6
"Aggr";140;"Melyridae";3.33333333333333;2.33333333333333;1;8;4;4;0.0575775138396205;0.0045092426499276;0;0.00816280102889525;0.0498097101591061;0;4
"Aggr";141;"Mordellidae";3.46785714285714;2.46785714285714;1;10;5;5;0.0516739993446121;0.00868554537504087;0;0.00458651485870088;0.108361224946699;0;6
"Aggr";142;"Musca_sp.";3.625;1.625;2;6;3;3;0.0427329554998481;0.0108900075491347;0;0.00862620300968287;0.237591951869889;0;4
"Aggr";143;"Nemotelus_sp.";5.79090909090909;3.79090909090909;2;16;8;8;0.100170440605407;0.110167882223151;0;0.0243387848240282;0.435323863380073;0;4
"Aggr";144;"Odontomyia_sp.";2.73333333333333;1.73333333333333;1;12;6;6;0.0429214441146342;0.0111710495856043;0;0.0248569690279661;0.0978764188140438;0;6
"Aggr";145;"Oedemeridae";1.5;0.5;1;2;1;1;0.0208894727763284;0.0128912904038618;0;0.000180332796517127;0.199290448378917;0;2
"Aggr";146;"Psilothrix_viridicoerulea";45.3470779220779;43.3470779220779;2;128;64;64;1;0.466911866422897;0;1;0.329247219660563;0;6
"Aggr";147;"Scaeva_sp.";7.29090909090909;5.29090909090909;2;20;10;10;0.114601054547827;0.0201679019908987;0;0.0205951594577322;0.174801838041256;0;6
"Aggr";148;"Sphaerophoria_scripta";6.9;3.9;3;18;9;9;0.106745642594996;0.079473588744523;0;0.0174639595828885;0.311751012707752;0;6
