"Layer";"Node";"Label";"Degree";"DegreeIn";"DegreeOut";"Strength";"StrengthIn";"StrengthOut";"PageRank";"Eigenvector";"Hub";"Authority";"Katz";"Multiplexity";"Kcore"
"1";1;"A1 LEMA";0;0;0;0;0;0;0.102777777777778;0;5.88784672006416e-17;1.38777878078145e-17;0;0;0
"1";2;"A2 CHFU";4;2;2;1.83333333333333;0.833333333333333;1;0.670927965909606;0;4.71027737605133e-16;0;-7.50024375530314e-06;0;4
"1";3;"A3 CHFU";6;3;3;2.83333333333333;1.83333333333333;1;0.998844009247926;0;4.71027737605133e-16;0;-4.12505531464939e-05;0;4
"1";4;"A3 LEMA";0;0;0;0;0;0;0.102777777777778;0;5.88784672006416e-17;1.38777878078145e-17;0;0;0
"1";5;"A4 LEMA";0;0;0;0;0;0;0.102777777777778;0;5.88784672006416e-17;1.38777878078145e-17;0;0;0
"1";6;"A5 CHFU";2;1;1;2;1;1;0.685185185185185;0.23513939647869;1.96261557335472e-16;0;-1.50003000088853e-05;0;2
"1";7;"A6 CHFU";2;1;1;1.33333333333333;0.333333333333333;1;0.385783580398023;0;6.67289294940605e-16;0;3.74989687552226e-06;0;2
"1";8;"A6 LEMA";0;0;0;0;0;0;0.102777777777778;0;5.88784672006416e-17;1.38777878078145e-17;0;0;0
"1";9;"B1 LEMA";0;0;0;0;0;0;0.102777777777778;0;5.88784672006416e-17;1.38777878078145e-17;0;0;0
"1";10;"B2 LEMA";0;0;0;0;0;0;0.102777777777778;0;5.88784672006416e-17;1.38777878078145e-17;0;0;0
"1";11;"B3 CHFU";4;2;2;3;2;1;1;1;0;1;-1.50004500090003;0;2
"1";12;"B3 LEMA";0;0;0;0;0;0;0.102777777777778;0;5.88784672006416e-17;1.38777878078145e-17;0;0;0
"1";13;"B4 LEMA";0;0;0;0;0;0;0.102777777777778;0;5.88784672006416e-17;1.38777878078145e-17;0;0;0
"1";14;"B5 LEMA";0;0;0;0;0;0;0.102777777777778;0;5.88784672006416e-17;1.38777878078145e-17;0;0;0
"1";15;"B6 LEMA";0;0;0;0;0;0;0.102777777777778;0;5.88784672006416e-17;1.38777878078145e-17;0;0;0
"1";16;"C1 LEMA";0;0;0;0;0;0;0.102777777777778;0;5.88784672006416e-17;1.38777878078145e-17;0;0;0
"1";17;"C3 LEMA";0;0;0;0;0;0;0.102777777777778;0;5.88784672006416e-17;1.38777878078145e-17;0;0;0
"1";18;"C4 LEMA";0;0;0;0;0;0;0.102777777777778;0;5.88784672006416e-17;1.38777878078145e-17;0;0;0
"1";19;"C6 LEMA";0;0;0;0;0;0;0.102777777777778;0;5.88784672006416e-17;1.38777878078145e-17;0;0;0
"1";20;"D1 LEMA";0;0;0;0;0;0;0.102777777777778;0;5.88784672006416e-17;1.38777878078145e-17;0;0;0
"1";21;"D2 LEMA";0;0;0;0;0;0;0.102777777777778;0;5.88784672006416e-17;1.38777878078145e-17;0;0;0
"1";22;"D3 LEMA";0;0;0;0;0;0;0.102777777777778;0;5.88784672006416e-17;1.38777878078145e-17;0;0;0
"1";23;"D4 LEMA";0;0;0;0;0;0;0.102777777777778;0;5.88784672006416e-17;1.38777878078145e-17;0;0;0
"1";24;"D5 LEMA";0;0;0;0;0;0;0.102777777777778;0;5.88784672006416e-17;1.38777878078145e-17;0;0;0
"1";25;"D6 LEMA";0;0;0;0;0;0;0.102777777777778;0;5.88784672006416e-17;1.38777878078145e-17;0;0;0
"1";26;"E1 LEMA";0;0;0;0;0;0;0.102777777777778;0;5.88784672006416e-17;1.38777878078145e-17;0;0;0
"1";27;"E2 LEMA";0;0;0;0;0;0;0.102777777777778;0;5.88784672006416e-17;1.38777878078145e-17;0;0;0
"1";28;"E3 CHFU";2;1;1;2;1;1;0.685185185185185;0.40644231913288;1.96261557335472e-16;0;-1.50003000088853e-05;0;2
"1";29;"E5 ME";0;0;0;0;0;0;0.102777777777778;0;5.88784672006416e-17;1.38777878078145e-17;0;0;0
"1";30;"F2 CHFU";2;1;1;2;1;1;0.685185185185185;0;1.96261557335472e-16;0;-1.50003000088853e-05;0;2
"1";31;"F2 LEMA";0;0;0;0;0;0;0.102777777777778;0;5.88784672006416e-17;1.38777878078145e-17;0;0;0
"1";32;"F3 LEMA";0;0;0;0;0;0;0.102777777777778;0;5.88784672006416e-17;1.38777878078145e-17;0;0;0
"1";33;"F4 LEMA";0;0;0;0;0;0;0.102777777777778;0;5.88784672006416e-17;1.38777878078145e-17;0;0;0
"1";34;"F5 LEMA";0;0;0;0;0;0;0.102777777777778;0;5.88784672006416e-17;1.38777878078145e-17;0;0;0
"1";35;"F6 LEMA";0;0;0;0;0;0;0.102777777777778;0;5.88784672006416e-17;1.38777878078145e-17;0;0;0
"1";36;"Andrena_cinerea";2;1;1;2;1;1;0.685185185185185;0;1.96261557335472e-16;0;-1.50003000088729e-05;0;2
"1";37;"Bruchidae";4;2;2;1.83333333333333;0.833333333333333;1;0.670927965909606;0;4.71027737605133e-16;0;-7.50024375554483e-06;0;4
"1";38;"Cantharidae";2;1;1;2;1;1;0.685185185185185;0.235139396478689;1.96261557335472e-16;0;-1.50003000088729e-05;0;2
"1";39;"Chrysotoxum_sp.";0;0;0;0;0;0;0.102777777777778;0;5.88784672006416e-17;1.38777878078145e-17;0;0;0
"1";40;"Coleoptera";0;0;0;0;0;0;0.102777777777778;0;5.88784672006416e-17;1.38777878078145e-17;0;0;0
"1";41;"Dilophus_sp.";6;3;3;2.83333333333333;1.83333333333333;1;0.998844009247926;0;4.71027737605133e-16;0;-4.12505531468564e-05;0;4
"1";42;"Diptera";2;1;1;1.66666666666667;0.666666666666667;1;0.669444444444445;0.666666666666667;1;0;1;0;2
"1";43;"Eristalis_sp.";0;0;0;0;0;0;0.102777777777778;0;5.88784672006416e-17;1.38777878078145e-17;0;0;0
"1";44;"Eucera_sp.";2;1;1;2;1;1;0.685185185185185;0.406442319132879;1.96261557335472e-16;0;-1.50003000088729e-05;0;2
"1";45;"Eupeodes_corollae";0;0;0;0;0;0;0.102777777777778;0;5.88784672006416e-17;1.38777878078145e-17;0;0;0
"1";46;"Lomatia_sp.";2;1;1;1.33333333333333;0.333333333333333;1;0.386111111111111;0.333333333333333;1;0;0.5;0;2
"1";47;"Meligethes_sp.";2;1;1;1.33333333333333;0.333333333333333;1;0.385783580398023;0;6.67289294940605e-16;0;3.74989687540141e-06;0;2
"1";48;"Psilothrix_viridicoerulea";0;0;0;0;0;0;0.102777777777778;0;5.88784672006416e-17;1.38777878078145e-17;0;0;0
"1";49;"Sphaerophoria_scripta";0;0;0;0;0;0;0.102777777777778;0;5.88784672006416e-17;1.38777878078145e-17;0;0;0
"2";1;"A1 LEMA";4;2;2;1.26190476190476;0.261904761904762;1;0.219397994265345;0.238095238095239;0.565657361779528;0;0.238091920194666;0;4
"2";2;"A2 CHFU";0;0;0;0;0;0;0.029464066447271;0;9.24392166119211e-18;7.38865171214352e-18;0;0;0
"2";3;"A3 CHFU";0;0;0;0;0;0;0.029464066447271;0;9.24392166119211e-18;7.38865171214352e-18;0;0;0
"2";4;"A3 LEMA";4;2;2;1.38095238095238;0.380952380952381;1;0.129234460544259;0.0952380952380949;0.538240962320006;0;0.0952393422395715;0;4
"2";5;"A4 LEMA";4;2;2;1.19047619047619;0.19047619047619;1;0.114799993826502;0.0952380952380953;0.590016330281263;0;0.0952377299519195;0;4
"2";6;"A5 CHFU";0;0;0;0;0;0;0.029464066447271;0;9.24392166119211e-18;7.38865171214352e-18;0;0;0
"2";7;"A6 CHFU";0;0;0;0;0;0;0.029464066447271;0;9.24392166119211e-18;7.38865171214352e-18;0;0;0
"2";8;"A6 LEMA";2;1;1;1.04761904761905;0.0476190476190476;1;0.0699402569234614;0.0476190476190476;1;7.38865171214352e-18;0.047618656317102;0;2
"2";9;"B1 LEMA";6;3;3;1.48095238095238;0.480952380952381;1;0.174495593300011;0.142857142857143;0.399747513288537;0;0.142858521219805;0;4
"2";10;"B2 LEMA";2;1;1;1.1;0.1;1;0.0747251992030229;0.0476190476190477;0.122760615225598;0;0.0476191789802332;0;2
"2";11;"B3 CHFU";0;0;0;0;0;0;0.029464066447271;0;9.24392166119211e-18;7.38865171214352e-18;0;0;0
"2";12;"B3 LEMA";8;4;4;2.25079365079365;1.25079365079365;1;0.33980308246442;0.380952380952381;0.312328253810188;0;0.380947117324525;0;6
"2";13;"B4 LEMA";12;6;6;3.39365079365079;2.39365079365079;1;0.36159745925321;0.333333333333334;0.37083019926795;0;0.333334312718121;0;6
"2";14;"B5 LEMA";2;1;1;1.04761904761905;0.0476190476190476;1;0.0699402569234614;0.0476190476190476;1;7.38865171214352e-18;0.047618656317102;0;2
"2";15;"B6 LEMA";2;1;1;1.22222222222222;0.222222222222222;1;0.174772795601528;0.190476190476191;0.27609560296588;0;0.190472810080616;0;2
"2";16;"C1 LEMA";8;4;4;2.53968253968254;1.53968253968254;1;0.288178225959974;0.285714285714286;0.433952855022155;0;0.285712568535614;0;4
"2";17;"C3 LEMA";2;1;1;1.1;0.1;1;0.0747251992030229;0.0476190476190477;0.122760615225598;0;0.0476191789802332;0;2
"2";18;"C4 LEMA";4;2;2;2.0952380952381;1.0952380952381;1;0.212071865173906;0.19047619047619;0.520795288090514;0;0.190476163723775;0;2
"2";19;"C6 LEMA";4;2;2;1.1984126984127;0.198412698412698;1;0.110650985638875;0.0952380952380955;0.228064131764203;0;0.0952372761549715;0;4
"2";20;"D1 LEMA";6;3;3;1.29365079365079;0.293650793650794;1;0.191603366591256;0.190476190476191;0.614032065882102;0;0.190474588789175;0;6
"2";21;"D2 LEMA";2;1;1;1.5;0.5;1;0.0973787065597388;0.0476190476190483;0.00695983735110793;0;0.0476216265748894;0;2
"2";22;"D3 LEMA";8;4;4;1.7984126984127;0.798412698412698;1;0.223826758507095;0.190476190476191;0.146462179026278;0;0.190478081710094;0;6
"2";23;"D4 LEMA";2;1;1;1.04761904761905;0.0476190476190476;1;0.0699402569234614;0.0476190476190476;1;7.38865171214352e-18;0.047618656317102;0;2
"2";24;"D5 LEMA";6;3;3;1.43650793650794;0.436507936507937;1;0.151628935339026;0.142857142857143;0.438689913269562;0;0.142855820880197;0;4
"2";25;"D6 LEMA";2;1;1;1.33333333333333;0.333333333333333;1;0.0887582700680686;0.0476190476190474;0.0764819246400113;0;0.0476206859224695;0;2
"2";26;"E1 LEMA";4;2;2;1.53333333333333;0.533333333333333;1;0.165347828085775;0.142857142857143;0.0951651224313343;0;0.142857320003407;0;4
"2";27;"E2 LEMA";2;1;1;1.14285714285714;0.142857142857143;1;0.0743238033503112;0.0476190476190477;0.180032660562526;7.38865171214352e-18;0.0476190736348176;0;2
"2";28;"E3 CHFU";0;0;0;0;0;0;0.029464066447271;0;9.24392166119211e-18;7.38865171214352e-18;0;0;0
"2";29;"E5 ME";0;0;0;0;0;0;0.029464066447271;0;9.24392166119211e-18;7.38865171214352e-18;0;0;0
"2";30;"F2 CHFU";0;0;0;0;0;0;0.029464066447271;0;9.24392166119211e-18;7.38865171214352e-18;0;0;0
"2";31;"F2 LEMA";2;1;1;1.05555555555556;0.0555555555555556;1;0.0657912487358352;0.0476190476190477;0.27609560296588;0;0.0476182025201539;0;2
"2";32;"F3 LEMA";2;1;1;1.04761904761905;0.0476190476190476;1;0.0699402569234614;0.0476190476190476;1;7.38865171214352e-18;0.047618656317102;0;2
"2";33;"F4 LEMA";4;2;2;1.19047619047619;0.19047619047619;1;0.114799993826502;0.0952380952380953;0.590016330281263;0;0.0952377299519196;0;4
"2";34;"F5 LEMA";4;2;2;1.21111111111111;0.211111111111111;1;0.147379563780151;0.142857142857143;0.224983940385786;0;0.142855584020541;0;4
"2";35;"F6 LEMA";2;1;1;1.1;0.1;1;0.0747251992030229;0.0476190476190477;0.122760615225598;0;0.0476191789802332;0;2
"2";36;"Andrena_cinerea";2;1;1;1.5;0.5;1;0.119594609146181;0.095238095238095;0;0.0415905761810266;0.0952380208106389;0;2
"2";37;"Bruchidae";0;0;0;0;0;0;0.029464066447271;0;9.24392166119211e-18;7.38865171214352e-18;0;0;0
"2";38;"Cantharidae";2;1;1;1.16666666666667;0.166666666666667;1;0.070289315124934;0.0476190476190477;0;0.0115517873583604;0.0476185823448449;0;2
"2";39;"Chrysotoxum_sp.";2;1;1;1.14285714285714;0.142857142857143;1;0.0733723293565894;0.0476190476190477;0;0.00846125806082202;0.0476189660048763;0;2
"2";40;"Coleoptera";6;3;3;1.83333333333333;0.833333333333333;1;0.160099398095294;0.142857142857143;0;0.0399741368428074;0.142856532035003;0;4
"2";41;"Dilophus_sp.";30;15;15;9.43571428571429;8.43571428571429;1;1;1;2.95805493158148e-16;1;1;0;6
"2";42;"Diptera";6;3;3;2.83333333333333;1.83333333333333;1;0.209273659838109;0.142857142857142;0;0.0764819246400113;0.142861703725306;0;4
"2";43;"Eristalis_sp.";2;1;1;1.5;0.5;1;0.17388037649465;0.19047619047619;0;0.0249424530725055;0.190472545256246;0;2
"2";44;"Eucera_sp.";4;2;2;2.25;1.25;1;0.159799153205807;0.0952380952380963;0;0.00695983735110794;0.095242422914868;0;2
"2";45;"Eupeodes_corollae";2;1;1;1.14285714285714;0.142857142857143;1;0.0733723293565894;0.0476190476190477;0;0.00846125806082202;0.0476189660048763;0;2
"2";46;"Lomatia_sp.";0;0;0;0;0;0;0.029464066447271;0;9.24392166119211e-18;7.38865171214352e-18;0;0;0
"2";47;"Meligethes_sp.";18;9;9;5.85119047619048;4.85119047619048;1;0.532483914773552;0.476190476190477;0;0.122760615225598;0.476194769090882;0;6
"2";48;"Psilothrix_viridicoerulea";22;11;11;6.20119047619048;5.20119047619048;1;0.769281507287242;0.857142857142859;0;0.27609560296588;0.85713443404797;0;6
"2";49;"Sphaerophoria_scripta";14;7;7;4.14285714285714;3.14285714285714;1;0.369433127436802;0.333333333333334;1.47902746579074e-16;0.180032660562526;0.333335066135244;0;6
"3";1;"A1 LEMA";0;0;0;0;0;0;0.15;7.85046229341888e-17;0;3.92523114670944e-17;0;0;0
"3";2;"A2 CHFU";0;0;0;0;0;0;0.15;7.85046229341888e-17;0;0;0;0;0
"3";3;"A3 CHFU";0;0;0;0;0;0;0.15;7.85046229341888e-17;0;0;0;0;0
"3";4;"A3 LEMA";0;0;0;0;0;0;0.15;7.85046229341888e-17;0;0;0;0;0
"3";5;"A4 LEMA";0;0;0;0;0;0;0.15;7.85046229341888e-17;0;3.92523114670944e-17;0;0;0
"3";6;"A5 CHFU";0;0;0;0;0;0;0.15;7.85046229341888e-17;0;0;0;0;0
"3";7;"A6 CHFU";0;0;0;0;0;0;0.15;7.85046229341888e-17;0;0;0;0;0
"3";8;"A6 LEMA";0;0;0;0;0;0;0.15;7.85046229341888e-17;0;0;0;0;0
"3";9;"B1 LEMA";0;0;0;0;0;0;0.15;7.85046229341888e-17;0;0;0;0;0
"3";10;"B2 LEMA";0;0;0;0;0;0;0.15;7.85046229341888e-17;0;0;0;0;0
"3";11;"B3 CHFU";0;0;0;0;0;0;0.15;7.85046229341888e-17;0;0;0;0;0
"3";12;"B3 LEMA";0;0;0;0;0;0;0.15;7.85046229341888e-17;0;0;0;0;0
"3";13;"B4 LEMA";0;0;0;0;0;0;0.15;7.85046229341888e-17;0;0;0;0;0
"3";14;"B5 LEMA";0;0;0;0;0;0;0.15;7.85046229341888e-17;0;0;0;0;0
"3";15;"B6 LEMA";0;0;0;0;0;0;0.15;7.85046229341888e-17;0;0;0;0;0
"3";16;"C1 LEMA";0;0;0;0;0;0;0.15;7.85046229341888e-17;0;0;0;0;0
"3";17;"C3 LEMA";0;0;0;0;0;0;0.15;7.85046229341888e-17;0;0;0;0;0
"3";18;"C4 LEMA";0;0;0;0;0;0;0.15;7.85046229341888e-17;0;0;0;0;0
"3";19;"C6 LEMA";0;0;0;0;0;0;0.15;7.85046229341888e-17;0;0;0;0;0
"3";20;"D1 LEMA";0;0;0;0;0;0;0.15;7.85046229341888e-17;0;0;0;0;0
"3";21;"D2 LEMA";0;0;0;0;0;0;0.15;7.85046229341888e-17;0;0;0;0;0
"3";22;"D3 LEMA";0;0;0;0;0;0;0.15;7.85046229341888e-17;0;0;0;0;0
"3";23;"D4 LEMA";0;0;0;0;0;0;0.15;7.85046229341888e-17;0;0;0;0;0
"3";24;"D5 LEMA";0;0;0;0;0;0;0.15;7.85046229341888e-17;0;0;0;0;0
"3";25;"D6 LEMA";0;0;0;0;0;0;0.15;7.85046229341888e-17;0;0;0;0;0
"3";26;"E1 LEMA";0;0;0;0;0;0;0.15;7.85046229341888e-17;0;0;0;0;0
"3";27;"E2 LEMA";0;0;0;0;0;0;0.15;7.85046229341888e-17;0;3.92523114670944e-17;0;0;0
"3";28;"E3 CHFU";0;0;0;0;0;0;0.15;7.85046229341888e-17;0;0;0;0;0
"3";29;"E5 ME";2;1;1;2;1;1;1;1;0;1;1;0;2
"3";30;"F2 CHFU";0;0;0;0;0;0;0.15;7.85046229341888e-17;0;0;0;0;0
"3";31;"F2 LEMA";0;0;0;0;0;0;0.15;7.85046229341888e-17;0;0;0;0;0
"3";32;"F3 LEMA";0;0;0;0;0;0;0.15;7.85046229341888e-17;0;0;0;0;0
"3";33;"F4 LEMA";0;0;0;0;0;0;0.15;7.85046229341888e-17;0;0;0;0;0
"3";34;"F5 LEMA";0;0;0;0;0;0;0.15;7.85046229341888e-17;0;0;0;0;0
"3";35;"F6 LEMA";0;0;0;0;0;0;0.15;7.85046229341888e-17;0;0;0;0;0
"3";36;"Andrena_cinerea";0;0;0;0;0;0;0.15;7.85046229341888e-17;0;0;0;0;0
"3";37;"Bruchidae";0;0;0;0;0;0;0.15;7.85046229341888e-17;0;0;0;0;0
"3";38;"Cantharidae";0;0;0;0;0;0;0.15;7.85046229341888e-17;0;0;0;0;0
"3";39;"Chrysotoxum_sp.";0;0;0;0;0;0;0.15;7.85046229341888e-17;0;0;0;0;0
"3";40;"Coleoptera";0;0;0;0;0;0;0.15;7.85046229341888e-17;0;3.92523114670944e-17;0;0;0
"3";41;"Dilophus_sp.";0;0;0;0;0;0;0.15;7.85046229341888e-17;0;0;0;0;0
"3";42;"Diptera";0;0;0;0;0;0;0.15;7.85046229341888e-17;0;0;0;0;0
"3";43;"Eristalis_sp.";0;0;0;0;0;0;0.15;7.85046229341888e-17;0;3.92523114670944e-17;0;0;0
"3";44;"Eucera_sp.";0;0;0;0;0;0;0.15;7.85046229341888e-17;0;0;0;0;0
"3";45;"Eupeodes_corollae";2;1;1;2;1;1;1;1;1;0;1;0;2
"3";46;"Lomatia_sp.";0;0;0;0;0;0;0.15;7.85046229341888e-17;0;0;0;0;0
"3";47;"Meligethes_sp.";0;0;0;0;0;0;0.15;7.85046229341888e-17;0;3.92523114670944e-17;0;0;0
"3";48;"Psilothrix_viridicoerulea";0;0;0;0;0;0;0.15;7.85046229341888e-17;0;3.92523114670944e-17;0;0;0
"3";49;"Sphaerophoria_scripta";0;0;0;0;0;0;0.15;7.85046229341888e-17;0;0;0;0;0
"Aggr";1;"A1 LEMA";4;2;2;1.26190476190476;0.261904761904762;1;0.131781590757592;0.105058728608912;0.509843605522517;1.43689197856159e-17;0.105059345005987;0;4
"Aggr";2;"A2 CHFU";4;2;2;1.83333333333333;0.833333333333333;1;0.28069298500617;0.373668630124389;0.525930864002208;2.87378395712317e-17;0.373664429242766;0;4
"Aggr";3;"A3 CHFU";6;3;3;2.83333333333333;1.83333333333333;1;0.46643146502943;0.655101390391983;0.385608091687575;1.43689197856159e-17;0.655100808182416;0;4
"Aggr";4;"A3 LEMA";4;2;2;1.38095238095238;0.380952380952381;1;0.0760766495586334;0.0857571963747009;0.532489950736173;1.43689197856159e-17;0.0857587404156327;0;4
"Aggr";5;"A4 LEMA";4;2;2;1.19047619047619;0.19047619047619;1;0.07183465729246;0.0494893401171798;0.56610861881278;1.43689197856159e-17;0.0494897092065008;0;4
"Aggr";6;"A5 CHFU";2;1;1;2;1;1;0.0675168106467069;0.0330376189410582;0.0102077569060086;2.15533796784238e-17;0.0330430550527177;0;2
"Aggr";7;"A6 CHFU";2;1;1;1.33333333333333;0.333333333333333;1;0.164235105737172;0.255052653102717;1;1.43689197856159e-17;0.255050505771324;0;2
"Aggr";8;"A6 LEMA";2;1;1;1.04761904761905;0.0476190476190476;1;0.0428065343086003;0.0364360933003882;1;0;0.0364357865387606;0;2
"Aggr";9;"B1 LEMA";6;3;3;1.48095238095238;0.480952380952381;1;0.0946504975609594;0.11390047240146;0.389980816176886;0;0.113902378309598;0;4
"Aggr";10;"B2 LEMA";2;1;1;1.1;0.1;1;0.0411422870728312;0.0281432760267594;0.104962547058311;0;0.028143637893965;0;2
"Aggr";11;"B3 CHFU";4;2;2;3;2;1;0.186470197186213;0.183840880622283;0.0439670749315837;1.43689197856159e-17;0.183848773972939;0;2
"Aggr";12;"B3 LEMA";8;4;4;2.25079365079365;1.25079365079365;1;0.193681363855316;0.157994598184844;0.29580048656224;2.87378395712317e-17;0.157995878679973;0;6
"Aggr";13;"B4 LEMA";12;6;6;3.39365079365079;2.39365079365079;1;0.221230216155173;0.174640371697405;0.347774292060378;0;0.174648282686791;0;6
"Aggr";14;"B5 LEMA";2;1;1;1.04761904761905;0.0476190476190476;1;0.0428065343086003;0.0364360933003882;1;0;0.0364357865387606;0;2
"Aggr";15;"B6 LEMA";2;1;1;1.22222222222222;0.222222222222222;1;0.114217720685034;0.042915389344181;0.183072675870861;0;0.0429170292379547;0;2
"Aggr";16;"C1 LEMA";8;4;4;2.53968253968254;1.53968253968254;1;0.18213985536522;0.140351549133397;0.401100385128686;2.87378395712317e-17;0.140357953480606;0;4
"Aggr";17;"C3 LEMA";2;1;1;1.1;0.1;1;0.0411422870728312;0.0281432760267594;0.104962547058311;0;0.028143637893965;0;2
"Aggr";18;"C4 LEMA";4;2;2;2.0952380952381;1.0952380952381;1;0.126633980555823;0.248012817700858;0.519844585110574;1.43689197856159e-17;0.248003301246965;0;2
"Aggr";19;"C6 LEMA";4;2;2;1.1984126984127;0.198412698412698;1;0.074508882457997;0.0237820941528369;0.157644956748211;0;0.0237831799772289;0;4
"Aggr";20;"D1 LEMA";6;3;3;1.29365079365079;0.293650793650794;1;0.114985072934187;0.0966542807536132;0.578822478374105;5.74756791424635e-17;0.0966547530547501;0;6
"Aggr";21;"D2 LEMA";2;1;1;1.5;0.5;1;0.0641016276327177;0.0781640689208775;0.00478739270345253;7.18445989280793e-18;0.0781679481323095;0;2
"Aggr";22;"D3 LEMA";8;4;4;1.7984126984127;0.798412698412698;1;0.134615919022536;0.130089439100474;0.106259963314547;0;0.130094766003503;0;6
"Aggr";23;"D4 LEMA";2;1;1;1.04761904761905;0.0476190476190476;1;0.0428065343086003;0.0364360933003882;1;0;0.0364357865387606;0;2
"Aggr";24;"D5 LEMA";6;3;3;1.43650793650794;0.436507936507937;1;0.0940410681472905;0.0601489895559052;0.404440625998415;0;0.0601498545796394;0;4
"Aggr";25;"D6 LEMA";2;1;1;1.33333333333333;0.333333333333333;1;0.0558385543205381;0.0493211030743127;0.0649799014723468;2.15533796784238e-17;0.0493229538768721;0;2
"Aggr";26;"E1 LEMA";4;2;2;1.53333333333333;0.533333333333333;1;0.0880383485102152;0.0692706009729907;0.0800580987470022;0;0.0692720865193202;0;4
"Aggr";27;"E2 LEMA";2;1;1;1.14285714285714;0.142857142857143;1;0.0515965620543648;0.0130532468167916;0.132217237625561;0;0.0130539226677402;0;2
"Aggr";28;"E3 CHFU";2;1;1;2;1;1;0.10563481619493;0.156328137841755;0.00478739270345253;1.43689197856159e-17;0.156335896264619;0;2
"Aggr";29;"E5 ME";2;1;1;2;1;1;0.0682224423403622;0.035236225977791;0.00758626353857438;2.15533796784238e-17;0.0352415914804665;0;2
"Aggr";30;"F2 CHFU";2;1;1;2;1;1;0.0861577900796325;0.175140631100082;0.0396891702211491;1.43689197856159e-17;0.175131728169444;0;2
"Aggr";31;"F2 LEMA";2;1;1;1.05555555555556;0.0555555555555556;1;0.0454807594741373;0.0107288473360453;0.183072675870861;7.18445989280793e-18;0.0107292573094887;0;2
"Aggr";32;"F3 LEMA";2;1;1;1.04761904761905;0.0476190476190476;1;0.0428065343086003;0.0364360933003882;1;0;0.0364357865387606;0;2
"Aggr";33;"F4 LEMA";4;2;2;1.19047619047619;0.19047619047619;1;0.07183465729246;0.0494893401171798;0.56610861881278;1.43689197856159e-17;0.0494897092065008;0;4
"Aggr";34;"F5 LEMA";4;2;2;1.21111111111111;0.211111111111111;1;0.0869669278800956;0.04960097069885;0.157035966266678;1.43689197856159e-17;0.0496021525129424;0;4
"Aggr";35;"F6 LEMA";2;1;1;1.1;0.1;1;0.0411422870728312;0.0281432760267594;0.104962547058311;0;0.028143637893965;0;2
"Aggr";36;"Andrena_cinerea";4;2;2;3.5;1.5;2;0.149622002374418;0.228894738621607;0;0.0396891702211491;0.228883811213413;0;2
"Aggr";37;"Bruchidae";4;2;2;1.83333333333333;0.833333333333333;1;0.274018539456466;0.31004311091248;1.18437321717542e-16;0.0518617280044158;0.310039262823673;0;4
"Aggr";38;"Cantharidae";4;2;2;3.16666666666667;1.16666666666667;2;0.105760874296945;0.043177514576115;1.18437321717542e-16;0.0102077569060086;0.0431834701411691;0;2
"Aggr";39;"Chrysotoxum_sp.";2;1;1;1.14285714285714;0.142857142857143;1;0.0494321081750618;0.0190896386315434;1.97395536195904e-17;0.00658132032934332;0.0190904852610682;0;2
"Aggr";40;"Coleoptera";6;3;3;1.83333333333333;0.833333333333333;1;0.0999607533002045;0.0509073274146368;0;0.0302492021243847;0.0509092425570508;0;4
"Aggr";41;"Dilophus_sp.";36;18;18;12.2690476190476;10.2690476190476;2;1;1;0;1;1;0;6
"Aggr";42;"Diptera";8;4;4;4.5;2.5;2;0.234847872353174;0.193376161644747;0;0.0649799014723469;0.193383771202368;0;4
"Aggr";43;"Eristalis_sp.";2;1;1;1.5;0.5;1;0.104883018709014;0.0604454121644132;0;0.0195921673921863;0.0604459023886204;0;2
"Aggr";44;"Eucera_sp.";6;3;3;4.25;2.25;2;0.195450299116295;0.204308320837576;0;0.00478739270345256;0.204318922831388;0;2
"Aggr";45;"Eupeodes_corollae";4;2;2;3.14285714285714;1.14285714285714;2;0.10742118416437;0.0460509173944309;0;0.00758626353857446;0.0460568094126064;0;2
"Aggr";46;"Lomatia_sp.";2;1;1;1.33333333333333;0.333333333333333;1;0.0754016616065988;0.0468891043514532;0;0.00194142185005756;0.0468910518554425;0;2
"Aggr";47;"Meligethes_sp.";20;10;10;7.18452380952381;5.18452380952381;2;0.43703171770179;0.367810014708679;0;0.104962547058311;0.367816841359849;0;6
"Aggr";48;"Psilothrix_viridicoerulea";22;11;11;6.20119047619048;5.20119047619048;1;0.485202079135741;0.252391352268531;3.15832857913446e-16;0.183072675870861;0.252401939899492;0;6
"Aggr";49;"Sphaerophoria_scripta";14;7;7;4.14285714285714;3.14285714285714;1;0.239055130455315;0.119416816627196;0;0.132217237625561;0.119422613002702;0;6
