"Layer";"Node";"Label";"Strength";"StrengthIn";"StrengthOut";"Degree";"DegreeIn";"DegreeOut";"PageRank";"Eigenvector";"Hub";"Authority";"Katz";"Multiplexity";"Kcore"
"1-Multi";1;"A1 LEMA";1.3768115942029;0.376811594202899;1;4;2;2;0.0863238524783023;0.00278914287029001;0.521968199879194;0;0.0279159113068251;0.333333333333333;4
"1-Multi";2;"A2 CHFU";2.2;1.2;1;4;2;2;0.165116389774584;0.0290752442718952;0;0.0101562604480323;0.0484696509458313;0.333333333333333;2
"1-Multi";3;"A2 LEMA";2.36853002070393;1.36853002070393;1;8;4;4;0.210560070600045;0.0109690603586791;0.361168295917936;0;0.0241448637317364;0.333333333333333;4
"1-Multi";4;"A5 CHFU";1.5;0.5;1;2;1;1;0.0790892919919754;0.000813956783530347;0;0.000542002008300335;0.0380737266780339;0.333333333333333;2
"1-Multi";5;"A6 CHFU";1.5;0.5;1;2;1;1;0.0790892919919769;0.000813956783538013;0;0.000542002008300337;0.0380737266780339;0.333333333333333;2
"1-Multi";6;"B1 CHFU";1.5;0.5;1;4;2;2;0.158627602004894;0.026591500996807;0;0.0394475019911611;0.0470755469601344;0.333333333333333;4
"1-Multi";7;"B2 CHFU";1.1;0.1;1;2;1;1;0.0789809193342969;0.00748276758289767;0;0.000100296199239182;0.0405896512510888;0.333333333333333;2
"1-Multi";8;"B2 LEMA";1.39648033126294;0.39648033126294;1;6;3;3;0.108619393981026;0.0109931421756537;0.546235454693583;0;0.0522327798216463;0.333333333333333;6
"1-Multi";9;"B4 LEMA";1.33333333333333;0.333333333333333;1;2;1;1;0.0803140562911511;0.00660449984740295;0.0915801247730769;0;0.0723667241928823;0.333333333333333;2
"1-Multi";10;"B4 ME";2;1;1;2;1;1;0.0772169747905734;0.00500461868717281;0;0.0148845983853826;0.127949889063856;0.333333333333333;2
"1-Multi";11;"B5 CHFU";1.73333333333333;0.733333333333333;1;4;2;2;0.158735773236895;0.0270935824129339;0;0.0430355940739387;0.0506626974062308;0.333333333333333;4
"1-Multi";12;"B6 CHFU";1.43333333333333;0.433333333333333;1;4;2;2;0.109796501185459;0.0154676165820007;0;0.00378868448125595;0.0459703769202334;0.333333333333333;4
"1-Multi";13;"B6 LEMA";1.08695652173913;0.0869565217391304;1;2;1;1;0.0761883648139125;0.00439095325085688;0.999999999999999;0;0.0439983796182118;0.333333333333333;2
"1-Multi";14;"C1 LEMA";1.14285714285714;0.142857142857143;1;2;1;1;0.0646842640942386;0.0032999390011713;0.0933616940012563;0;0.0485676358572792;0.333333333333333;2
"1-Multi";15;"C2 CHFU";1.9;0.9;1;4;2;2;0.151667096440157;0.285231700428882;0;0.000111073500289515;0.309137157462513;0.333333333333333;2
"1-Multi";16;"C2 LEMA";2.39648033126294;1.39648033126294;1;8;4;4;0.137517872718626;0.0124137236695733;0.439445882179488;0;0.0471878759925252;0.333333333333333;6
"1-Multi";17;"C3 LEMA";1.04347826086957;0.0434782608695652;1;2;1;1;0.0622309367645198;0.00219547662545779;1;0;0.0439983796182118;0.333333333333333;2
"1-Multi";18;"C4 LEMA";1.68633540372671;0.686335403726708;1;8;4;4;0.137084669482012;0.00808808556062951;0.266196076531274;0;0.0337591543034527;0.333333333333333;6
"1-Multi";19;"C5 CHFU";1.2;0.2;1;2;1;1;0.0664450529916311;0.069437233211484;0;2.69432526260669e-06;0.376274034015369;0.333333333333333;2
"1-Multi";20;"C5 LEMA";1.16666666666667;0.166666666666667;1;2;1;1;0.0691816812895446;0.000872172850416982;0.094960276725292;0;0.018036342687854;0.333333333333333;2
"1-Multi";21;"C6 LEMA";1.14285714285714;0.142857142857143;1;2;1;1;0.0646842640942211;0.00329993900121707;0.0933616940012563;0;0.0485676358572792;0.333333333333333;2
"1-Multi";22;"D2 LEMA";1.04347826086957;0.0434782608695652;1;2;1;1;0.0622309367645642;0.00219547662536355;1;0;0.0439983796182118;0.333333333333333;2
"1-Multi";23;"D5 LEMA";1.66666666666667;0.666666666666667;1;4;2;2;0.100619331329006;0.000998577240021178;0.0262979227652989;0;0.00993835270457304;0.333333333333333;4
"1-Multi";24;"D6 CHFU";1.1;0.1;1;2;1;1;0.07898091933427;0.00748276758298885;0;0.000100296199239171;0.0405896512510888;0.333333333333333;2
"1-Multi";25;"E1 LEMA";1.70186335403727;0.701863354037267;1;6;3;3;0.156395172781273;0.0173322601903141;0.475652112348068;0;0.0420080041081335;0.333333333333333;6
"1-Multi";26;"E2 LEMA";1.21014492753623;0.210144927536232;1;4;2;2;0.0831391093389137;0.00306764947590951;0.547480138362646;0;0.0310173611530329;0.333333333333333;4
"1-Multi";27;"E4 LEMA";2.35300207039337;1.35300207039337;1;8;4;4;0.143929357270661;0.00552490765503258;0.288814318473099;0;0.0276717633242747;0.333333333333333;6
"1-Multi";28;"E5 CHFU";1.1;0.1;1;2;1;1;0.0789809193342668;0.00748276758296031;0;0.000100296199239177;0.0405896512510888;0.333333333333333;2
"1-Multi";29;"E5 LEMA";1.33333333333333;0.333333333333333;1;2;1;1;0.0765264156152929;0.000404910995160702;0.00865944577221042;0;0.00804326241370773;0.333333333333333;2
"1-Multi";30;"F1 LEMA";1.3768115942029;0.376811594202899;1;6;3;3;0.0991593831269199;0.00636989939952251;0.395513467166123;0;0.044800482166316;0.333333333333333;6
"1-Multi";31;"F2 LEMA";2;1;1;2;1;1;0.138728004950058;0.409240867844046;1.04407877400531e-05;0;0.380163008974774;0.333333333333333;2
"1-Multi";32;"F3 LEMA";1.04347826086957;0.0434782608695652;1;2;1;1;0.0622309367645356;0.00219547662543545;1;0;0.0439983796182118;0.333333333333333;2
"1-Multi";33;"F4 CHFU";1.2;0.2;1;2;1;1;0.0880968500504623;0.00955436670692127;0;0.019673602895961;0.0503184948146573;0.333333333333333;2
"1-Multi";34;"F4 LEMA";1.08695652173913;0.0869565217391304;1;2;1;1;0.0761883648139764;0.00439095325077644;1;0;0.0439983796182118;0.333333333333333;2
"1-Multi";35;"F5 CHFU";1.53333333333333;0.533333333333333;1;4;2;2;0.14050391180454;0.0229503841649675;0;0.0038889806804951;0.0441768016971851;0.333333333333333;4
"1-Multi";36;"F6 LEMA";2.04347826086957;1.04347826086957;1;4;2;2;0.116541358610361;0.00354941856342892;0.355417861403779;0;0.023719812640086;0.333333333333333;2
"1-Multi";37;"Andrena_cinerea";11.0785714285714;5.69761904761905;5.38095238095238;22;11;11;0.37064351860748;0.0514627658594971;0.177674400121876;0.0915801247730769;0.34969499275498;1;6
"1-Multi";38;"Chrysotoxum_sp.";1.2;0.2;1;2;1;1;0.0661805494228948;0.00187801523501704;0;0.0122875921231042;0.0356988122094182;0.333333333333333;2
"1-Multi";39;"Dilophus_sp.";8.52142857142857;5.28333333333333;3.23809523809524;20;10;10;0.409733779484762;0.0622057619526296;0.0791455490794009;0.0933616940012563;0.132071118074844;0.666666666666667;6
"1-Multi";40;"Diptera";7.27619047619048;4.03809523809524;3.23809523809524;10;5;5;0.361470364201483;1;9.63581904440749e-05;1.04407877397589e-05;1;0.666666666666667;2
"1-Multi";41;"Empididae";6.36666666666667;5.36666666666667;1;16;8;8;0.393445993486495;0.0989225298358161;0.00717386308274805;0;0.0536536522423812;0.333333333333333;4
"1-Multi";42;"Eupeodes_corollae";6.72619047619048;3.48809523809524;3.23809523809524;10;5;5;0.217862500459902;0.00428218227332357;0.00775353049789939;0.0108172927343981;0.0930046155660489;0.666666666666667;2
"1-Multi";43;"Meligethes_sp.";2.03730158730159;1.03730158730159;1;8;4;4;0.172323276161219;0.00782903427368067;0;0.0494797044327071;0.0216189547055245;0.333333333333333;6
"1-Multi";44;"Mordellidae";1.66666666666667;0.666666666666667;1;2;1;1;0.0960769530795346;0.00178991743735392;0;0.0331267921056688;0.0179471121750932;0.333333333333333;2
"1-Multi";45;"Nemotelus_sp.";2.61111111111111;1.61111111111111;1;6;3;3;0.131898481143571;0.00160588256539672;0;0.0086594457722101;0.0106267470078472;0.333333333333333;4
"1-Multi";46;"Odontomyia_sp.";2.11111111111111;1.11111111111111;1;6;3;3;0.117216159309641;0.00235448847655812;0;0.0439363997583874;0.0156374331864806;0.333333333333333;4
"1-Multi";47;"Psilothrix_viridicoerulea";15.5880952380952;12.35;3.23809523809524;40;20;20;1;0.129910475848171;0.703594625671899;1;0.124665354158536;0.666666666666667;6
"1-Multi";48;"Sphaerophoria_scripta";3.48333333333333;2.48333333333333;1;10;5;5;0.179769439668501;0.00691809899472237;0;0.094960276725292;0.023837776965891;0.333333333333333;6
"2-Multi";1;"A1 LEMA";1.3768115942029;0.376811594202899;1;4;2;2;0.0863238524783023;0.00278914287029001;0.521968199879194;0;0.0279159113068251;0.333333333333333;4
"2-Multi";2;"A2 CHFU";2.2;1.2;1;4;2;2;0.165116389774584;0.0290752442718952;0;0.0101562604480323;0.0484696509458313;0.333333333333333;2
"2-Multi";3;"A2 LEMA";2.36853002070393;1.36853002070393;1;8;4;4;0.210560070600045;0.0109690603586791;0.361168295917936;0;0.0241448637317364;0.333333333333333;4
"2-Multi";4;"A5 CHFU";1.5;0.5;1;2;1;1;0.0790892919919754;0.000813956783530347;0;0.000542002008300335;0.0380737266780339;0.333333333333333;2
"2-Multi";5;"A6 CHFU";1.5;0.5;1;2;1;1;0.0790892919919769;0.000813956783538013;0;0.000542002008300337;0.0380737266780339;0.333333333333333;2
"2-Multi";6;"B1 CHFU";1.5;0.5;1;4;2;2;0.158627602004894;0.026591500996807;0;0.0394475019911611;0.0470755469601344;0.333333333333333;4
"2-Multi";7;"B2 CHFU";1.1;0.1;1;2;1;1;0.0789809193342969;0.00748276758289767;0;0.000100296199239182;0.0405896512510888;0.333333333333333;2
"2-Multi";8;"B2 LEMA";1.39648033126294;0.39648033126294;1;6;3;3;0.108619393981026;0.0109931421756537;0.546235454693583;0;0.0522327798216463;0.333333333333333;6
"2-Multi";9;"B4 LEMA";1.33333333333333;0.333333333333333;1;2;1;1;0.0803140562911511;0.00660449984740295;0.0915801247730769;0;0.0723667241928823;0.333333333333333;2
"2-Multi";10;"B4 ME";2;1;1;2;1;1;0.0772169747905734;0.00500461868717281;0;0.0148845983853826;0.127949889063856;0.333333333333333;2
"2-Multi";11;"B5 CHFU";1.73333333333333;0.733333333333333;1;4;2;2;0.158735773236895;0.0270935824129339;0;0.0430355940739387;0.0506626974062308;0.333333333333333;4
"2-Multi";12;"B6 CHFU";1.43333333333333;0.433333333333333;1;4;2;2;0.109796501185459;0.0154676165820007;0;0.00378868448125595;0.0459703769202334;0.333333333333333;4
"2-Multi";13;"B6 LEMA";1.08695652173913;0.0869565217391304;1;2;1;1;0.0761883648139125;0.00439095325085688;0.999999999999999;0;0.0439983796182118;0.333333333333333;2
"2-Multi";14;"C1 LEMA";1.14285714285714;0.142857142857143;1;2;1;1;0.0646842640942386;0.0032999390011713;0.0933616940012563;0;0.0485676358572792;0.333333333333333;2
"2-Multi";15;"C2 CHFU";1.9;0.9;1;4;2;2;0.151667096440157;0.285231700428882;0;0.000111073500289515;0.309137157462513;0.333333333333333;2
"2-Multi";16;"C2 LEMA";2.39648033126294;1.39648033126294;1;8;4;4;0.137517872718626;0.0124137236695733;0.439445882179488;0;0.0471878759925252;0.333333333333333;6
"2-Multi";17;"C3 LEMA";1.04347826086957;0.0434782608695652;1;2;1;1;0.0622309367645198;0.00219547662545779;1;0;0.0439983796182118;0.333333333333333;2
"2-Multi";18;"C4 LEMA";1.68633540372671;0.686335403726708;1;8;4;4;0.137084669482012;0.00808808556062951;0.266196076531274;0;0.0337591543034527;0.333333333333333;6
"2-Multi";19;"C5 CHFU";1.2;0.2;1;2;1;1;0.0664450529916311;0.069437233211484;0;2.69432526260669e-06;0.376274034015369;0.333333333333333;2
"2-Multi";20;"C5 LEMA";1.16666666666667;0.166666666666667;1;2;1;1;0.0691816812895446;0.000872172850416982;0.094960276725292;0;0.018036342687854;0.333333333333333;2
"2-Multi";21;"C6 LEMA";1.14285714285714;0.142857142857143;1;2;1;1;0.0646842640942211;0.00329993900121707;0.0933616940012563;0;0.0485676358572792;0.333333333333333;2
"2-Multi";22;"D2 LEMA";1.04347826086957;0.0434782608695652;1;2;1;1;0.0622309367645642;0.00219547662536355;1;0;0.0439983796182118;0.333333333333333;2
"2-Multi";23;"D5 LEMA";1.66666666666667;0.666666666666667;1;4;2;2;0.100619331329006;0.000998577240021178;0.0262979227652989;0;0.00993835270457304;0.333333333333333;4
"2-Multi";24;"D6 CHFU";1.1;0.1;1;2;1;1;0.07898091933427;0.00748276758298885;0;0.000100296199239171;0.0405896512510888;0.333333333333333;2
"2-Multi";25;"E1 LEMA";1.70186335403727;0.701863354037267;1;6;3;3;0.156395172781273;0.0173322601903141;0.475652112348068;0;0.0420080041081335;0.333333333333333;6
"2-Multi";26;"E2 LEMA";1.21014492753623;0.210144927536232;1;4;2;2;0.0831391093389137;0.00306764947590951;0.547480138362646;0;0.0310173611530329;0.333333333333333;4
"2-Multi";27;"E4 LEMA";2.35300207039337;1.35300207039337;1;8;4;4;0.143929357270661;0.00552490765503258;0.288814318473099;0;0.0276717633242747;0.333333333333333;6
"2-Multi";28;"E5 CHFU";1.1;0.1;1;2;1;1;0.0789809193342668;0.00748276758296031;0;0.000100296199239177;0.0405896512510888;0.333333333333333;2
"2-Multi";29;"E5 LEMA";1.33333333333333;0.333333333333333;1;2;1;1;0.0765264156152929;0.000404910995160702;0.00865944577221042;0;0.00804326241370773;0.333333333333333;2
"2-Multi";30;"F1 LEMA";1.3768115942029;0.376811594202899;1;6;3;3;0.0991593831269199;0.00636989939952251;0.395513467166123;0;0.044800482166316;0.333333333333333;6
"2-Multi";31;"F2 LEMA";2;1;1;2;1;1;0.138728004950058;0.409240867844046;1.04407877400531e-05;0;0.380163008974774;0.333333333333333;2
"2-Multi";32;"F3 LEMA";1.04347826086957;0.0434782608695652;1;2;1;1;0.0622309367645356;0.00219547662543545;1;0;0.0439983796182118;0.333333333333333;2
"2-Multi";33;"F4 CHFU";1.2;0.2;1;2;1;1;0.0880968500504623;0.00955436670692127;0;0.019673602895961;0.0503184948146573;0.333333333333333;2
"2-Multi";34;"F4 LEMA";1.08695652173913;0.0869565217391304;1;2;1;1;0.0761883648139764;0.00439095325077644;1;0;0.0439983796182118;0.333333333333333;2
"2-Multi";35;"F5 CHFU";1.53333333333333;0.533333333333333;1;4;2;2;0.14050391180454;0.0229503841649675;0;0.0038889806804951;0.0441768016971851;0.333333333333333;4
"2-Multi";36;"F6 LEMA";2.04347826086957;1.04347826086957;1;4;2;2;0.116541358610361;0.00354941856342892;0.355417861403779;0;0.023719812640086;0.333333333333333;2
"2-Multi";37;"Andrena_cinerea";11.0785714285714;5.69761904761905;5.38095238095238;22;11;11;0.37064351860748;0.0514627658594971;0.177674400121876;0.0915801247730769;0.34969499275498;1;6
"2-Multi";38;"Chrysotoxum_sp.";1.2;0.2;1;2;1;1;0.0661805494228948;0.00187801523501704;0;0.0122875921231042;0.0356988122094182;0.333333333333333;2
"2-Multi";39;"Dilophus_sp.";8.52142857142857;5.28333333333333;3.23809523809524;20;10;10;0.409733779484762;0.0622057619526296;0.0791455490794009;0.0933616940012563;0.132071118074844;0.666666666666667;6
"2-Multi";40;"Diptera";7.27619047619048;4.03809523809524;3.23809523809524;10;5;5;0.361470364201483;1;9.63581904440749e-05;1.04407877397589e-05;1;0.666666666666667;2
"2-Multi";41;"Empididae";6.36666666666667;5.36666666666667;1;16;8;8;0.393445993486495;0.0989225298358161;0.00717386308274805;0;0.0536536522423812;0.333333333333333;4
"2-Multi";42;"Eupeodes_corollae";6.72619047619048;3.48809523809524;3.23809523809524;10;5;5;0.217862500459902;0.00428218227332357;0.00775353049789939;0.0108172927343981;0.0930046155660489;0.666666666666667;2
"2-Multi";43;"Meligethes_sp.";2.03730158730159;1.03730158730159;1;8;4;4;0.172323276161219;0.00782903427368067;0;0.0494797044327071;0.0216189547055245;0.333333333333333;6
"2-Multi";44;"Mordellidae";1.66666666666667;0.666666666666667;1;2;1;1;0.0960769530795346;0.00178991743735392;0;0.0331267921056688;0.0179471121750932;0.333333333333333;2
"2-Multi";45;"Nemotelus_sp.";2.61111111111111;1.61111111111111;1;6;3;3;0.131898481143571;0.00160588256539672;0;0.0086594457722101;0.0106267470078472;0.333333333333333;4
"2-Multi";46;"Odontomyia_sp.";2.11111111111111;1.11111111111111;1;6;3;3;0.117216159309641;0.00235448847655812;0;0.0439363997583874;0.0156374331864806;0.333333333333333;4
"2-Multi";47;"Psilothrix_viridicoerulea";15.5880952380952;12.35;3.23809523809524;40;20;20;1;0.129910475848171;0.703594625671899;1;0.124665354158536;0.666666666666667;6
"2-Multi";48;"Sphaerophoria_scripta";3.48333333333333;2.48333333333333;1;10;5;5;0.179769439668501;0.00691809899472237;0;0.094960276725292;0.023837776965891;0.333333333333333;6
"3-Multi";1;"A1 LEMA";1.3768115942029;0.376811594202899;1;4;2;2;0.0863238524783023;0.00278914287029001;0.521968199879194;0;0.0279159113068251;0.333333333333333;4
"3-Multi";2;"A2 CHFU";2.2;1.2;1;4;2;2;0.165116389774584;0.0290752442718952;0;0.0101562604480323;0.0484696509458313;0.333333333333333;2
"3-Multi";3;"A2 LEMA";2.36853002070393;1.36853002070393;1;8;4;4;0.210560070600045;0.0109690603586791;0.361168295917936;0;0.0241448637317364;0.333333333333333;4
"3-Multi";4;"A5 CHFU";1.5;0.5;1;2;1;1;0.0790892919919754;0.000813956783530347;0;0.000542002008300335;0.0380737266780339;0.333333333333333;2
"3-Multi";5;"A6 CHFU";1.5;0.5;1;2;1;1;0.0790892919919769;0.000813956783538013;0;0.000542002008300337;0.0380737266780339;0.333333333333333;2
"3-Multi";6;"B1 CHFU";1.5;0.5;1;4;2;2;0.158627602004894;0.026591500996807;0;0.0394475019911611;0.0470755469601344;0.333333333333333;4
"3-Multi";7;"B2 CHFU";1.1;0.1;1;2;1;1;0.0789809193342969;0.00748276758289767;0;0.000100296199239182;0.0405896512510888;0.333333333333333;2
"3-Multi";8;"B2 LEMA";1.39648033126294;0.39648033126294;1;6;3;3;0.108619393981026;0.0109931421756537;0.546235454693583;0;0.0522327798216463;0.333333333333333;6
"3-Multi";9;"B4 LEMA";1.33333333333333;0.333333333333333;1;2;1;1;0.0803140562911511;0.00660449984740295;0.0915801247730769;0;0.0723667241928823;0.333333333333333;2
"3-Multi";10;"B4 ME";2;1;1;2;1;1;0.0772169747905734;0.00500461868717281;0;0.0148845983853826;0.127949889063856;0.333333333333333;2
"3-Multi";11;"B5 CHFU";1.73333333333333;0.733333333333333;1;4;2;2;0.158735773236895;0.0270935824129339;0;0.0430355940739387;0.0506626974062308;0.333333333333333;4
"3-Multi";12;"B6 CHFU";1.43333333333333;0.433333333333333;1;4;2;2;0.109796501185459;0.0154676165820007;0;0.00378868448125595;0.0459703769202334;0.333333333333333;4
"3-Multi";13;"B6 LEMA";1.08695652173913;0.0869565217391304;1;2;1;1;0.0761883648139125;0.00439095325085688;0.999999999999999;0;0.0439983796182118;0.333333333333333;2
"3-Multi";14;"C1 LEMA";1.14285714285714;0.142857142857143;1;2;1;1;0.0646842640942386;0.0032999390011713;0.0933616940012563;0;0.0485676358572792;0.333333333333333;2
"3-Multi";15;"C2 CHFU";1.9;0.9;1;4;2;2;0.151667096440157;0.285231700428882;0;0.000111073500289515;0.309137157462513;0.333333333333333;2
"3-Multi";16;"C2 LEMA";2.39648033126294;1.39648033126294;1;8;4;4;0.137517872718626;0.0124137236695733;0.439445882179488;0;0.0471878759925252;0.333333333333333;6
"3-Multi";17;"C3 LEMA";1.04347826086957;0.0434782608695652;1;2;1;1;0.0622309367645198;0.00219547662545779;1;0;0.0439983796182118;0.333333333333333;2
"3-Multi";18;"C4 LEMA";1.68633540372671;0.686335403726708;1;8;4;4;0.137084669482012;0.00808808556062951;0.266196076531274;0;0.0337591543034527;0.333333333333333;6
"3-Multi";19;"C5 CHFU";1.2;0.2;1;2;1;1;0.0664450529916311;0.069437233211484;0;2.69432526260669e-06;0.376274034015369;0.333333333333333;2
"3-Multi";20;"C5 LEMA";1.16666666666667;0.166666666666667;1;2;1;1;0.0691816812895446;0.000872172850416982;0.094960276725292;0;0.018036342687854;0.333333333333333;2
"3-Multi";21;"C6 LEMA";1.14285714285714;0.142857142857143;1;2;1;1;0.0646842640942211;0.00329993900121707;0.0933616940012563;0;0.0485676358572792;0.333333333333333;2
"3-Multi";22;"D2 LEMA";1.04347826086957;0.0434782608695652;1;2;1;1;0.0622309367645642;0.00219547662536355;1;0;0.0439983796182118;0.333333333333333;2
"3-Multi";23;"D5 LEMA";1.66666666666667;0.666666666666667;1;4;2;2;0.100619331329006;0.000998577240021178;0.0262979227652989;0;0.00993835270457304;0.333333333333333;4
"3-Multi";24;"D6 CHFU";1.1;0.1;1;2;1;1;0.07898091933427;0.00748276758298885;0;0.000100296199239171;0.0405896512510888;0.333333333333333;2
"3-Multi";25;"E1 LEMA";1.70186335403727;0.701863354037267;1;6;3;3;0.156395172781273;0.0173322601903141;0.475652112348068;0;0.0420080041081335;0.333333333333333;6
"3-Multi";26;"E2 LEMA";1.21014492753623;0.210144927536232;1;4;2;2;0.0831391093389137;0.00306764947590951;0.547480138362646;0;0.0310173611530329;0.333333333333333;4
"3-Multi";27;"E4 LEMA";2.35300207039337;1.35300207039337;1;8;4;4;0.143929357270661;0.00552490765503258;0.288814318473099;0;0.0276717633242747;0.333333333333333;6
"3-Multi";28;"E5 CHFU";1.1;0.1;1;2;1;1;0.0789809193342668;0.00748276758296031;0;0.000100296199239177;0.0405896512510888;0.333333333333333;2
"3-Multi";29;"E5 LEMA";1.33333333333333;0.333333333333333;1;2;1;1;0.0765264156152929;0.000404910995160702;0.00865944577221042;0;0.00804326241370773;0.333333333333333;2
"3-Multi";30;"F1 LEMA";1.3768115942029;0.376811594202899;1;6;3;3;0.0991593831269199;0.00636989939952251;0.395513467166123;0;0.044800482166316;0.333333333333333;6
"3-Multi";31;"F2 LEMA";2;1;1;2;1;1;0.138728004950058;0.409240867844046;1.04407877400531e-05;0;0.380163008974774;0.333333333333333;2
"3-Multi";32;"F3 LEMA";1.04347826086957;0.0434782608695652;1;2;1;1;0.0622309367645356;0.00219547662543545;1;0;0.0439983796182118;0.333333333333333;2
"3-Multi";33;"F4 CHFU";1.2;0.2;1;2;1;1;0.0880968500504623;0.00955436670692127;0;0.019673602895961;0.0503184948146573;0.333333333333333;2
"3-Multi";34;"F4 LEMA";1.08695652173913;0.0869565217391304;1;2;1;1;0.0761883648139764;0.00439095325077644;1;0;0.0439983796182118;0.333333333333333;2
"3-Multi";35;"F5 CHFU";1.53333333333333;0.533333333333333;1;4;2;2;0.14050391180454;0.0229503841649675;0;0.0038889806804951;0.0441768016971851;0.333333333333333;4
"3-Multi";36;"F6 LEMA";2.04347826086957;1.04347826086957;1;4;2;2;0.116541358610361;0.00354941856342892;0.355417861403779;0;0.023719812640086;0.333333333333333;2
"3-Multi";37;"Andrena_cinerea";11.0785714285714;5.69761904761905;5.38095238095238;22;11;11;0.37064351860748;0.0514627658594971;0.177674400121876;0.0915801247730769;0.34969499275498;1;6
"3-Multi";38;"Chrysotoxum_sp.";1.2;0.2;1;2;1;1;0.0661805494228948;0.00187801523501704;0;0.0122875921231042;0.0356988122094182;0.333333333333333;2
"3-Multi";39;"Dilophus_sp.";8.52142857142857;5.28333333333333;3.23809523809524;20;10;10;0.409733779484762;0.0622057619526296;0.0791455490794009;0.0933616940012563;0.132071118074844;0.666666666666667;6
"3-Multi";40;"Diptera";7.27619047619048;4.03809523809524;3.23809523809524;10;5;5;0.361470364201483;1;9.63581904440749e-05;1.04407877397589e-05;1;0.666666666666667;2
"3-Multi";41;"Empididae";6.36666666666667;5.36666666666667;1;16;8;8;0.393445993486495;0.0989225298358161;0.00717386308274805;0;0.0536536522423812;0.333333333333333;4
"3-Multi";42;"Eupeodes_corollae";6.72619047619048;3.48809523809524;3.23809523809524;10;5;5;0.217862500459902;0.00428218227332357;0.00775353049789939;0.0108172927343981;0.0930046155660489;0.666666666666667;2
"3-Multi";43;"Meligethes_sp.";2.03730158730159;1.03730158730159;1;8;4;4;0.172323276161219;0.00782903427368067;0;0.0494797044327071;0.0216189547055245;0.333333333333333;6
"3-Multi";44;"Mordellidae";1.66666666666667;0.666666666666667;1;2;1;1;0.0960769530795346;0.00178991743735392;0;0.0331267921056688;0.0179471121750932;0.333333333333333;2
"3-Multi";45;"Nemotelus_sp.";2.61111111111111;1.61111111111111;1;6;3;3;0.131898481143571;0.00160588256539672;0;0.0086594457722101;0.0106267470078472;0.333333333333333;4
"3-Multi";46;"Odontomyia_sp.";2.11111111111111;1.11111111111111;1;6;3;3;0.117216159309641;0.00235448847655812;0;0.0439363997583874;0.0156374331864806;0.333333333333333;4
"3-Multi";47;"Psilothrix_viridicoerulea";15.5880952380952;12.35;3.23809523809524;40;20;20;1;0.129910475848171;0.703594625671899;1;0.124665354158536;0.666666666666667;6
"3-Multi";48;"Sphaerophoria_scripta";3.48333333333333;2.48333333333333;1;10;5;5;0.179769439668501;0.00691809899472237;0;0.094960276725292;0.023837776965891;0.333333333333333;6
"Aggr";1;"A1 LEMA";1.3768115942029;0.376811594202899;1;4;2;2;0.0757606685242809;0.0322057734399604;0.517992407474761;0;0.0950406358251818;0;4
"Aggr";2;"A2 CHFU";2.2;1.2;1;4;2;2;0.212092585193701;0.817118119511182;0.066203010661646;0;0.277991812623394;0;4
"Aggr";3;"A2 LEMA";2.36853002070393;1.36853002070393;1;8;4;4;0.247397258604483;0.128834270172947;0.356047068962795;0;0.0836605065368252;0;4
"Aggr";4;"A5 CHFU";1.5;0.5;1;2;1;1;0.0552385448286023;0.00880653156523622;0.0106713099163919;0;0.103655439989633;0;2
"Aggr";5;"A6 CHFU";1.5;0.5;1;2;1;1;0.0552385448288592;0.00880653156523627;0.0106713099163919;0;0.103655439989633;0;2
"Aggr";6;"B1 CHFU";1.5;0.5;1;4;2;2;0.24286473032465;0.29490737955562;0.689096240152386;0;0.124017932488966;0;4
"Aggr";7;"B2 CHFU";1.1;0.1;1;2;1;1;0.0728647303155026;0.0533156618334621;0.067288720457158;0;0.0617463059795052;0;2
"Aggr";8;"B2 LEMA";1.39648033126294;0.39648033126294;1;6;3;3;0.0984053760844143;0.206344392906397;0.543951204028438;0;0.292963204492343;0;6
"Aggr";9;"B4 LEMA";1.33333333333333;0.333333333333333;1;2;1;1;0.0530808020233211;0.236828931948086;0.0640315910706221;0;0.710482825911172;0;2
"Aggr";10;"B4 ME";2;1;1;2;1;1;0.112802765315973;0.710486795844258;0.0640315910706221;0;0.710482825911172;0;2
"Aggr";11;"B5 CHFU";1.73333333333333;0.733333333333333;1;4;2;2;0.24758308771874;0.324215023748731;0.70392440834771;0;0.153789997352733;0;4
"Aggr";12;"B6 CHFU";1.43333333333333;0.433333333333333;1;4;2;2;0.127227997650916;0.135938967860035;0.0895309727501432;0;0.106404403275157;0;4
"Aggr";13;"B6 LEMA";1.08695652173913;0.0869565217391304;1;2;1;1;0.0601763421189532;0.052519938635252;1;0;0.155153745743696;0;2
"Aggr";14;"C1 LEMA";1.14285714285714;0.142857142857143;1;2;1;1;0.0465183635182497;0.0354099882971022;0.111773225043128;0;0.151062500570808;0;2
"Aggr";15;"C2 CHFU";1.9;0.9;1;4;2;2;0.186679584934458;0.295288413777286;0.014904645103769;0;0.0684408003255752;0;2
"Aggr";16;"C2 LEMA";2.39648033126294;1.39648033126294;1;8;4;4;0.138097280439277;0.229515930476677;0.43719616317329;0;0.2606899201612;0;6
"Aggr";17;"C3 LEMA";1.04347826086957;0.0434782608695652;1;2;1;1;0.0416980812479045;0.026259969317626;1;0;0.155153745743696;0;2
"Aggr";18;"C4 LEMA";1.68633540372671;0.686335403726708;1;8;4;4;0.137316042771956;0.185103546871098;0.250703529763003;0;0.220803986548551;0;6
"Aggr";19;"C5 CHFU";1.2;0.2;1;2;1;1;0.0516735340311454;0.0604931879859558;0.0018086262654218;0;0.0701144239120927;0;2
"Aggr";20;"C5 LEMA";1.16666666666667;0.166666666666667;1;2;1;1;0.0517557448020857;0.01518735881875;0.0745147991801984;0;0.090468040568481;0;2
"Aggr";21;"C6 LEMA";1.14285714285714;0.142857142857143;1;2;1;1;0.0465183635195771;0.0354099882971025;0.111773225043128;0;0.151062500570808;0;2
"Aggr";22;"D2 LEMA";1.04347826086957;0.0434782608695652;1;2;1;1;0.0416980812479586;0.026259969317626;1;0;0.155153745743696;0;2
"Aggr";23;"D5 LEMA";1.66666666666667;0.666666666666667;1;4;2;2;0.0974999885929478;0.00983678645235246;0.0212988915645796;0;0.0288471008983139;0;4
"Aggr";24;"D6 CHFU";1.1;0.1;1;2;1;1;0.0728647303185649;0.0533156618334629;0.067288720457158;0;0.0617463059795052;0;2
"Aggr";25;"E1 LEMA";1.70186335403727;0.701863354037267;1;6;3;3;0.172165854268509;0.195064266786115;0.482253733501912;0;0.139442288413492;0;6
"Aggr";26;"E2 LEMA";1.21014492753623;0.210144927536232;1;4;2;2;0.0702340056741753;0.0414473281363763;0.537257399590099;0;0.122810893156089;0;4
"Aggr";27;"E4 LEMA";2.35300207039337;1.35300207039337;1;8;4;4;0.157887076426394;0.0691147852087778;0.281410642120147;0;0.101681126563184;0;6
"Aggr";28;"E5 CHFU";1.1;0.1;1;2;1;1;0.0728647303176063;0.0533156618334626;0.067288720457158;0;0.0617463059795052;0;2
"Aggr";29;"E5 LEMA";1.33333333333333;0.333333333333333;1;2;1;1;0.0634374013136451;0.00389098233001739;0.00661296817963685;0;0.0227666758899601;0;2
"Aggr";30;"F1 LEMA";1.3768115942029;0.376811594202899;1;6;3;3;0.085164496497721;0.159861794110419;0.37951546341694;0;0.318701537407783;0;6
"Aggr";31;"F2 LEMA";2;1;1;2;1;1;0.165488388651905;0.30246593992978;0.00180862626542181;0;0.0701144239120927;0;2
"Aggr";32;"F3 LEMA";1.04347826086957;0.0434782608695652;1;2;1;1;0.0416980812482201;0.0262599693176261;1;0;0.155153745743696;0;2
"Aggr";33;"F4 CHFU";1.2;0.2;1;2;1;1;0.108219820380269;0.120795858861079;1;0;0.155153745743696;0;2
"Aggr";34;"F4 LEMA";1.08695652173913;0.0869565217391304;1;2;1;1;0.0601763421162371;0.0525199386352514;1;0;0.155153745743696;0;2
"Aggr";35;"F5 CHFU";1.53333333333333;0.533333333333333;1;4;2;2;0.176872907591923;0.189254629693498;0.0821168886524815;0;0.0915183708432729;0;4
"Aggr";36;"F6 LEMA";2.04347826086957;1.04347826086957;1;4;2;2;0.118523977939791;0.039579599113783;0.3515149294875;0;0.0779549683208083;0;2
"Aggr";37;"Andrena_cinerea";6.31666666666667;3.31666666666667;3;14;7;7;0.316175099793678;1;0;0.0640315910706215;1;0;6
"Aggr";38;"Chrysotoxum_sp.";1.2;0.2;1;2;1;1;0.0466963580596844;0.0326136076079264;0;0.0101759997527012;0.18521802885164;0;2
"Aggr";39;"Dilophus_sp.";6.0452380952381;4.0452380952381;2;16;8;8;0.383740710654589;0.348873363346857;0;0.111773225043128;0.212616022040485;0;6
"Aggr";40;"Diptera";4.8;2.8;2;6;3;3;0.334749572413051;0.425716482978921;0;0.00180862626542176;0.0986816229481169;0;2
"Aggr";41;"Empididae";6.36666666666667;5.36666666666667;1;16;8;8;0.584057763963205;0.750410312272027;0;0.0672887204571582;0.0869034989019692;0;4
"Aggr";42;"Eupeodes_corollae";4.25;2.25;2;6;3;3;0.150676350337015;0.0247901343606845;0;0.0106713099163917;0.145890595285455;0;2
"Aggr";43;"Meligethes_sp.";2.03730158730159;1.03730158730159;1;8;4;4;0.194481591712805;0.0990599093539529;0;0.0404564593839982;0.0808526207654385;0;6
"Aggr";44;"Mordellidae";1.66666666666667;0.666666666666667;1;2;1;1;0.0903834078751903;0.0187471883700977;0;0.0272723942312499;0.0553885567375101;0;2
"Aggr";45;"Nemotelus_sp.";2.61111111111111;1.61111111111111;1;6;3;3;0.141944403290173;0.0164295058801003;0;0.00661296817963676;0.0320396786061607;0;4
"Aggr";46;"Odontomyia_sp.";2.11111111111111;1.11111111111111;1;6;3;3;0.12022089629322;0.02510590270128;0;0.0359848149495218;0.0491560721796305;0;4
"Aggr";47;"Psilothrix_viridicoerulea";13.1119047619048;11.1119047619048;2;36;18;18;1;0.850092215419281;0;1;0.218374448670901;0;6
"Aggr";48;"Sphaerophoria_scripta";3.48333333333333;2.48333333333333;1;10;5;5;0.201430054807511;0.12825594148336;0;0.0745147991801978;0.127329333663703;0;6
