"Layer";"Node";"Label";"Degree";"DegreeIn";"DegreeOut";"Strength";"StrengthIn";"StrengthOut";"PageRank";"Eigenvector";"Hub";"Authority";"Katz";"Multiplexity";"Kcore"
"1";1;"A1 CHFU";2;1;1;1.01754385964912;0.0175438596491228;1;0.0263305951131143;0.0175438596491228;1;0;0.017543696350972;0;2
"1";2;"A4 LEMA";0;0;0;0;0;0;0.01141831441136;0;3.32094587693824e-17;0;0;0;0
"1";3;"A5 CHFU";4;2;2;1.45614035087719;0.456140350877193;1;0.131581172968005;0.140350877192983;0.876494881457694;0;0.140349588608025;0;4
"1";4;"A5 LEMA";0;0;0;0;0;0;0.01141831441136;0;3.32094587693824e-17;0;0;0;0
"1";5;"A5 ME";0;0;0;0;0;0;0.01141831441136;0;3.32094587693824e-17;0;0;0;0
"1";6;"A6 LEMA";0;0;0;0;0;0;0.01141831441136;0;3.32094587693824e-17;0;0;0;0
"1";7;"A6 PUPA";0;0;0;0;0;0;0.01141831441136;0;3.32094587693824e-17;0;0;0;0
"1";8;"B1 CHFU";2;1;1;1.01754385964912;0.0175438596491228;1;0.0263305951131143;0.0175438596491228;1;0;0.017543696350972;0;2
"1";9;"B2 CHFU";4;2;2;2.05263157894737;1.05263157894737;1;0.0803792204622781;0.0701754385964915;0.752054579780279;0;0.0701754709097843;0;2
"1";10;"B3 CHFU";2;1;1;1.03508771929825;0.0350877192982456;1;0.0412428758148687;0.0350877192982456;1;0;0.0350873927019439;0;2
"1";11;"B3 LEMA";0;0;0;0;0;0;0.01141831441136;0;3.32094587693824e-17;0;0;0;0
"1";12;"B3 ME";0;0;0;0;0;0;0.01141831441136;0;3.32094587693824e-17;0;0;0;0
"1";13;"B4 CHFU";2;1;1;1.01754385964912;0.0175438596491228;1;0.0263305951131143;0.0175438596491228;1;0;0.017543696350972;0;2
"1";14;"B4 LEMA";0;0;0;0;0;0;0.01141831441136;0;3.32094587693824e-17;0;0;0;0
"1";15;"B4 PUPA";0;0;0;0;0;0;0.01141831441136;0;3.32094587693824e-17;0;0;0;0
"1";16;"B5 CHFU";2;1;1;1.03508771929825;0.0350877192982456;1;0.0412428758148687;0.0350877192982457;1;0;0.0350873927019439;0;2
"1";17;"B5 LEMA";0;0;0;0;0;0;0.01141831441136;0;3.32094587693824e-17;0;0;0;0
"1";18;"B5 ME";0;0;0;0;0;0;0.01141831441136;0;3.32094587693824e-17;0;0;0;0
"1";19;"B5 PUPA";0;0;0;0;0;0;0.01141831441136;0;3.32094587693824e-17;0;0;0;0
"1";20;"B6 CHFU";4;2;2;1.33771929824561;0.337719298245614;1;0.102254643051009;0.105263157894737;0.837742734247271;0;0.105262263726942;0;4
"1";21;"B6 LEMA";0;0;0;0;0;0;0.01141831441136;0;3.32094587693824e-17;0;0;0;0
"1";22;"C1 LEMA";0;0;0;0;0;0;0.01141831441136;0;3.32094587693824e-17;0;0;0;0
"1";23;"C2 CHFU";6;3;3;2.53508771929825;1.53508771929825;1;0.0987690854753303;0.0877192982456145;0.405500657241062;0;0.0877194872648505;0;4
"1";24;"C2 LEMA";0;0;0;0;0;0;0.01141831441136;0;3.32094587693824e-17;0;0;0;0
"1";25;"C2 PUPA";0;0;0;0;0;0;0.01141831441136;0;3.32094587693824e-17;0;0;0;0
"1";26;"C3 CHFU";6;3;3;1.95175438596491;0.951754385964912;1;0.0890715882344739;0.0877192982456141;0.410074901761348;1.38863660572661e-17;0.0877186029764681;0;4
"1";27;"C3 LEMA";0;0;0;0;0;0;0.01141831441136;0;3.32094587693824e-17;0;0;0;0
"1";28;"C3 PUPA";0;0;0;0;0;0;0.01141831441136;0;3.32094587693824e-17;0;0;0;0
"1";29;"C4 LEMA";0;0;0;0;0;0;0.01141831441136;0;3.32094587693824e-17;0;0;0;0
"1";30;"C4 PUPA";0;0;0;0;0;0;0.01141831441136;0;3.32094587693824e-17;0;0;0;0
"1";31;"C5 CHFU";2;1;1;1.01754385964912;0.0175438596491228;1;0.0263305951131143;0.0175438596491228;1;0;0.017543696350972;0;2
"1";32;"C5 LEMA";0;0;0;0;0;0;0.01141831441136;0;3.32094587693824e-17;0;0;0;0
"1";33;"C6 CHFU";2;1;1;1.05263157894737;0.0526315789473684;1;0.0561551565166231;0.0526315789473684;1;0;0.0526310890529159;0;2
"1";34;"C6 LEMA";0;0;0;0;0;0;0.01141831441136;0;3.32094587693824e-17;0;0;0;0
"1";35;"D1 CHFU";4;2;2;1.26754385964912;0.267543859649123;1;0.0426055202439916;0.0350877192982455;0.513228202741814;0;0.0350874783230541;0;4
"1";36;"D1 CHMI";0;0;0;0;0;0;0.01141831441136;0;3.32094587693824e-17;0;0;0;0
"1";37;"D1 LEMA";0;0;0;0;0;0;0.01141831441136;0;3.32094587693824e-17;0;0;0;0
"1";38;"D2 CHFU";4;2;2;1.53508771929825;0.535087719298246;1;0.0605192525233038;0.052631578947369;0.671107773488346;1.38863660572661e-17;0.0526314253065048;0;4
"1";39;"D2 LEMA";0;0;0;0;0;0;0.01141831441136;0;3.32094587693824e-17;0;0;0;0
"1";40;"D2 ME";0;0;0;0;0;0;0.01141831441136;0;3.32094587693824e-17;0;0;0;0
"1";41;"D2 PUPA";0;0;0;0;0;0;0.01141831441136;0;3.32094587693824e-17;0;0;0;0
"1";42;"D3 CHFU";2;1;1;1.01754385964912;0.0175438596491228;1;0.0263305951131143;0.0175438596491228;1;0;0.017543696350972;0;2
"1";43;"D3 CHMI";0;0;0;0;0;0;0.01141831441136;0;3.32094587693824e-17;0;0;0;0
"1";44;"D3 LEMA";0;0;0;0;0;0;0.01141831441136;0;3.32094587693824e-17;0;0;0;0
"1";45;"D3 PUPA";0;0;0;0;0;0;0.01141831441136;0;3.32094587693824e-17;0;0;0;0
"1";46;"D4 CHFU";2;1;1;1.01754385964912;0.0175438596491228;1;0.0263305951131143;0.0175438596491228;1;0;0.017543696350972;0;2
"1";47;"D4 LEMA";0;0;0;0;0;0;0.01141831441136;0;3.32094587693824e-17;0;0;0;0
"1";48;"D5 CHFU";2;1;1;1.01754385964912;0.0175438596491228;1;0.0263305951131143;0.0175438596491228;1;0;0.017543696350972;0;2
"1";49;"D5 LEMA";0;0;0;0;0;0;0.01141831441136;0;3.32094587693824e-17;0;0;0;0
"1";50;"D5 PUPA";0;0;0;0;0;0;0.01141831441136;0;3.32094587693824e-17;0;0;0;0
"1";51;"D6 CHFU";2;1;1;1.05263157894737;0.0526315789473684;1;0.0561551565166231;0.0526315789473684;1;0;0.0526310890529159;0;2
"1";52;"D6 LEMA";0;0;0;0;0;0;0.01141831441136;0;3.32094587693824e-17;0;0;0;0
"1";53;"E1 CHFU";2;1;1;1.01754385964912;0.0175438596491228;1;0.0263305951131143;0.0175438596491228;1;0;0.017543696350972;0;2
"1";54;"E1 LEMA";0;0;0;0;0;0;0.01141831441136;0;3.32094587693824e-17;0;0;0;0
"1";55;"E2 CHFU";4;2;2;2.05263157894737;1.05263157894737;1;0.0803792204622781;0.0701754385964913;0.752054579780279;0;0.0701754709097843;0;2
"1";56;"E2 LEMA";0;0;0;0;0;0;0.01141831441136;0;3.32094587693824e-17;0;0;0;0
"1";57;"E2 ME";0;0;0;0;0;0;0.01141831441136;0;3.32094587693824e-17;0;0;0;0
"1";58;"E3 CHFU";2;1;1;1.03508771929825;0.0350877192982456;1;0.0412428758148687;0.0350877192982456;1;0;0.0350873927019439;0;2
"1";59;"E3 LEMA";0;0;0;0;0;0;0.01141831441136;0;3.32094587693824e-17;0;0;0;0
"1";60;"E3 PUPA";0;0;0;0;0;0;0.01141831441136;0;3.32094587693824e-17;0;0;0;0
"1";61;"E4 CHFU";2;1;1;1.03508771929825;0.0350877192982456;1;0.0412428758148687;0.0350877192982456;1;0;0.0350873927019439;0;2
"1";62;"E4 LEMA";0;0;0;0;0;0;0.01141831441136;0;3.32094587693824e-17;0;0;0;0
"1";63;"E4 PUPA";0;0;0;0;0;0;0.01141831441136;0;3.32094587693824e-17;0;0;0;0
"1";64;"E5 CHFU";2;1;1;1.01754385964912;0.0175438596491228;1;0.0263305951131143;0.0175438596491228;1;0;0.017543696350972;0;2
"1";65;"E6 CHFU";2;1;1;2;1;1;0.0761220960757331;0.0691997962337174;3.32094587693824e-17;0;0.0692005402030569;0;2
"1";66;"E6 LEMA";0;0;0;0;0;0;0.01141831441136;0;3.32094587693824e-17;0;0;0;0
"1";67;"E6 PUPA";0;0;0;0;0;0;0.01141831441136;0;3.32094587693824e-17;0;0;0;0
"1";68;"F1 CHFU";2;1;1;1.03508771929825;0.0350877192982456;1;0.0412428758148687;0.0350877192982456;1;0;0.0350873927019439;0;2
"1";69;"F2 CHFU";6;3;3;2.28508771929825;1.28508771929825;1;0.0820422495138391;0.0701754385964914;0.508001940156349;2.77727321145323e-17;0.0701755850705034;0;4
"1";70;"F2 LEMA";0;0;0;0;0;0;0.01141831441136;0;3.32094587693824e-17;0;0;0;0
"1";71;"F3 CHFU";2;1;1;1.01754385964912;0.0175438596491228;1;0.0263305951131143;0.0175438596491228;1;0;0.017543696350972;0;2
"1";72;"F3 LEMA";0;0;0;0;0;0;0.01141831441136;0;3.32094587693824e-17;0;0;0;0
"1";73;"F3 PUPA";0;0;0;0;0;0;0.01141831441136;0;3.32094587693824e-17;0;0;0;0
"1";74;"F4 CHFU";2;1;1;1.05263157894737;0.0526315789473684;1;0.0561551565166231;0.0526315789473684;1;0;0.0526310890529159;0;2
"1";75;"F4 CHMI";0;0;0;0;0;0;0.01141831441136;0;3.32094587693824e-17;0;0;0;0
"1";76;"F4 LEMA";0;0;0;0;0;0;0.01141831441136;0;3.32094587693824e-17;0;0;0;0
"1";77;"F4 PUPA";0;0;0;0;0;0;0.01141831441136;0;3.32094587693824e-17;0;0;0;0
"1";78;"F5 CHFU";2;1;1;1.01754385964912;0.0175438596491228;1;0.0263305951131143;0.0175438596491228;1;0;0.017543696350972;0;2
"1";79;"F5 CHMI";0;0;0;0;0;0;0.01141831441136;0;3.32094587693824e-17;0;0;0;0
"1";80;"F6 PUPA";0;0;0;0;0;0;0.01141831441136;0;3.32094587693824e-17;0;0;0;0
"1";81;"Andrena_cinerea";2;1;1;1.4;0.4;1;0.0449998034729723;0.0350877192982457;9.96283763081473e-17;0.00708998287013584;0.035087720830152;0;2
"1";82;"Bombyliidae";0;0;0;0;0;0;0.01141831441136;0;3.32094587693824e-17;0;0;0;0
"1";83;"Coleoptera";0;0;0;0;0;0;0.01141831441136;0;3.32094587693824e-17;0;0;0;0
"1";84;"Colias_croceus";0;0;0;0;0;0;0.01141831441136;0;3.32094587693824e-17;0;0;0;0
"1";85;"Curculionidae";0;0;0;0;0;0;0.01141831441136;0;3.32094587693824e-17;0;0;0;0
"1";86;"Dilophus_sp.";56;28;28;25.675;24.675;1;1;1;1.06270268062024e-15;1;1;0;4
"1";87;"Diptera";2;1;1;1.25;0.25;1;0.0284988987595941;0.0175438596491229;6.64189175387648e-17;0.00821831912111979;0.0175438652901193;0;2
"1";88;"Empididae";8;4;4;2.11666666666667;1.11666666666667;1;0.0765878829688341;0.0701754385964902;1.3283783507753e-16;0.026456405483628;0.0701751376343027;0;4
"1";89;"Eucera_sp.";0;0;0;0;0;0;0.01141831441136;0;3.32094587693824e-17;0;0;0;0
"1";90;"Eupeodes_corollae";2;1;1;1.25;0.25;1;0.0284988987595941;0.0175438596491232;6.64189175387648e-17;0.00821831912111979;0.0175438652901193;0;2
"1";91;"Lasiocampa_trifolii";0;0;0;0;0;0;0.01141831441136;0;3.32094587693824e-17;0;0;0;0
"1";92;"Malachius_bipustulatus";0;0;0;0;0;0;0.01141831441136;0;3.32094587693824e-17;0;0;0;0
"1";93;"Melanostoma_sp.";0;0;0;0;0;0;0.01141831441136;0;3.32094587693824e-17;0;0;0;0
"1";94;"Mordellidae";0;0;0;0;0;0;0.01141831441136;0;3.32094587693824e-17;0;0;0;0
"1";95;"Musca_sp.";4;2;2;1.53333333333333;0.533333333333333;1;0.0453561804904355;0.0350877192982457;1.99256752616295e-16;0.0133233204650394;0.0350877240809606;0;4
"1";96;"Odontomyia_sp.";2;1;1;2;1;1;0.0761220960757331;0.0691997962337173;3.32094587693824e-17;0;0.0692005402030569;0;2
"1";97;"Psilothrix_viridicoerulea";0;0;0;0;0;0;0.01141831441136;0;3.32094587693824e-17;0;0;0;0
"1";98;"Scaeva_sp.";2;1;1;1.25;0.25;1;0.0288522924330508;0.0175438596491226;6.64189175387648e-17;0.00555135514176727;0.0175438938300137;0;2
"1";99;"Sphaerophoria_scripta";0;0;0;0;0;0;0.01141831441136;0;3.32094587693824e-17;0;0;0;0
"1";100;"Ulidiidae";4;2;2;1.525;0.525;1;0.0556831540389316;0.0526315789473681;6.64189175387648e-17;0.0119590516615562;0.0526309767580288;0;4
"2";1;"A1 CHFU";0;0;0;0;0;0;0.0766284261774753;1.99220574584516e-17;2.18872790375637e-17;0;0;0;0
"2";2;"A4 LEMA";0;0;0;0;0;0;0.0766284261774753;1.99220574584516e-17;2.18872790375637e-17;0;0;0;0
"2";3;"A5 CHFU";0;0;0;0;0;0;0.0766284261774753;1.99220574584516e-17;2.18872790375637e-17;0;0;0;0
"2";4;"A5 LEMA";0;0;0;0;0;0;0.0766284261774753;1.99220574584516e-17;2.18872790375637e-17;0;0;0;0
"2";5;"A5 ME";0;0;0;0;0;0;0.0766284261774753;1.99220574584516e-17;2.18872790375637e-17;0;0;0;0
"2";6;"A6 LEMA";0;0;0;0;0;0;0.0766284261774753;1.99220574584516e-17;2.18872790375637e-17;0;0;0;0
"2";7;"A6 PUPA";0;0;0;0;0;0;0.0766284261774753;1.99220574584516e-17;2.18872790375637e-17;0;0;0;0
"2";8;"B1 CHFU";0;0;0;0;0;0;0.0766284261774753;1.99220574584516e-17;2.18872790375637e-17;0;0;0;0
"2";9;"B2 CHFU";0;0;0;0;0;0;0.0766284261774753;1.99220574584516e-17;2.18872790375637e-17;0;0;0;0
"2";10;"B3 CHFU";0;0;0;0;0;0;0.0766284261774753;1.99220574584516e-17;2.18872790375637e-17;0;0;0;0
"2";11;"B3 LEMA";0;0;0;0;0;0;0.0766284261774753;1.99220574584516e-17;2.18872790375637e-17;0;0;0;0
"2";12;"B3 ME";0;0;0;0;0;0;0.0766284261774753;1.99220574584516e-17;2.18872790375637e-17;0;0;0;0
"2";13;"B4 CHFU";0;0;0;0;0;0;0.0766284261774753;1.99220574584516e-17;2.18872790375637e-17;0;0;0;0
"2";14;"B4 LEMA";0;0;0;0;0;0;0.0766284261774753;1.99220574584516e-17;2.18872790375637e-17;0;0;0;0
"2";15;"B4 PUPA";0;0;0;0;0;0;0.0766284261774753;1.99220574584516e-17;2.18872790375637e-17;0;0;0;0
"2";16;"B5 CHFU";0;0;0;0;0;0;0.0766284261774753;1.99220574584516e-17;2.18872790375637e-17;0;0;0;0
"2";17;"B5 LEMA";0;0;0;0;0;0;0.0766284261774753;1.99220574584516e-17;2.18872790375637e-17;0;0;0;0
"2";18;"B5 ME";0;0;0;0;0;0;0.0766284261774753;1.99220574584516e-17;2.18872790375637e-17;0;0;0;0
"2";19;"B5 PUPA";0;0;0;0;0;0;0.0766284261774753;1.99220574584516e-17;2.18872790375637e-17;0;0;0;0
"2";20;"B6 CHFU";0;0;0;0;0;0;0.0766284261774753;1.99220574584516e-17;2.18872790375637e-17;0;0;0;0
"2";21;"B6 LEMA";0;0;0;0;0;0;0.0766284261774753;1.99220574584516e-17;2.18872790375637e-17;0;0;0;0
"2";22;"C1 LEMA";0;0;0;0;0;0;0.0766284261774753;1.99220574584516e-17;2.18872790375637e-17;0;0;0;0
"2";23;"C2 CHFU";0;0;0;0;0;0;0.0766284261774753;1.99220574584516e-17;2.18872790375637e-17;0;0;0;0
"2";24;"C2 LEMA";0;0;0;0;0;0;0.0766284261774753;1.99220574584516e-17;2.18872790375637e-17;0;0;0;0
"2";25;"C2 PUPA";0;0;0;0;0;0;0.0766284261774753;1.99220574584516e-17;2.18872790375637e-17;0;0;0;0
"2";26;"C3 CHFU";0;0;0;0;0;0;0.0766284261774753;1.99220574584516e-17;2.18872790375637e-17;0;0;0;0
"2";27;"C3 LEMA";0;0;0;0;0;0;0.0766284261774753;1.99220574584516e-17;2.18872790375637e-17;0;0;0;0
"2";28;"C3 PUPA";0;0;0;0;0;0;0.0766284261774753;1.99220574584516e-17;2.18872790375637e-17;0;0;0;0
"2";29;"C4 LEMA";0;0;0;0;0;0;0.0766284261774753;1.99220574584516e-17;2.18872790375637e-17;0;0;0;0
"2";30;"C4 PUPA";0;0;0;0;0;0;0.0766284261774753;1.99220574584516e-17;2.18872790375637e-17;0;0;0;0
"2";31;"C5 CHFU";0;0;0;0;0;0;0.0766284261774753;1.99220574584516e-17;2.18872790375637e-17;0;0;0;0
"2";32;"C5 LEMA";0;0;0;0;0;0;0.0766284261774753;1.99220574584516e-17;2.18872790375637e-17;0;0;0;0
"2";33;"C6 CHFU";0;0;0;0;0;0;0.0766284261774753;1.99220574584516e-17;2.18872790375637e-17;0;0;0;0
"2";34;"C6 LEMA";0;0;0;0;0;0;0.0766284261774753;1.99220574584516e-17;2.18872790375637e-17;0;0;0;0
"2";35;"D1 CHFU";0;0;0;0;0;0;0.0766284261774753;1.99220574584516e-17;2.18872790375637e-17;0;0;0;0
"2";36;"D1 CHMI";2;1;1;1.4;0.4;1;0.416628426177475;0.4;1;0;0.293335017024024;0;2
"2";37;"D1 LEMA";0;0;0;0;0;0;0.0766284261774753;1.99220574584516e-17;2.18872790375637e-17;0;0;0;0
"2";38;"D2 CHFU";0;0;0;0;0;0;0.0766284261774753;1.99220574584516e-17;2.18872790375637e-17;0;0;0;0
"2";39;"D2 LEMA";0;0;0;0;0;0;0.0766284261774753;1.99220574584516e-17;2.18872790375637e-17;0;0;0;0
"2";40;"D2 ME";0;0;0;0;0;0;0.0766284261774753;1.99220574584516e-17;2.18872790375637e-17;0;0;0;0
"2";41;"D2 PUPA";0;0;0;0;0;0;0.0766284261774753;1.99220574584516e-17;2.18872790375637e-17;0;0;0;0
"2";42;"D3 CHFU";0;0;0;0;0;0;0.0766284261774753;1.99220574584516e-17;2.18872790375637e-17;0;0;0;0
"2";43;"D3 CHMI";2;1;1;2;1;1;0.510856174516502;0.479980340367604;2.62647348450765e-16;0;0.441862822821531;0;2
"2";44;"D3 LEMA";0;0;0;0;0;0;0.0766284261774753;1.99220574584516e-17;2.18872790375637e-17;0;0;0;0
"2";45;"D3 PUPA";0;0;0;0;0;0;0.0766284261774753;1.99220574584516e-17;2.18872790375637e-17;0;0;0;0
"2";46;"D4 CHFU";0;0;0;0;0;0;0.0766284261774753;1.99220574584516e-17;2.18872790375637e-17;0;0;0;0
"2";47;"D4 LEMA";0;0;0;0;0;0;0.0766284261774753;1.99220574584516e-17;2.18872790375637e-17;0;0;0;0
"2";48;"D5 CHFU";0;0;0;0;0;0;0.0766284261774753;1.99220574584516e-17;2.18872790375637e-17;0;0;0;0
"2";49;"D5 LEMA";0;0;0;0;0;0;0.0766284261774753;1.99220574584516e-17;2.18872790375637e-17;0;0;0;0
"2";50;"D5 PUPA";0;0;0;0;0;0;0.0766284261774753;1.99220574584516e-17;2.18872790375637e-17;0;0;0;0
"2";51;"D6 CHFU";0;0;0;0;0;0;0.0766284261774753;1.99220574584516e-17;2.18872790375637e-17;0;0;0;0
"2";52;"D6 LEMA";0;0;0;0;0;0;0.0766284261774753;1.99220574584516e-17;2.18872790375637e-17;0;0;0;0
"2";53;"E1 CHFU";0;0;0;0;0;0;0.0766284261774753;1.99220574584516e-17;2.18872790375637e-17;0;0;0;0
"2";54;"E1 LEMA";0;0;0;0;0;0;0.0766284261774753;1.99220574584516e-17;2.18872790375637e-17;0;0;0;0
"2";55;"E2 CHFU";0;0;0;0;0;0;0.0766284261774753;1.99220574584516e-17;2.18872790375637e-17;0;0;0;0
"2";56;"E2 LEMA";0;0;0;0;0;0;0.0766284261774753;1.99220574584516e-17;2.18872790375637e-17;0;0;0;0
"2";57;"E2 ME";0;0;0;0;0;0;0.0766284261774753;1.99220574584516e-17;2.18872790375637e-17;0;0;0;0
"2";58;"E3 CHFU";0;0;0;0;0;0;0.0766284261774753;1.99220574584516e-17;2.18872790375637e-17;0;0;0;0
"2";59;"E3 LEMA";0;0;0;0;0;0;0.0766284261774753;1.99220574584516e-17;2.18872790375637e-17;0;0;0;0
"2";60;"E3 PUPA";0;0;0;0;0;0;0.0766284261774753;1.99220574584516e-17;2.18872790375637e-17;0;0;0;0
"2";61;"E4 CHFU";0;0;0;0;0;0;0.0766284261774753;1.99220574584516e-17;2.18872790375637e-17;0;0;0;0
"2";62;"E4 LEMA";0;0;0;0;0;0;0.0766284261774753;1.99220574584516e-17;2.18872790375637e-17;0;0;0;0
"2";63;"E4 PUPA";0;0;0;0;0;0;0.0766284261774753;1.99220574584516e-17;2.18872790375637e-17;0;0;0;0
"2";64;"E5 CHFU";0;0;0;0;0;0;0.0766284261774753;1.99220574584516e-17;2.18872790375637e-17;0;0;0;0
"2";65;"E6 CHFU";0;0;0;0;0;0;0.0766284261774753;1.99220574584516e-17;2.18872790375637e-17;0;0;0;0
"2";66;"E6 LEMA";0;0;0;0;0;0;0.0766284261774753;1.99220574584516e-17;2.18872790375637e-17;0;0;0;0
"2";67;"E6 PUPA";0;0;0;0;0;0;0.0766284261774753;1.99220574584516e-17;2.18872790375637e-17;0;0;0;0
"2";68;"F1 CHFU";0;0;0;0;0;0;0.0766284261774753;1.99220574584516e-17;2.18872790375637e-17;0;0;0;0
"2";69;"F2 CHFU";0;0;0;0;0;0;0.0766284261774753;1.99220574584516e-17;2.18872790375637e-17;0;0;0;0
"2";70;"F2 LEMA";0;0;0;0;0;0;0.0766284261774753;1.99220574584516e-17;2.18872790375637e-17;0;0;0;0
"2";71;"F3 CHFU";0;0;0;0;0;0;0.0766284261774753;1.99220574584516e-17;2.18872790375637e-17;0;0;0;0
"2";72;"F3 LEMA";0;0;0;0;0;0;0.0766284261774753;1.99220574584516e-17;2.18872790375637e-17;0;0;0;0
"2";73;"F3 PUPA";0;0;0;0;0;0;0.0766284261774753;1.99220574584516e-17;2.18872790375637e-17;0;0;0;0
"2";74;"F4 CHFU";0;0;0;0;0;0;0.0766284261774753;1.99220574584516e-17;2.18872790375637e-17;0;0;0;0
"2";75;"F4 CHMI";4;2;2;2.4;1.4;1;0.634593969389676;0.6;0.698129860535996;0;0.595312149064989;0;2
"2";76;"F4 LEMA";0;0;0;0;0;0;0.0766284261774753;1.99220574584516e-17;2.18872790375637e-17;0;0;0;0
"2";77;"F4 PUPA";0;0;0;0;0;0;0.0766284261774753;1.99220574584516e-17;2.18872790375637e-17;0;0;0;0
"2";78;"F5 CHFU";0;0;0;0;0;0;0.0766284261774753;1.99220574584516e-17;2.18872790375637e-17;0;0;0;0
"2";79;"F5 CHMI";2;1;1;1.2;0.2;1;0.246628426177475;0.2;1;0;0.146667508512012;0;2
"2";80;"F6 PUPA";0;0;0;0;0;0;0.0766284261774753;1.99220574584516e-17;2.18872790375637e-17;0;0;0;0
"2";81;"Andrena_cinerea";0;0;0;0;0;0;0.0766284261774753;1.99220574584516e-17;2.18872790375637e-17;0;0;0;0
"2";82;"Bombyliidae";0;0;0;0;0;0;0.0766284261774753;1.99220574584516e-17;2.18872790375637e-17;0;0;0;0
"2";83;"Coleoptera";0;0;0;0;0;0;0.0766284261774753;1.99220574584516e-17;2.18872790375637e-17;0;0;0;0
"2";84;"Colias_croceus";0;0;0;0;0;0;0.0766284261774753;1.99220574584516e-17;2.18872790375637e-17;0;0;0;0
"2";85;"Curculionidae";0;0;0;0;0;0;0.0766284261774753;1.99220574584516e-17;2.18872790375637e-17;0;0;0;0
"2";86;"Dilophus_sp.";2;1;1;2;1;1;0.510856174516502;0.479980340367603;2.62647348450765e-16;0;0.441862822821531;0;2
"2";87;"Diptera";0;0;0;0;0;0;0.0766284261774753;1.99220574584516e-17;2.18872790375637e-17;0;0;0;0
"2";88;"Empididae";0;0;0;0;0;0;0.0766284261774753;1.99220574584516e-17;2.18872790375637e-17;0;0;0;0
"2";89;"Eucera_sp.";0;0;0;0;0;0;0.0766284261774753;1.99220574584516e-17;2.18872790375637e-17;0;0;0;0
"2";90;"Eupeodes_corollae";0;0;0;0;0;0;0.0766284261774753;1.99220574584516e-17;2.18872790375637e-17;0;0;0;0
"2";91;"Lasiocampa_trifolii";0;0;0;0;0;0;0.0766284261774753;1.99220574584516e-17;2.18872790375637e-17;0;0;0;0
"2";92;"Malachius_bipustulatus";0;0;0;0;0;0;0.0766284261774753;1.99220574584516e-17;2.18872790375637e-17;0;0;0;0
"2";93;"Melanostoma_sp.";0;0;0;0;0;0;0.0766284261774753;1.99220574584516e-17;2.18872790375637e-17;0;0;0;0
"2";94;"Mordellidae";6;3;3;3.66666666666667;2.66666666666667;1;1;1;6.12843813051784e-16;1;1;0;2
"2";95;"Musca_sp.";0;0;0;0;0;0;0.0766284261774753;1.99220574584516e-17;2.18872790375637e-17;0;0;0;0
"2";96;"Odontomyia_sp.";0;0;0;0;0;0;0.0766284261774753;1.99220574584516e-17;2.18872790375637e-17;0;0;0;0
"2";97;"Psilothrix_viridicoerulea";2;1;1;1.33333333333333;0.333333333333333;1;0.256430050837884;0.2;5.69069254976657e-16;0.0943895816079875;0.173999439506629;0;2
"2";98;"Scaeva_sp.";0;0;0;0;0;0;0.0766284261774753;1.99220574584516e-17;2.18872790375637e-17;0;0;0;0
"2";99;"Sphaerophoria_scripta";0;0;0;0;0;0;0.0766284261774753;1.99220574584516e-17;2.18872790375637e-17;0;0;0;0
"2";100;"Ulidiidae";0;0;0;0;0;0;0.0766284261774753;1.99220574584516e-17;2.18872790375637e-17;0;0;0;0
"3";1;"A1 CHFU";0;0;0;0;0;0;0.0373720863582097;0;3.5778461146595e-17;0;0;0;0
"3";2;"A4 LEMA";4;2;2;1.16993464052288;0.169934640522876;1;0.173463633499001;0.166666666666667;0.80537414661515;0;0.166664624960298;0;4
"3";3;"A5 CHFU";0;0;0;0;0;0;0.0373720863582097;0;3.5778461146595e-17;0;0;0;0
"3";4;"A5 LEMA";4;2;2;2.05555555555556;1.05555555555556;1;0.182169208586944;0.111111111111111;0.525006352889726;0;0.111115134401231;0;2
"3";5;"A5 ME";0;0;0;0;0;0;0.0373720863582097;0;3.5778461146595e-17;0;0;0;0
"3";6;"A6 LEMA";2;1;1;1.1;0.1;1;0.0907424715928796;0.0555555555555556;0.165294971067169;0;0.0555560901396919;0;2
"3";7;"A6 PUPA";0;0;0;0;0;0;0.0373720863582097;0;3.5778461146595e-17;0;0;0;0
"3";8;"B1 CHFU";0;0;0;0;0;0;0.0373720863582097;0;3.5778461146595e-17;0;0;0;0
"3";9;"B2 CHFU";0;0;0;0;0;0;0.0373720863582097;0;3.5778461146595e-17;0;0;0;0
"3";10;"B3 CHFU";0;0;0;0;0;0;0.0373720863582097;0;3.5778461146595e-17;0;0;0;0
"3";11;"B3 LEMA";4;2;2;1.13025210084034;0.130252100840336;1;0.121463128972794;0.111111111111111;0.29185214334019;0;0.11110895010124;0;4
"3";12;"B3 ME";0;0;0;0;0;0;0.0373720863582097;0;3.5778461146595e-17;0;0;0;0
"3";13;"B4 CHFU";0;0;0;0;0;0;0.0373720863582097;0;3.5778461146595e-17;0;0;0;0
"3";14;"B4 LEMA";2;1;1;1.28571428571429;0.285714285714286;1;0.207147846031161;0.222222222222222;0.16758184683493;0;0.222218351523259;0;2
"3";15;"B4 PUPA";0;0;0;0;0;0;0.0373720863582097;0;3.5778461146595e-17;0;0;0;0
"3";16;"B5 CHFU";0;0;0;0;0;0;0.0373720863582097;0;3.5778461146595e-17;0;0;0;0
"3";17;"B5 LEMA";6;3;3;1.35396825396825;0.353968253968254;1;0.2700747958738;0.277777777777778;0.500091732947406;0;0.277775528641195;0;4
"3";18;"B5 ME";0;0;0;0;0;0;0.0373720863582097;0;3.5778461146595e-17;0;0;0;0
"3";19;"B5 PUPA";0;0;0;0;0;0;0.0373720863582097;0;3.5778461146595e-17;0;0;0;0
"3";20;"B6 CHFU";0;0;0;0;0;0;0.0373720863582097;0;3.5778461146595e-17;0;0;0;0
"3";21;"B6 LEMA";4;2;2;1.22875816993464;0.228758169934641;1;0.215110736195347;0.222222222222222;0.708061219922725;0;0.222218987180723;0;4
"3";22;"C1 LEMA";6;3;3;2.31111111111111;1.31111111111111;1;0.356079351933882;0.333333333333334;0.396832255836613;0;0.333335060500845;0;4
"3";23;"C2 CHFU";0;0;0;0;0;0;0.0373720863582097;0;3.5778461146595e-17;0;0;0;0
"3";24;"C2 LEMA";8;4;4;2.27320261437908;1.27320261437909;1;0.295762913632114;0.277777777777778;0.402575957854734;0;0.277777090541969;0;4
"3";25;"C2 PUPA";0;0;0;0;0;0;0.0373720863582097;0;3.5778461146595e-17;0;0;0;0
"3";26;"C3 CHFU";0;0;0;0;0;0;0.0373720863582097;0;3.5778461146595e-17;0;0;0;0
"3";27;"C3 LEMA";4;2;2;1.31932773109244;0.319327731092437;1;0.247201274283725;0.277777777777778;0.316706202641242;0;0.277772262422904;0;4
"3";28;"C3 PUPA";0;0;0;0;0;0;0.0373720863582097;0;3.5778461146595e-17;0;0;0;0
"3";29;"C4 LEMA";8;4;4;1.41199813258637;0.411998132586368;1;0.293136703453396;0.333333333333333;0.347826730770378;0;0.333327112073833;0;4
"3";30;"C4 PUPA";0;0;0;0;0;0;0.0373720863582097;0;3.5778461146595e-17;0;0;0;0
"3";31;"C5 CHFU";0;0;0;0;0;0;0.0373720863582097;0;3.5778461146595e-17;0;0;0;0
"3";32;"C5 LEMA";2;1;1;1.11111111111111;0.111111111111111;1;0.131816530802654;0.111111111111111;1;0;0.111110262739873;0;2
"3";33;"C6 CHFU";0;0;0;0;0;0;0.0373720863582097;0;3.5778461146595e-17;0;0;0;0
"3";34;"C6 LEMA";2;1;1;1.08333333333333;0.0833333333333333;1;0.0769355587801133;0.0555555555555555;0.168092404272024;0;0.0555538548410276;0;2
"3";35;"D1 CHFU";0;0;0;0;0;0;0.0373720863582097;0;3.5778461146595e-17;0;0;0;0
"3";36;"D1 CHMI";0;0;0;0;0;0;0.0373720863582097;0;3.5778461146595e-17;0;0;0;0
"3";37;"D1 LEMA";2;1;1;1.05555555555556;0.0555555555555556;1;0.0845943085804319;0.0555555555555556;1;0;0.0555551313699367;0;2
"3";38;"D2 CHFU";0;0;0;0;0;0;0.0373720863582097;0;3.5778461146595e-17;0;0;0;0
"3";39;"D2 LEMA";4;2;2;1.15882352941176;0.158823529411765;1;0.132389574289226;0.111111111111111;0.29070870545631;0;0.111110452360117;0;4
"3";40;"D2 ME";0;0;0;0;0;0;0.0373720863582097;0;3.5778461146595e-17;0;0;0;0
"3";41;"D2 PUPA";0;0;0;0;0;0;0.0373720863582097;0;3.5778461146595e-17;0;0;0;0
"3";42;"D3 CHFU";0;0;0;0;0;0;0.0373720863582097;0;3.5778461146595e-17;0;0;0;0
"3";43;"D3 CHMI";0;0;0;0;0;0;0.0373720863582097;0;3.5778461146595e-17;0;0;0;0
"3";44;"D3 LEMA";2;1;1;1.05555555555556;0.0555555555555556;1;0.0845943085804319;0.0555555555555556;1;0;0.0555551313699367;0;2
"3";45;"D3 PUPA";0;0;0;0;0;0;0.0373720863582097;0;3.5778461146595e-17;0;0;0;0
"3";46;"D4 CHFU";0;0;0;0;0;0;0.0373720863582097;0;3.5778461146595e-17;0;0;0;0
"3";47;"D4 LEMA";4;2;2;2.1;1.1;1;0.19179451271602;0.111111111111111;0.0867809099109874;0;0.111117051902392;0;2
"3";48;"D5 CHFU";0;0;0;0;0;0;0.0373720863582097;0;3.5778461146595e-17;0;0;0;0
"3";49;"D5 LEMA";6;3;3;1.55555555555556;0.555555555555556;1;0.256786382326797;0.277777777777778;0.316224577707351;0;0.277772348542207;0;4
"3";50;"D5 PUPA";0;0;0;0;0;0;0.0373720863582097;0;3.5778461146595e-17;0;0;0;0
"3";51;"D6 CHFU";0;0;0;0;0;0;0.0373720863582097;0;3.5778461146595e-17;0;0;0;0
"3";52;"D6 LEMA";4;2;2;1.6;0.6;1;0.197745784554189;0.166666666666667;0.106328774169513;0;0.166667395438066;0;4
"3";53;"E1 CHFU";0;0;0;0;0;0;0.0373720863582097;0;3.5778461146595e-17;0;0;0;0
"3";54;"E1 LEMA";2;1;1;1.11764705882353;0.117647058823529;1;0.120666291750903;0.111111111111111;0.416122439845449;0;0.11110872444085;0;2
"3";55;"E2 CHFU";0;0;0;0;0;0;0.0373720863582097;0;3.5778461146595e-17;0;0;0;0
"3";56;"E2 LEMA";2;1;1;1.17647058823529;0.176470588235294;1;0.162313394447249;0.166666666666667;0.416122439845449;0;0.166663086661275;0;2
"3";57;"E2 ME";0;0;0;0;0;0;0.0373720863582097;0;3.5778461146595e-17;0;0;0;0
"3";58;"E3 CHFU";0;0;0;0;0;0;0.0373720863582097;0;3.5778461146595e-17;0;0;0;0
"3";59;"E3 LEMA";4;2;2;1.30555555555556;0.305555555555556;1;0.138095965061087;0.111111111111111;0.538422837860343;0;0.111110784019124;0;4
"3";60;"E3 PUPA";0;0;0;0;0;0;0.0373720863582097;0;3.5778461146595e-17;0;0;0;0
"3";61;"E4 CHFU";0;0;0;0;0;0;0.0373720863582097;0;3.5778461146595e-17;0;0;0;0
"3";62;"E4 LEMA";4;2;2;1.13888888888889;0.138888888888889;1;0.124157781002335;0.111111111111111;0.584046202136012;0;0.111108986210964;0;4
"3";63;"E4 PUPA";0;0;0;0;0;0;0.0373720863582097;0;3.5778461146595e-17;0;0;0;0
"3";64;"E5 CHFU";0;0;0;0;0;0;0.0373720863582097;0;3.5778461146595e-17;0;0;0;0
"3";65;"E6 CHFU";0;0;0;0;0;0;0.0373720863582097;0;3.5778461146595e-17;0;0;0;0
"3";66;"E6 LEMA";4;2;2;1.55882352941176;0.558823529411765;1;0.316400023585978;0.388888888888889;0.203525266496799;0;0.388877491266591;0;4
"3";67;"E6 PUPA";0;0;0;0;0;0;0.0373720863582097;0;3.5778461146595e-17;0;0;0;0
"3";68;"F1 CHFU";0;0;0;0;0;0;0.0373720863582097;0;3.5778461146595e-17;0;0;0;0
"3";69;"F2 CHFU";0;0;0;0;0;0;0.0373720863582097;0;3.5778461146595e-17;0;0;0;0
"3";70;"F2 LEMA";2;1;1;1.2;0.2;1;0.144112856827549;0.111111111111111;0.165294971067169;0;0.111112180279384;0;2
"3";71;"F3 CHFU";0;0;0;0;0;0;0.0373720863582097;0;3.5778461146595e-17;0;0;0;0
"3";72;"F3 LEMA";6;3;3;2.57142857142857;1.57142857142857;1;0.242666387960603;0.166666666666667;0.0613152550240857;0;0.166671526939948;0;4
"3";73;"F3 PUPA";0;0;0;0;0;0;0.0373720863582097;0;3.5778461146595e-17;0;0;0;0
"3";74;"F4 CHFU";0;0;0;0;0;0;0.0373720863582097;0;3.5778461146595e-17;0;0;0;0
"3";75;"F4 CHMI";0;0;0;0;0;0;0.0373720863582097;0;3.5778461146595e-17;0;0;0;0
"3";76;"F4 LEMA";4;2;2;1.57142857142857;0.571428571428571;1;0.152457959455613;0.111111111111111;0.0900258954235391;0;0.111112309560658;0;4
"3";77;"F4 PUPA";0;0;0;0;0;0;0.0373720863582097;0;3.5778461146595e-17;0;0;0;0
"3";78;"F5 CHFU";0;0;0;0;0;0;0.0373720863582097;0;3.5778461146595e-17;0;0;0;0
"3";79;"F5 CHMI";0;0;0;0;0;0;0.0373720863582097;0;3.5778461146595e-17;0;0;0;0
"3";80;"F6 PUPA";0;0;0;0;0;0;0.0373720863582097;0;3.5778461146595e-17;0;0;0;0
"3";81;"Andrena_cinerea";14;7;7;4.63333333333333;3.63333333333333;1;0.699076657476859;0.777777777777777;1.4311384458638e-16;0.167581846834929;0.777769643368978;0;4
"3";82;"Bombyliidae";0;0;0;0;0;0;0.0373720863582097;0;3.5778461146595e-17;0;0;0;0
"3";83;"Coleoptera";2;1;1;1.33333333333333;0.333333333333333;1;0.106127562947047;0.0555555555555557;0;0.00389397422517881;0.055557408294513;0;2
"3";84;"Colias_croceus";0;0;0;0;0;0;0.0373720863582097;0;3.5778461146595e-17;0;0;0;0
"3";85;"Curculionidae";4;2;2;1.83333333333333;0.833333333333333;1;0.170922195715683;0.111111111111111;1.07335383439785e-16;0.0124699440121479;0.111114189842724;0;4
"3";86;"Dilophus_sp.";16;8;8;5.06666666666667;4.06666666666667;1;0.627886885113763;0.555555555555556;5.7245537834552e-16;0.165294971067169;0.555564092378981;0;4
"3";87;"Diptera";0;0;0;0;0;0;0.0373720863582097;0;3.5778461146595e-17;0;0;0;0
"3";88;"Empididae";0;0;0;0;0;0;0.0373720863582097;0;3.5778461146595e-17;0;0;0;0
"3";89;"Eucera_sp.";0;0;0;0;0;0;0.0373720863582097;0;3.5778461146595e-17;0;0;0;0
"3";90;"Eupeodes_corollae";2;1;1;1.5;0.5;1;0.114794000007661;0.0555555555555557;5.36676917198925e-17;0.0500127057794515;0.0555581939543738;0;2
"3";91;"Lasiocampa_trifolii";0;0;0;0;0;0;0.0373720863582097;0;3.5778461146595e-17;0;0;0;0
"3";92;"Malachius_bipustulatus";2;1;1;1.2;0.2;1;0.0876517816756691;0.0555555555555556;0;0.0153399385156001;0.0555553354859847;0;2
"3";93;"Melanostoma_sp.";2;1;1;1.5;0.5;1;0.118884754262518;0.0555555555555558;0;0.00826684875480524;0.0555591526953665;0;2
"3";94;"Mordellidae";6;3;3;2.36666666666667;1.36666666666667;1;0.251772501085434;0.222222222222222;2.1467076687957e-16;0.0768456757206843;0.22222246816257;0;4
"3";95;"Musca_sp.";2;1;1;1.33333333333333;0.333333333333333;1;0.13826123607281;0.111111111111111;0;0.0252017964426692;0.111111363936367;0;2
"3";96;"Odontomyia_sp.";10;5;5;4.12380952380952;3.12380952380952;1;0.558543140073932;0.666666666666666;3.5778461146595e-16;0.168092404272024;0.66665055993907;0;4
"3";97;"Psilothrix_viridicoerulea";20;10;10;6.14285714285714;5.14285714285714;1;0.832942053926932;0.944444444444445;7.155692229319e-16;0.416122439845448;0.944431237400736;0;4
"3";98;"Scaeva_sp.";0;0;0;0;0;0;0.0373720863582097;0;3.5778461146595e-17;0;0;0;0
"3";99;"Sphaerophoria_scripta";26;13;13;7.96666666666667;6.96666666666667;1;1;1;2.8622768917276e-16;1;1;0;4
"3";100;"Ulidiidae";0;0;0;0;0;0;0.0373720863582097;0;3.5778461146595e-17;0;0;0;0
"4";1;"A1 CHFU";0;0;0;0;0;0;0.0781690140845071;0;0;0;0;0;0
"4";2;"A4 LEMA";0;0;0;0;0;0;0.0781690140845071;0;0;0;0;0;0
"4";3;"A5 CHFU";0;0;0;0;0;0;0.0781690140845071;0;0;0;0;0;0
"4";4;"A5 LEMA";0;0;0;0;0;0;0.0781690140845071;0;0;0;0;0;0
"4";5;"A5 ME";2;1;1;1.5;0.5;1;0.503169014084507;0;1;0;0.49999749999375;0;2
"4";6;"A6 LEMA";0;0;0;0;0;0;0.0781690140845071;0;0;0;0;0;0
"4";7;"A6 PUPA";0;0;0;0;0;0;0.0781690140845071;0;0;0;0;0;0
"4";8;"B1 CHFU";0;0;0;0;0;0;0.0781690140845071;0;0;0;0;0;0
"4";9;"B2 CHFU";0;0;0;0;0;0;0.0781690140845071;0;0;0;0;0;0
"4";10;"B3 CHFU";0;0;0;0;0;0;0.0781690140845071;0;0;0;0;0;0
"4";11;"B3 LEMA";0;0;0;0;0;0;0.0781690140845071;0;0;0;0;0;0
"4";12;"B3 ME";2;1;1;1.25;0.25;1;0.290669014084507;0;1;0;0.249998749996875;0;2
"4";13;"B4 CHFU";0;0;0;0;0;0;0.0781690140845071;0;0;0;0;0;0
"4";14;"B4 LEMA";0;0;0;0;0;0;0.0781690140845071;0;0;0;0;0;0
"4";15;"B4 PUPA";0;0;0;0;0;0;0.0781690140845071;0;0;0;0;0;0
"4";16;"B5 CHFU";0;0;0;0;0;0;0.0781690140845071;0;0;0;0;0;0
"4";17;"B5 LEMA";0;0;0;0;0;0;0.0781690140845071;0;0;0;0;0;0
"4";18;"B5 ME";2;1;1;1.25;0.25;1;0.290669014084507;0;1;0;0.249998749996875;0;2
"4";19;"B5 PUPA";0;0;0;0;0;0;0.0781690140845071;0;0;0;0;0;0
"4";20;"B6 CHFU";0;0;0;0;0;0;0.0781690140845071;0;0;0;0;0;0
"4";21;"B6 LEMA";0;0;0;0;0;0;0.0781690140845071;0;0;0;0;0;0
"4";22;"C1 LEMA";0;0;0;0;0;0;0.0781690140845071;0;0;0;0;0;0
"4";23;"C2 CHFU";0;0;0;0;0;0;0.0781690140845071;0;0;0;0;0;0
"4";24;"C2 LEMA";0;0;0;0;0;0;0.0781690140845071;0;0;0;0;0;0
"4";25;"C2 PUPA";0;0;0;0;0;0;0.0781690140845071;0;0;0;0;0;0
"4";26;"C3 CHFU";0;0;0;0;0;0;0.0781690140845071;0;0;0;0;0;0
"4";27;"C3 LEMA";0;0;0;0;0;0;0.0781690140845071;0;0;0;0;0;0
"4";28;"C3 PUPA";0;0;0;0;0;0;0.0781690140845071;0;0;0;0;0;0
"4";29;"C4 LEMA";0;0;0;0;0;0;0.0781690140845071;0;0;0;0;0;0
"4";30;"C4 PUPA";0;0;0;0;0;0;0.0781690140845071;0;0;0;0;0;0
"4";31;"C5 CHFU";0;0;0;0;0;0;0.0781690140845071;0;0;0;0;0;0
"4";32;"C5 LEMA";0;0;0;0;0;0;0.0781690140845071;0;0;0;0;0;0
"4";33;"C6 CHFU";0;0;0;0;0;0;0.0781690140845071;0;0;0;0;0;0
"4";34;"C6 LEMA";0;0;0;0;0;0;0.0781690140845071;0;0;0;0;0;0
"4";35;"D1 CHFU";0;0;0;0;0;0;0.0781690140845071;0;0;0;0;0;0
"4";36;"D1 CHMI";0;0;0;0;0;0;0.0781690140845071;0;0;0;0;0;0
"4";37;"D1 LEMA";0;0;0;0;0;0;0.0781690140845071;0;0;0;0;0;0
"4";38;"D2 CHFU";0;0;0;0;0;0;0.0781690140845071;0;0;0;0;0;0
"4";39;"D2 LEMA";0;0;0;0;0;0;0.0781690140845071;0;0;0;0;0;0
"4";40;"D2 ME";2;1;1;2;1;1;0.52112676056338;0;0;0;0.499998749999651;0;2
"4";41;"D2 PUPA";0;0;0;0;0;0;0.0781690140845071;0;0;0;0;0;0
"4";42;"D3 CHFU";0;0;0;0;0;0;0.0781690140845071;0;0;0;0;0;0
"4";43;"D3 CHMI";0;0;0;0;0;0;0.0781690140845071;0;0;0;0;0;0
"4";44;"D3 LEMA";0;0;0;0;0;0;0.0781690140845071;0;0;0;0;0;0
"4";45;"D3 PUPA";0;0;0;0;0;0;0.0781690140845071;0;0;0;0;0;0
"4";46;"D4 CHFU";0;0;0;0;0;0;0.0781690140845071;0;0;0;0;0;0
"4";47;"D4 LEMA";0;0;0;0;0;0;0.0781690140845071;0;0;0;0;0;0
"4";48;"D5 CHFU";0;0;0;0;0;0;0.0781690140845071;0;0;0;0;0;0
"4";49;"D5 LEMA";0;0;0;0;0;0;0.0781690140845071;0;0;0;0;0;0
"4";50;"D5 PUPA";0;0;0;0;0;0;0.0781690140845071;0;0;0;0;0;0
"4";51;"D6 CHFU";0;0;0;0;0;0;0.0781690140845071;0;0;0;0;0;0
"4";52;"D6 LEMA";0;0;0;0;0;0;0.0781690140845071;0;0;0;0;0;0
"4";53;"E1 CHFU";0;0;0;0;0;0;0.0781690140845071;0;0;0;0;0;0
"4";54;"E1 LEMA";0;0;0;0;0;0;0.0781690140845071;0;0;0;0;0;0
"4";55;"E2 CHFU";0;0;0;0;0;0;0.0781690140845071;0;0;0;0;0;0
"4";56;"E2 LEMA";0;0;0;0;0;0;0.0781690140845071;0;0;0;0;0;0
"4";57;"E2 ME";2;1;1;2;1;1;0.52112676056338;0;0;0;0.499998749999651;0;2
"4";58;"E3 CHFU";0;0;0;0;0;0;0.0781690140845071;0;0;0;0;0;0
"4";59;"E3 LEMA";0;0;0;0;0;0;0.0781690140845071;0;0;0;0;0;0
"4";60;"E3 PUPA";0;0;0;0;0;0;0.0781690140845071;0;0;0;0;0;0
"4";61;"E4 CHFU";0;0;0;0;0;0;0.0781690140845071;0;0;0;0;0;0
"4";62;"E4 LEMA";0;0;0;0;0;0;0.0781690140845071;0;0;0;0;0;0
"4";63;"E4 PUPA";0;0;0;0;0;0;0.0781690140845071;0;0;0;0;0;0
"4";64;"E5 CHFU";0;0;0;0;0;0;0.0781690140845071;0;0;0;0;0;0
"4";65;"E6 CHFU";0;0;0;0;0;0;0.0781690140845071;0;0;0;0;0;0
"4";66;"E6 LEMA";0;0;0;0;0;0;0.0781690140845071;0;0;0;0;0;0
"4";67;"E6 PUPA";0;0;0;0;0;0;0.0781690140845071;0;0;0;0;0;0
"4";68;"F1 CHFU";0;0;0;0;0;0;0.0781690140845071;0;0;0;0;0;0
"4";69;"F2 CHFU";0;0;0;0;0;0;0.0781690140845071;0;0;0;0;0;0
"4";70;"F2 LEMA";0;0;0;0;0;0;0.0781690140845071;0;0;0;0;0;0
"4";71;"F3 CHFU";0;0;0;0;0;0;0.0781690140845071;0;0;0;0;0;0
"4";72;"F3 LEMA";0;0;0;0;0;0;0.0781690140845071;0;0;0;0;0;0
"4";73;"F3 PUPA";0;0;0;0;0;0;0.0781690140845071;0;0;0;0;0;0
"4";74;"F4 CHFU";0;0;0;0;0;0;0.0781690140845071;0;0;0;0;0;0
"4";75;"F4 CHMI";0;0;0;0;0;0;0.0781690140845071;0;0;0;0;0;0
"4";76;"F4 LEMA";0;0;0;0;0;0;0.0781690140845071;0;0;0;0;0;0
"4";77;"F4 PUPA";0;0;0;0;0;0;0.0781690140845071;0;0;0;0;0;0
"4";78;"F5 CHFU";0;0;0;0;0;0;0.0781690140845071;0;0;0;0;0;0
"4";79;"F5 CHMI";0;0;0;0;0;0;0.0781690140845071;0;0;0;0;0;0
"4";80;"F6 PUPA";0;0;0;0;0;0;0.0781690140845071;0;0;0;0;0;0
"4";81;"Andrena_cinerea";0;0;0;0;0;0;0.0781690140845071;0;0;0;0;0;0
"4";82;"Bombyliidae";0;0;0;0;0;0;0.0781690140845071;0;0;0;0;0;0
"4";83;"Coleoptera";0;0;0;0;0;0;0.0781690140845071;0;0;0;0;0;0
"4";84;"Colias_croceus";0;0;0;0;0;0;0.0781690140845071;0;0;0;0;0;0
"4";85;"Curculionidae";0;0;0;0;0;0;0.0781690140845071;0;0;0;0;0;0
"4";86;"Dilophus_sp.";2;1;1;2;1;1;0.52112676056338;0;0;0;0.499998749999651;0;2
"4";87;"Diptera";0;0;0;0;0;0;0.0781690140845071;0;0;0;0;0;0
"4";88;"Empididae";0;0;0;0;0;0;0.0781690140845071;0;0;0;0;0;0
"4";89;"Eucera_sp.";0;0;0;0;0;0;0.0781690140845071;0;0;0;0;0;0
"4";90;"Eupeodes_corollae";0;0;0;0;0;0;0.0781690140845071;0;0;0;0;0;0
"4";91;"Lasiocampa_trifolii";0;0;0;0;0;0;0.0781690140845071;0;0;0;0;0;0
"4";92;"Malachius_bipustulatus";0;0;0;0;0;0;0.0781690140845071;0;0;0;0;0;0
"4";93;"Melanostoma_sp.";0;0;0;0;0;0;0.0781690140845071;0;0;0;0;0;0
"4";94;"Mordellidae";0;0;0;0;0;0;0.0781690140845071;0;0;0;0;0;0
"4";95;"Musca_sp.";2;1;1;2;1;1;0.52112676056338;0;0;0;0.499998749999651;0;2
"4";96;"Odontomyia_sp.";6;3;3;4;3;1;1;0;0;1;1;0;2
"4";97;"Psilothrix_viridicoerulea";0;0;0;0;0;0;0.0781690140845071;0;0;0;0;0;0
"4";98;"Scaeva_sp.";0;0;0;0;0;0;0.0781690140845071;0;0;0;0;0;0
"4";99;"Sphaerophoria_scripta";0;0;0;0;0;0;0.0781690140845071;0;0;0;0;0;0
"4";100;"Ulidiidae";0;0;0;0;0;0;0.0781690140845071;0;0;0;0;0;0
"5";1;"A1 CHFU";0;0;0;0;0;0;0.04707919553136;0;6.6084542204954e-17;0;0;0;0
"5";2;"A4 LEMA";0;0;0;0;0;0;0.04707919553136;0;6.6084542204954e-17;0;0;0;0
"5";3;"A5 CHFU";0;0;0;0;0;0;0.04707919553136;0;6.6084542204954e-17;0;0;0;0
"5";4;"A5 LEMA";0;0;0;0;0;0;0.04707919553136;0;6.6084542204954e-17;0;0;0;0
"5";5;"A5 ME";0;0;0;0;0;0;0.04707919553136;0;6.6084542204954e-17;0;0;0;0
"5";6;"A6 LEMA";0;0;0;0;0;0;0.04707919553136;0;6.6084542204954e-17;0;0;0;0
"5";7;"A6 PUPA";2;1;1;1.1;0.1;1;0.13207919553136;0.1;1;0;0.0535218057321724;0;2
"5";8;"B1 CHFU";0;0;0;0;0;0;0.04707919553136;0;6.6084542204954e-17;0;0;0;0
"5";9;"B2 CHFU";0;0;0;0;0;0;0.04707919553136;0;6.6084542204954e-17;0;0;0;0
"5";10;"B3 CHFU";0;0;0;0;0;0;0.04707919553136;0;6.6084542204954e-17;0;0;0;0
"5";11;"B3 LEMA";0;0;0;0;0;0;0.04707919553136;0;6.6084542204954e-17;0;0;0;0
"5";12;"B3 ME";0;0;0;0;0;0;0.04707919553136;0;6.6084542204954e-17;0;0;0;0
"5";13;"B4 CHFU";0;0;0;0;0;0;0.04707919553136;0;6.6084542204954e-17;0;0;0;0
"5";14;"B4 LEMA";0;0;0;0;0;0;0.04707919553136;0;6.6084542204954e-17;0;0;0;0
"5";15;"B4 PUPA";4;2;2;1.26666666666667;0.266666666666667;1;0.222571617793765;0.2;0.678487790132081;0;0.119083138518906;0;4
"5";16;"B5 CHFU";0;0;0;0;0;0;0.04707919553136;0;6.6084542204954e-17;0;0;0;0
"5";17;"B5 LEMA";0;0;0;0;0;0;0.04707919553136;0;6.6084542204954e-17;0;0;0;0
"5";18;"B5 ME";0;0;0;0;0;0;0.04707919553136;0;6.6084542204954e-17;0;0;0;0
"5";19;"B5 PUPA";4;2;2;1.225;0.225;1;0.215192528430004;0.199999999999999;0.638990154098234;0;0.107694624325776;0;4
"5";20;"B6 CHFU";0;0;0;0;0;0;0.04707919553136;0;6.6084542204954e-17;0;0;0;0
"5";21;"B6 LEMA";0;0;0;0;0;0;0.04707919553136;0;6.6084542204954e-17;0;0;0;0
"5";22;"C1 LEMA";0;0;0;0;0;0;0.04707919553136;0;6.6084542204954e-17;0;0;0;0
"5";23;"C2 CHFU";0;0;0;0;0;0;0.04707919553136;0;6.6084542204954e-17;0;0;0;0
"5";24;"C2 LEMA";0;0;0;0;0;0;0.04707919553136;0;6.6084542204954e-17;0;0;0;0
"5";25;"C2 PUPA";8;4;4;2.51666666666667;1.51666666666667;1;0.501245587133499;0.499999999999998;0.385868018899852;0;0.39220307506404;0;4
"5";26;"C3 CHFU";0;0;0;0;0;0;0.04707919553136;0;6.6084542204954e-17;0;0;0;0
"5";27;"C3 LEMA";0;0;0;0;0;0;0.04707919553136;0;6.6084542204954e-17;0;0;0;0
"5";28;"C3 PUPA";2;1;1;2;1;1;0.3138613035424;0.294097973298063;3.3042271102477e-17;0;0.233354838392089;0;2
"5";29;"C4 LEMA";0;0;0;0;0;0;0.04707919553136;0;6.6084542204954e-17;0;0;0;0
"5";30;"C4 PUPA";2;1;1;1.1;0.1;1;0.13207919553136;0.1;1;0;0.0535218057321724;0;2
"5";31;"C5 CHFU";0;0;0;0;0;0;0.04707919553136;0;6.6084542204954e-17;0;0;0;0
"5";32;"C5 LEMA";0;0;0;0;0;0;0.04707919553136;0;6.6084542204954e-17;0;0;0;0
"5";33;"C6 CHFU";0;0;0;0;0;0;0.04707919553136;0;6.6084542204954e-17;0;0;0;0
"5";34;"C6 LEMA";0;0;0;0;0;0;0.04707919553136;0;6.6084542204954e-17;0;0;0;0
"5";35;"D1 CHFU";0;0;0;0;0;0;0.04707919553136;0;6.6084542204954e-17;0;0;0;0
"5";36;"D1 CHMI";0;0;0;0;0;0;0.04707919553136;0;6.6084542204954e-17;0;0;0;0
"5";37;"D1 LEMA";0;0;0;0;0;0;0.04707919553136;0;6.6084542204954e-17;0;0;0;0
"5";38;"D2 CHFU";0;0;0;0;0;0;0.04707919553136;0;6.6084542204954e-17;0;0;0;0
"5";39;"D2 LEMA";0;0;0;0;0;0;0.04707919553136;0;6.6084542204954e-17;0;0;0;0
"5";40;"D2 ME";0;0;0;0;0;0;0.04707919553136;0;6.6084542204954e-17;0;0;0;0
"5";41;"D2 PUPA";2;1;1;1.25;0.25;1;0.213305861328647;0.199999999999999;0.277980308196467;0;0.108345637187208;0;2
"5";42;"D3 CHFU";0;0;0;0;0;0;0.04707919553136;0;6.6084542204954e-17;0;0;0;0
"5";43;"D3 CHMI";0;0;0;0;0;0;0.04707919553136;0;6.6084542204954e-17;0;0;0;0
"5";44;"D3 LEMA";0;0;0;0;0;0;0.04707919553136;0;6.6084542204954e-17;0;0;0;0
"5";45;"D3 PUPA";2;1;1;1.125;0.125;1;0.130192528430004;0.0999999999999993;0.277980308196467;0;0.0541728185936039;0;2
"5";46;"D4 CHFU";0;0;0;0;0;0;0.04707919553136;0;6.6084542204954e-17;0;0;0;0
"5";47;"D4 LEMA";0;0;0;0;0;0;0.04707919553136;0;6.6084542204954e-17;0;0;0;0
"5";48;"D5 CHFU";0;0;0;0;0;0;0.04707919553136;0;6.6084542204954e-17;0;0;0;0
"5";49;"D5 LEMA";0;0;0;0;0;0;0.04707919553136;0;6.6084542204954e-17;0;0;0;0
"5";50;"D5 PUPA";2;1;1;1.25;0.25;1;0.213305861328647;0.199999999999999;0.277980308196467;0;0.108345637187208;0;2
"5";51;"D6 CHFU";0;0;0;0;0;0;0.04707919553136;0;6.6084542204954e-17;0;0;0;0
"5";52;"D6 LEMA";0;0;0;0;0;0;0.04707919553136;0;6.6084542204954e-17;0;0;0;0
"5";53;"E1 CHFU";0;0;0;0;0;0;0.04707919553136;0;6.6084542204954e-17;0;0;0;0
"5";54;"E1 LEMA";0;0;0;0;0;0;0.04707919553136;0;6.6084542204954e-17;0;0;0;0
"5";55;"E2 CHFU";0;0;0;0;0;0;0.04707919553136;0;6.6084542204954e-17;0;0;0;0
"5";56;"E2 LEMA";0;0;0;0;0;0;0.04707919553136;0;6.6084542204954e-17;0;0;0;0
"5";57;"E2 ME";0;0;0;0;0;0;0.04707919553136;0;6.6084542204954e-17;0;0;0;0
"5";58;"E3 CHFU";0;0;0;0;0;0;0.04707919553136;0;6.6084542204954e-17;0;0;0;0
"5";59;"E3 LEMA";0;0;0;0;0;0;0.04707919553136;0;6.6084542204954e-17;0;0;0;0
"5";60;"E3 PUPA";2;1;1;2;1;1;0.3138613035424;0.294093065741515;3.3042271102477e-17;0;0.233354838392089;0;2
"5";61;"E4 CHFU";0;0;0;0;0;0;0.04707919553136;0;6.6084542204954e-17;0;0;0;0
"5";62;"E4 LEMA";0;0;0;0;0;0;0.04707919553136;0;6.6084542204954e-17;0;0;0;0
"5";63;"E4 PUPA";4;2;2;1.46666666666667;0.466666666666667;1;0.392571617793765;0.4;0.839243895066041;0;0.226126749983251;0;4
"5";64;"E5 CHFU";0;0;0;0;0;0;0.04707919553136;0;6.6084542204954e-17;0;0;0;0
"5";65;"E6 CHFU";0;0;0;0;0;0;0.04707919553136;0;6.6084542204954e-17;0;0;0;0
"5";66;"E6 LEMA";0;0;0;0;0;0;0.04707919553136;0;6.6084542204954e-17;0;0;0;0
"5";67;"E6 PUPA";2;1;1;1.1;0.1;1;0.13207919553136;0.1;1;0;0.0535218057321724;0;2
"5";68;"F1 CHFU";0;0;0;0;0;0;0.04707919553136;0;6.6084542204954e-17;0;0;0;0
"5";69;"F2 CHFU";0;0;0;0;0;0;0.04707919553136;0;6.6084542204954e-17;0;0;0;0
"5";70;"F2 LEMA";0;0;0;0;0;0;0.04707919553136;0;6.6084542204954e-17;0;0;0;0
"5";71;"F3 CHFU";0;0;0;0;0;0;0.04707919553136;0;6.6084542204954e-17;0;0;0;0
"5";72;"F3 LEMA";0;0;0;0;0;0;0.04707919553136;0;6.6084542204954e-17;0;0;0;0
"5";73;"F3 PUPA";4;2;2;1.26666666666667;0.266666666666667;1;0.222571617793765;0.2;0.678487790132081;0;0.119083138518906;0;4
"5";74;"F4 CHFU";0;0;0;0;0;0;0.04707919553136;0;6.6084542204954e-17;0;0;0;0
"5";75;"F4 CHMI";0;0;0;0;0;0;0.04707919553136;0;6.6084542204954e-17;0;0;0;0
"5";76;"F4 LEMA";0;0;0;0;0;0;0.04707919553136;0;6.6084542204954e-17;0;0;0;0
"5";77;"F4 PUPA";2;1;1;1.16666666666667;0.166666666666667;1;0.137571617793765;0.1;0.356975580264163;0;0.0655613327867335;0;2
"5";78;"F5 CHFU";0;0;0;0;0;0;0.04707919553136;0;6.6084542204954e-17;0;0;0;0
"5";79;"F5 CHMI";0;0;0;0;0;0;0.04707919553136;0;6.6084542204954e-17;0;0;0;0
"5";80;"F6 PUPA";2;1;1;1.16666666666667;0.166666666666667;1;0.137571617793765;0.1;0.356975580264163;0;0.0655613327867335;0;2
"5";81;"Andrena_cinerea";2;1;1;2;1;1;0.3138613035424;0.294093065741515;3.3042271102477e-17;0;0.233354838392089;0;2
"5";82;"Bombyliidae";16;8;8;6.45;5.45;1;1;1;7.93014506459448e-16;1;1;0;4
"5";83;"Coleoptera";0;0;0;0;0;0;0.04707919553136;0;6.6084542204954e-17;0;0;0;0
"5";84;"Colias_croceus";2;1;1;2;1;1;0.3138613035424;0.294097973298063;3.3042271102477e-17;0;0.233354838392089;0;2
"5";85;"Curculionidae";0;0;0;0;0;0;0.04707919553136;0;6.6084542204954e-17;0;0;0;0
"5";86;"Dilophus_sp.";2;1;1;1.2;0.2;1;0.132290945344055;0.0999999999999998;0;0.0164038978421635;0.0591801290073758;0;2
"5";87;"Diptera";0;0;0;0;0;0;0.04707919553136;0;6.6084542204954e-17;0;0;0;0
"5";88;"Empididae";0;0;0;0;0;0;0.04707919553136;0;6.6084542204954e-17;0;0;0;0
"5";89;"Eucera_sp.";10;5;5;4.9;3.9;1;0.782243133163704;0.799999999999995;5.28676337639632e-16;0.277980308196467;0.74136729806261;0;4
"5";90;"Eupeodes_corollae";0;0;0;0;0;0;0.04707919553136;0;6.6084542204954e-17;0;0;0;0
"5";91;"Lasiocampa_trifolii";12;6;6;4.45;3.45;1;0.638770039499331;0.600000000000001;6.6084542204954e-16;0.356975580264163;0.639741923446649;0;4
"5";92;"Malachius_bipustulatus";0;0;0;0;0;0;0.04707919553136;0;6.6084542204954e-17;0;0;0;0
"5";93;"Melanostoma_sp.";0;0;0;0;0;0;0.04707919553136;0;6.6084542204954e-17;0;0;0;0
"5";94;"Mordellidae";0;0;0;0;0;0;0.04707919553136;0;6.6084542204954e-17;0;0;0;0
"5";95;"Musca_sp.";0;0;0;0;0;0;0.04707919553136;0;6.6084542204954e-17;0;0;0;0
"5";96;"Odontomyia_sp.";0;0;0;0;0;0;0.04707919553136;0;6.6084542204954e-17;0;0;0;0
"5";97;"Psilothrix_viridicoerulea";0;0;0;0;0;0;0.04707919553136;0;6.6084542204954e-17;0;0;0;0
"5";98;"Scaeva_sp.";0;0;0;0;0;0;0.04707919553136;0;6.6084542204954e-17;0;0;0;0
"5";99;"Sphaerophoria_scripta";0;0;0;0;0;0;0.04707919553136;0;6.6084542204954e-17;0;0;0;0
"5";100;"Ulidiidae";0;0;0;0;0;0;0.04707919553136;0;6.6084542204954e-17;0;0;0;0
"Aggr";1;"A1 CHFU";2;1;1;1.01754385964912;0.0175438596491228;1;0.0143041405723693;0.00910410489406509;1;3.47212972498526e-18;0.00910402274715858;0;2
"Aggr";2;"A4 LEMA";4;2;2;1.16993464052288;0.169934640522876;1;0.0400851045277551;0.00421021477602477;0.0119718065768543;1.3888518899941e-17;0.00421069793073656;0;4
"Aggr";3;"A5 CHFU";4;2;2;1.45614035087719;0.456140350877193;1;0.0408509898891241;0.0652822759721379;0.876229846397562;1.3888518899941e-17;0.065281895366032;0;4
"Aggr";4;"A5 LEMA";4;2;2;2.05555555555556;1.05555555555556;1;0.0380510294068871;0.00404358577948087;0.00888762960610448;0;0.00404457185515163;0;4
"Aggr";5;"A5 ME";2;1;1;1.5;0.5;1;0.057155131808646;0.00358719011845147;0.000394631637270556;3.47212972498526e-18;0.00359182035549395;0;2
"Aggr";6;"A6 LEMA";2;1;1;1.1;0.1;1;0.0283216844320185;0.051893397896171;1;6.94425944997052e-18;0.0518929296588039;0;2
"Aggr";7;"A6 PUPA";2;1;1;1.1;0.1;1;0.0408595805476316;0.00410674303009682;0.00180928683322961;0;0.0041068539425322;0;2
"Aggr";8;"B1 CHFU";2;1;1;1.01754385964912;0.0175438596491228;1;0.0143041405723693;0.00910410489406509;1;3.47212972498526e-18;0.00910402274715858;0;2
"Aggr";9;"B2 CHFU";4;2;2;2.05263157894737;1.05263157894737;1;0.0351260580400389;0.0298675445364655;0.751734290462908;0;0.029868122977406;0;4
"Aggr";10;"B3 CHFU";2;1;1;1.03508771929825;0.0350877192982456;1;0.0172865967127202;0.0182082097881302;1;3.47212972498526e-18;0.0182080454943172;0;2
"Aggr";11;"B3 LEMA";4;2;2;1.13025210084034;0.130252100840336;1;0.0209197611237779;0.00281680258407376;0.0122885365383649;6.94425944997052e-18;0.00281724386865433;0;4
"Aggr";12;"B3 ME";2;1;1;1.25;0.25;1;0.0342384081203322;0.00179359505922571;0.000394631637270556;3.47212972498526e-18;0.00179591017774698;0;2
"Aggr";13;"B4 CHFU";2;1;1;1.01754385964912;0.0175438596491228;1;0.0143041405723693;0.00910410489406509;1;3.47212972498526e-18;0.00910402274715858;0;2
"Aggr";14;"B4 LEMA";2;1;1;1.28571428571429;0.285714285714286;1;0.0296390291193157;0.00633319863388115;0.0103378480673223;0;0.00633432070544176;0;2
"Aggr";15;"B4 PUPA";4;2;2;1.26666666666667;0.266666666666667;1;0.0733680402370733;0.0102375671901444;0.00173201261518143;1.3888518899941e-17;0.0102377724045792;0;4
"Aggr";16;"B5 CHFU";2;1;1;1.03508771929825;0.0350877192982456;1;0.0172865967127202;0.0182082097881302;1;3.47212972498526e-18;0.0182080454943172;0;2
"Aggr";17;"B5 LEMA";6;3;3;1.35396825396825;0.353968253968254;1;0.0612250363514686;0.0580367090635329;0.20847037817116;0;0.0580371242499675;0;4
"Aggr";18;"B5 ME";2;1;1;1.25;0.25;1;0.0342384081203322;0.00179359505922572;0.000394631637270556;3.47212972498526e-18;0.00179591017774698;0;2
"Aggr";19;"B5 PUPA";4;2;2;1.225;0.225;1;0.0754443901974429;0.0132372439269713;0.00256427976399564;0;0.013237292140786;0;4
"Aggr";20;"B6 CHFU";4;2;2;1.33771929824561;0.337719298245614;1;0.0353924536183667;0.0470718369830913;0.836958783978677;6.94425944997052e-18;0.0470716121105474;0;4
"Aggr";21;"B6 LEMA";4;2;2;1.22875816993464;0.228758169934641;1;0.0451038450476903;0.00544371770162825;0.0125386611849925;1.3888518899941e-17;0.00544436162303045;0;4
"Aggr";22;"C1 LEMA";6;3;3;2.31111111111111;1.31111111111111;1;0.0963776061138221;0.130294928715076;0.342176823234177;2.77770377998821e-17;0.130295474649681;0;4
"Aggr";23;"C2 CHFU";6;3;3;2.53508771929825;1.53508771929825;1;0.0950529241712618;0.0521401155428703;0.407273613695319;0;0.0521444585101786;0;4
"Aggr";24;"C2 LEMA";8;4;4;2.27320261437908;1.27320261437909;1;0.0699648591782644;0.0590279142937865;0.208163566043166;2.77770377998821e-17;0.0590284538416778;0;4
"Aggr";25;"C2 PUPA";8;4;4;2.51666666666667;1.51666666666667;1;0.312537659536696;0.547432547945604;0.202020514123977;0;0.547427945389126;0;4
"Aggr";26;"C3 CHFU";6;3;3;1.95175438596491;0.951754385964912;1;0.043749310146613;0.0228666057282605;0.408286049246613;0;0.0228670161409156;0;4
"Aggr";27;"C3 LEMA";4;2;2;1.31932773109244;0.319327731092437;1;0.0355365783354725;0.006867108093751;0.0126786742325734;1.3888518899941e-17;0.00686815142960255;0;4
"Aggr";28;"C3 PUPA";2;1;1;2;1;1;0.0754778962134564;9.28112643930991e-18;3.65689117279218e-17;1.04163891749558e-17;1.05382760625536e-06;0;2
"Aggr";29;"C4 LEMA";8;4;4;1.41199813258637;0.411998132586368;1;0.0495896811514319;0.00806962284596689;0.00941424970153695;0;0.0080715580665122;0;4
"Aggr";30;"C4 PUPA";2;1;1;1.1;0.1;1;0.0408595805476316;0.00410674303009682;0.00180928683322961;0;0.0041068539425322;0;2
"Aggr";31;"C5 CHFU";2;1;1;1.01754385964912;0.0175438596491228;1;0.0143041405723693;0.00910410489406509;1;3.47212972498526e-18;0.00910402274715858;0;2
"Aggr";32;"C5 LEMA";2;1;1;1.11111111111111;0.111111111111111;1;0.03506636400782;0.0029767118504213;0.0108380973605777;3.47212972498526e-18;0.00297703423844267;0;2
"Aggr";33;"C6 CHFU";2;1;1;1.05263157894737;0.0526315789473684;1;0.0202690528530711;0.0273123146821953;1;3.47212972498526e-18;0.0273120682414757;0;2
"Aggr";34;"C6 LEMA";2;1;1;1.08333333333333;0.0833333333333333;1;0.0189605923281231;0.000597865019741906;0.000394631637270556;3.47212972498526e-18;0.000598636725915659;0;2
"Aggr";35;"D1 CHFU";4;2;2;1.26754385964912;0.267543859649123;1;0.0234626290569632;0.0106554174068309;0.51087635193603;1.3888518899941e-17;0.0106555211219131;0;4
"Aggr";36;"D1 CHMI";2;1;1;1.4;0.4;1;0.0515437748518707;0.00854860186857909;0.00930970602467225;1.04163891749558e-17;0.00854968314629188;0;2
"Aggr";37;"D1 LEMA";2;1;1;1.05555555555556;0.0555555555555556;1;0.0231940242199192;0.00148835592521065;0.0108380973605777;3.47212972498526e-18;0.00148851711922134;0;2
"Aggr";38;"D2 CHFU";4;2;2;1.53508771929825;0.535087719298246;1;0.0309422177657213;0.0299739203242864;0.671897457447317;1.3888518899941e-17;0.0299743360411325;0;4
"Aggr";39;"D2 LEMA";4;2;2;1.15882352941176;0.158823529411765;1;0.0333404249519536;0.0531269008217745;0.507119612504704;6.94425944997052e-18;0.0531265933510978;0;4
"Aggr";40;"D2 ME";2;1;1;2;1;1;0.181321684432019;0.518933978961711;1;0;0.518929296588039;0;2
"Aggr";41;"D2 PUPA";2;1;1;1.25;0.25;1;0.0804913037316411;0.0182610017937489;0.00331927269476168;1.04163891749558e-17;0.0182608763965076;0;2
"Aggr";42;"D3 CHFU";2;1;1;1.01754385964912;0.0175438596491228;1;0.0143041405723693;0.00910410489406509;1;3.47212972498526e-18;0.00910402274715858;0;2
"Aggr";43;"D3 CHMI";2;1;1;2;1;1;0.181321684432019;0.51893397896171;1;0;0.518929296588039;0;2
"Aggr";44;"D3 LEMA";2;1;1;1.05555555555556;0.0555555555555556;1;0.0231940242199192;0.00148835592521065;0.0108380973605777;3.47212972498526e-18;0.00148851711922134;0;2
"Aggr";45;"D3 PUPA";2;1;1;1.125;0.125;1;0.0459064940818298;0.00913050089687446;0.00331927269476168;6.94425944997052e-18;0.00913043819825381;0;2
"Aggr";46;"D4 CHFU";2;1;1;1.01754385964912;0.0175438596491228;1;0.0143041405723693;0.00910410489406508;1;3.47212972498526e-18;0.00910402274715858;0;2
"Aggr";47;"D4 LEMA";4;2;2;2.1;1.1;1;0.0594052699792316;0.0599678422058167;0.504548526777524;6.94425944997052e-18;0.0599678523523107;0;2
"Aggr";48;"D5 CHFU";2;1;1;1.01754385964912;0.0175438596491228;1;0.0143041405723693;0.00910410489406509;1;3.47212972498526e-18;0.00910402274715858;0;2
"Aggr";49;"D5 LEMA";6;3;3;1.55555555555556;0.555555555555556;1;0.0712495544206407;0.0086248271522983;0.00426633965941242;2.77770377998821e-17;0.00862797926340073;0;4
"Aggr";50;"D5 PUPA";2;1;1;1.25;0.25;1;0.0804913037316411;0.0182610017937489;0.00331927269476168;1.04163891749558e-17;0.0182608763965076;0;2
"Aggr";51;"D6 CHFU";2;1;1;1.05263157894737;0.0526315789473684;1;0.0202690528530711;0.0273123146821953;1;3.47212972498526e-18;0.0273120682414757;0;2
"Aggr";52;"D6 LEMA";4;2;2;1.6;0.6;1;0.0785992974568338;0.0625791502318948;0.339539804016448;1.3888518899941e-17;0.0625800335916688;0;4
"Aggr";53;"E1 CHFU";2;1;1;1.01754385964912;0.0175438596491228;1;0.0143041405723693;0.0091041048940651;1;3.47212972498526e-18;0.00910402274715858;0;2
"Aggr";54;"E1 LEMA";2;1;1;1.11764705882353;0.117647058823529;1;0.0213591654718888;0.00246700585120696;0.0142392250094074;3.47212972498526e-18;0.00246732738458778;0;2
"Aggr";55;"E2 CHFU";4;2;2;2.05263157894737;1.05263157894737;1;0.0364820559820434;0.0292837908044681;0.751694138788107;6.94425944997052e-18;0.0292840983766808;0;2
"Aggr";56;"E2 LEMA";2;1;1;1.17647058823529;0.176470588235294;1;0.0263779059918239;0.00370050877681043;0.0142392250094074;1.04163891749558e-17;0.00370099107688167;0;2
"Aggr";57;"E2 ME";2;1;1;2;1;1;0.0386329265380205;0.0235314210723123;0.0156923723419523;0;0.0235325810936306;0;2
"Aggr";58;"E3 CHFU";2;1;1;1.03508771929825;0.0350877192982456;1;0.0172865967127202;0.0182082097881302;1;3.47212972498526e-18;0.0182080454943172;0;2
"Aggr";59;"E3 LEMA";4;2;2;1.30555555555556;0.305555555555556;1;0.0483328307323269;0.00683123209307257;0.010073901692625;0;0.00683206908565376;0;4
"Aggr";60;"E3 PUPA";2;1;1;2;1;1;0.075432390837559;0.022166195218584;0.0103378480673223;0;0.0221701224690462;0;2
"Aggr";61;"E4 CHFU";2;1;1;1.03508771929825;0.0350877192982456;1;0.0172865967127202;0.0182082097881302;1;3.47212972498526e-18;0.0182080454943172;0;2
"Aggr";62;"E4 LEMA";4;2;2;1.13888888888889;0.138888888888889;1;0.0308329321160238;0.00208622094495256;0.00561636449892405;6.94425944997052e-18;0.00208715384513699;0;4
"Aggr";63;"E4 PUPA";4;2;2;1.46666666666667;0.466666666666667;1;0.1324438324683;0.018451053250338;0.00177064972420546;1.3888518899941e-17;0.0184514802896436;0;4
"Aggr";64;"E5 CHFU";2;1;1;1.01754385964912;0.0175438596491228;1;0.0143041405723693;0.00910410489406509;1;3.47212972498526e-18;0.00910402274715858;0;2
"Aggr";65;"E6 CHFU";2;1;1;2;1;1;0.102988579185274;0.00717438023690289;0.000394631637270556;6.94425944997052e-18;0.00718364071098791;0;2
"Aggr";66;"E6 LEMA";4;2;2;1.55882352941176;0.558823529411765;1;0.0621738723285812;0.00482069304405493;0.00237243069043293;2.08327783499115e-17;0.00482548404778784;0;4
"Aggr";67;"E6 PUPA";2;1;1;1.1;0.1;1;0.0408595805476316;0.00410674303009682;0.00180928683322961;0;0.0041068539425322;0;2
"Aggr";68;"F1 CHFU";2;1;1;1.03508771929825;0.0350877192982456;1;0.0172865967127202;0.0182082097881302;1;3.47212972498526e-18;0.0182080454943172;0;2
"Aggr";69;"F2 CHFU";6;3;3;2.28508771929825;1.28508771929825;1;0.0440195477827976;0.0211858176133592;0.506579885859879;2.77770377998821e-17;0.0211864242302462;0;4
"Aggr";70;"F2 LEMA";2;1;1;1.2;0.2;1;0.0453216844320185;0.103786795792342;1;6.94425944997052e-18;0.103785859317608;0;2
"Aggr";71;"F3 CHFU";2;1;1;1.01754385964912;0.0175438596491228;1;0.0143041405723693;0.00910410489406509;1;3.47212972498526e-18;0.00910402274715858;0;2
"Aggr";72;"F3 LEMA";6;3;3;2.57142857142857;1.57142857142857;1;0.0570105281808713;0.00196909732113003;0.0035055161181416;0;0.00197057822925805;0;4
"Aggr";73;"F3 PUPA";4;2;2;1.26666666666667;0.266666666666667;1;0.0733680402370733;0.0102375671901444;0.00173201261518143;1.3888518899941e-17;0.0102377724045792;0;4
"Aggr";74;"F4 CHFU";2;1;1;1.05263157894737;0.0526315789473684;1;0.0202690528530711;0.0273123146821953;1;3.47212972498526e-18;0.0273120682414757;0;2
"Aggr";75;"F4 CHMI";4;2;2;2.4;1.4;1;0.136862363690768;0.0295181516038382;0.010952879019584;1.3888518899941e-17;0.029521965915288;0;4
"Aggr";76;"F4 LEMA";4;2;2;1.57142857142857;0.571428571428571;1;0.0336570608767624;0.00179234295773674;0.00523720592432727;1.3888518899941e-17;0.00179309981189412;0;4
"Aggr";77;"F4 PUPA";2;1;1;1.16666666666667;0.166666666666667;1;0.0438301441214602;0.00613082416004753;0.00165473839713318;3.47212972498526e-18;0.00613091846204702;0;2
"Aggr";78;"F5 CHFU";2;1;1;1.01754385964912;0.0175438596491228;1;0.0143041405723693;0.00910410489406509;1;3.47212972498526e-18;0.00910402274715858;0;2
"Aggr";79;"F5 CHMI";2;1;1;1.2;0.2;1;0.0314327296419446;0.00427430093428954;0.00930970602467225;6.94425944997052e-18;0.00427484157314594;0;2
"Aggr";80;"F6 PUPA";2;1;1;1.16666666666667;0.166666666666667;1;0.0438301441214602;0.00613082416004753;0.00165473839713318;3.47212972498526e-18;0.00613091846204702;0;2
"Aggr";81;"Andrena_cinerea";18;9;9;8.03333333333333;5.03333333333333;3;0.226273081431319;0.0427148657001309;0;0.0103378480673225;0.042721883900634;0;4
"Aggr";82;"Bombyliidae";16;8;8;6.45;5.45;1;0.347504660183684;0.0791380637343047;1.46275646911687e-16;0.00180928683322969;0.0791400155098763;0;4
"Aggr";83;"Coleoptera";2;1;1;1.33333333333333;0.333333333333333;1;0.0274746674165987;0.000340610502605618;0;4.2136505770145e-05;0.000341032247162084;0;2
"Aggr";84;"Colias_croceus";2;1;1;2;1;1;0.0754778962134564;1.23740468203625e-17;3.65689117279218e-17;1.04163891749558e-17;1.05382760625536e-06;0;2
"Aggr";85;"Curculionidae";4;2;2;1.83333333333333;0.833333333333333;1;0.0417789182892227;0.000805664333966784;0;0.00013656378133215;0.000806531287751871;0;4
"Aggr";86;"Dilophus_sp.";78;39;39;35.9416666666667;30.9416666666667;5;1;1;0;1;1;0;4
"Aggr";87;"Diptera";2;1;1;1.25;0.25;1;0.0190741213282027;0.00379908852031125;0;0.00677655515243085;0.00379921717297555;0;2
"Aggr";88;"Empididae";8;4;4;2.11666666666667;1.11666666666667;1;0.0430987693392651;0.0119576869170884;0;0.0217527038720608;0.0119582622066839;0;4
"Aggr";89;"Eucera_sp.";10;5;5;4.9;3.9;1;0.325504090821754;0.140757803759821;0;0.0033192726947617;0.140757267819206;0;4
"Aggr";90;"Eupeodes_corollae";4;2;2;2.75;0.75;2;0.0349576592634537;0.00492399796094053;3.65689117279218e-17;0.00693716185163124;0.00492465983949388;0;4
"Aggr";91;"Lasiocampa_trifolii";12;6;6;4.45;3.45;1;0.229471480160765;0.0708855971117655;2.19413470367531e-16;0.00165473839713321;0.0708864193735733;0;4
"Aggr";92;"Malachius_bipustulatus";2;1;1;1.2;0.2;1;0.0232157104923234;0.00612631808685709;0;0.00150128283643924;0.00612641421428743;0;2
"Aggr";93;"Melanostoma_sp.";2;1;1;1.5;0.5;1;0.0365689241731919;0.0155596754828062;0;0.00909705355504819;0.0155597760017663;0;2
"Aggr";94;"Mordellidae";12;6;6;6.03333333333333;4.03333333333333;2;0.236600531881484;0.0411834752355359;0;0.00930970602467237;0.041188119308586;0;4
"Aggr";95;"Musca_sp.";8;4;4;4.86666666666667;1.86666666666667;3;0.0963926191976544;0.0453456933373187;0;0.0156923723419523;0.0453474052666332;0;4
"Aggr";96;"Odontomyia_sp.";18;9;9;10.1238095238095;7.12380952380952;3;0.323530216776195;0.0138252273463717;1.46275646911687e-16;0.000394631637270601;0.0138422340184659;0;4
"Aggr";97;"Psilothrix_viridicoerulea";22;11;11;7.47619047619048;5.47619047619048;2;0.200749620797406;0.0404088970570307;1.46275646911687e-16;0.0142392250094075;0.0404135908862442;0;4
"Aggr";98;"Scaeva_sp.";2;1;1;1.25;0.25;1;0.0206758383358629;0.00274851015791439;0;0.00456683956745508;0.00274868811208505;0;2
"Aggr";99;"Sphaerophoria_scripta";26;13;13;7.96666666666667;6.96666666666667;1;0.251414254332016;0.0516258478725834;2.92551293823375e-16;0.0108380973605778;0.0516309784997336;0;4
"Aggr";100;"Ulidiidae";4;2;2;1.525;0.525;1;0.0305368675575863;0.00898115238160319;0;0.00983877118050104;0.00898138922883711;0;4
