"Layer";"Node";"Label";"Degree";"DegreeIn";"DegreeOut";"Strength";"StrengthIn";"StrengthOut";"PageRank";"Eigenvector";"Hub";"Authority";"Katz";"Multiplexity";"Kcore"
"1";1;"A1 LEMA";0;0;0;0;0;0;0.0465625590789975;0;0;0;0;0;0
"1";2;"A2 CHFU";4;2;2;2.2;1.2;1;0.33739723507725;0;0.683967667814655;0;0.278095917914453;0;2
"1";3;"A2 LEMA";0;0;0;0;0;0;0.0465625590789975;0;0;0;0;0;0
"1";4;"A5 CHFU";2;1;1;1.5;0.5;1;0.239105033108365;0.5;0;0;0.147092445124661;0;2
"1";5;"A6 CHFU";2;1;1;1.5;0.5;1;0.239105033108365;0.500000000000001;0;0;0.147092445124661;0;2
"1";6;"B1 CHFU";4;2;2;1.5;0.5;1;0.303290431464976;0;0.39996733870689;2.81957416902997e-17;0.180036069926946;0;4
"1";7;"B2 CHFU";2;1;1;1.1;0.1;1;0.131562559078997;0;1;0;0.0534646672222322;0;2
"1";8;"B2 LEMA";0;0;0;0;0;0;0.0465625590789975;0;0;0;0;0;0
"1";9;"B4 LEMA";0;0;0;0;0;0;0.0465625590789975;0;0;0;0;0;0
"1";10;"B4 ME";0;0;0;0;0;0;0.0465625590789975;0;0;0;0;0;0
"1";11;"B5 CHFU";4;2;2;1.73333333333333;0.733333333333333;1;0.307221740674375;0;0.108673605251232;0;0.204219709672016;0;4
"1";12;"B6 CHFU";4;2;2;1.43333333333333;0.433333333333333;1;0.220493868288397;0;0.563059399816513;0;0.131112974189535;0;4
"1";13;"B6 LEMA";0;0;0;0;0;0;0.0465625590789975;0;0;0;0;0;0
"1";14;"C1 LEMA";0;0;0;0;0;0;0.0465625590789975;0;0;0;0;0;0
"1";15;"C2 CHFU";4;2;2;1.9;0.9;1;0.43532808092969;0;0.246501460312342;0;0.278085584400636;0;2
"1";16;"C2 LEMA";0;0;0;0;0;0;0.0465625590789975;0;0;0;0;0;0
"1";17;"C3 LEMA";0;0;0;0;0;0;0.0465625590789975;0;0;0;0;0;0
"1";18;"C4 LEMA";0;0;0;0;0;0;0.0465625590789975;0;0;0;0;0;0
"1";19;"C5 CHFU";2;1;1;1.2;0.2;1;0.122503939541671;0;0.0581268253904273;0;0.0561552292946009;0;2
"1";20;"C5 LEMA";0;0;0;0;0;0;0.0465625590789975;0;0;0;0;0;0
"1";21;"C6 LEMA";0;0;0;0;0;0;0.0465625590789975;0;0;0;0;0;0
"1";22;"D2 LEMA";0;0;0;0;0;0;0.0465625590789975;0;0;0;0;0;0
"1";23;"D5 LEMA";0;0;0;0;0;0;0.0465625590789975;0;0;0;0;0;0
"1";24;"D6 CHFU";2;1;1;1.1;0.1;1;0.131562559078997;0;1;0;0.0534646672222322;0;2
"1";25;"E1 LEMA";0;0;0;0;0;0;0.0465625590789975;0;0;0;0;0;0
"1";26;"E2 LEMA";0;0;0;0;0;0;0.0465625590789975;0;0;0;0;0;0
"1";27;"E4 LEMA";0;0;0;0;0;0;0.0465625590789975;0;0;0;0;0;0
"1";28;"E5 CHFU";2;1;1;1.1;0.1;1;0.131562559078997;0;1;0;0.0534646672222322;0;2
"1";29;"E5 LEMA";0;0;0;0;0;0;0.0465625590789975;0;0;0;0;0;0
"1";30;"F1 LEMA";0;0;0;0;0;0;0.0465625590789975;0;0;0;0;0;0
"1";31;"F2 LEMA";0;0;0;0;0;0;0.0465625590789975;0;0;0;0;0;0
"1";32;"F3 LEMA";0;0;0;0;0;0;0.0465625590789975;0;0;0;0;0;0
"1";33;"F4 CHFU";2;1;1;1.2;0.2;1;0.132426495271987;0;0.0999510080603352;0;0.0632857013523569;0;2
"1";34;"F4 LEMA";0;0;0;0;0;0;0.0465625590789975;0;0;0;0;0;0
"1";35;"F5 CHFU";4;2;2;1.53333333333333;0.533333333333333;1;0.305493868288397;0;0.708706266544342;0;0.184577641411767;0;4
"1";36;"F6 LEMA";0;0;0;0;0;0;0.0465625590789975;0;0;0;0;0;0
"1";37;"Andrena_cinerea";2;1;1;1.33333333333333;0.333333333333333;1;0.142158442350885;0;0;0.0519030034439659;0.082848618328161;0;2
"1";38;"Chrysotoxum_sp.";0;0;0;0;0;0;0.0465625590789975;0;0;0;0;0;0
"1";39;"Dilophus_sp.";6;3;3;2.16666666666667;1.16666666666667;1;0.313875208974352;0;0;0.126118799633027;0.23873085035788;0;4
"1";40;"Diptera";4;2;2;2.8;1.8;1;0.446714002721607;0;0;0.0581268253904275;0.359421022879212;0;2
"1";41;"Empididae";16;8;8;6.36666666666667;5.36666666666667;1;1;0;0;1;1;0;4
"1";42;"Eupeodes_corollae";4;2;2;3;2;1;0.453041115363218;1;0;2.81957416902997e-17;0.393254644751448;0;2
"1";43;"Meligethes_sp.";0;0;0;0;0;0;0.0465625590789975;0;0;0;0;0;0
"1";44;"Mordellidae";0;0;0;0;0;0;0.0465625590789975;0;0;0;0;0;0
"1";45;"Nemotelus_sp.";0;0;0;0;0;0;0.0465625590789975;0;0;0;0;0;0
"1";46;"Odontomyia_sp.";0;0;0;0;0;0;0.0465625590789975;0;0;0;0;0;0
"1";47;"Psilothrix_viridicoerulea";6;3;3;3.33333333333333;2.33333333333333;1;0.505081977605818;0;0;0.0999510080603353;0.449380865276513;0;4
"1";48;"Sphaerophoria_scripta";0;0;0;0;0;0;0.0465625590789975;0;0;0;0;0;0
"2";1;"A1 LEMA";4;2;2;1.3768115942029;0.376811594202899;1;0.111567496930097;0.0869565217391304;0.523677804163341;0;0.0869567298294913;0;4
"2";2;"A2 CHFU";0;0;0;0;0;0;0.0278567163787146;0;9.10533124717024e-18;0;0;0;0
"2";3;"A2 LEMA";8;4;4;2.36853002070393;1.36853002070393;1;0.377190371823201;0.391304347826087;0.363309068266401;0;0.391302809558957;0;4
"2";4;"A5 CHFU";0;0;0;0;0;0;0.0278567163787146;0;9.10533124717024e-18;0;0;0;0
"2";5;"A6 CHFU";0;0;0;0;0;0;0.0278567163787146;0;9.10533124717024e-18;0;0;0;0
"2";6;"B1 CHFU";0;0;0;0;0;0;0.0278567163787146;0;9.10533124717024e-18;0;0;0;0
"2";7;"B2 CHFU";0;0;0;0;0;0;0.0278567163787146;0;9.10533124717024e-18;0;0;0;0
"2";8;"B2 LEMA";6;3;3;1.39648033126294;0.39648033126294;1;0.180760068346606;0.173913043478261;0.540591599249641;0;0.17391185650248;0;6
"2";9;"B4 LEMA";2;1;1;1.33333333333333;0.333333333333333;1;0.105930917766483;0.0869565217391305;0.0714303661119011;0;0.0869559699540198;0;2
"2";10;"B4 ME";0;0;0;0;0;0;0.0278567163787146;0;9.10533124717024e-18;0;0;0;0
"2";11;"B5 CHFU";0;0;0;0;0;0;0.0278567163787146;0;9.10533124717024e-18;0;0;0;0
"2";12;"B6 CHFU";0;0;0;0;0;0;0.0278567163787146;0;9.10533124717024e-18;0;0;0;0
"2";13;"B6 LEMA";2;1;1;1.08695652173913;0.0869565217391304;1;0.101769759856975;0.0869565217391304;1;0;0.0869557960850672;0;2
"2";14;"C1 LEMA";2;1;1;1.14285714285714;0.142857142857143;1;0.067809924174461;0.0434782608695653;0.0909360308866596;0;0.0434780754404032;0;2
"2";15;"C2 CHFU";0;0;0;0;0;0;0.0278567163787146;0;9.10533124717024e-18;0;0;0;0
"2";16;"C2 LEMA";8;4;4;2.39648033126294;1.39648033126294;1;0.238969348063721;0.217391304347826;0.435077607681332;0;0.21739121614073;0;6
"2";17;"C3 LEMA";2;1;1;1.04347826086957;0.0434782608695652;1;0.064813238117845;0.0434782608695652;1;0;0.0434778980425336;0;2
"2";18;"C4 LEMA";8;4;4;1.68633540372671;0.686335403726708;1;0.220850970613804;0.217391304347826;0.266154567376534;0;0.217389951632359;0;6
"2";19;"C5 CHFU";0;0;0;0;0;0;0.0278567163787146;0;9.10533124717024e-18;0;0;0;0
"2";20;"C5 LEMA";2;1;1;1.16666666666667;0.166666666666667;1;0.068984164810327;0.0434782608695652;0.103069267532253;0;0.0434781837199022;0;2
"2";21;"C6 LEMA";2;1;1;1.14285714285714;0.142857142857143;1;0.067809924174461;0.0434782608695653;0.0909360308866596;0;0.0434780754404032;0;2
"2";22;"D2 LEMA";2;1;1;1.04347826086957;0.0434782608695652;1;0.064813238117845;0.0434782608695652;1;0;0.0434778980425336;0;2
"2";23;"D5 LEMA";4;2;2;1.66666666666667;0.666666666666667;1;0.127337866850408;0.0869565217391304;0.02848293578628;0;0.0869583107393125;0;4
"2";24;"D6 CHFU";0;0;0;0;0;0;0.0278567163787146;0;9.10533124717024e-18;0;0;0;0
"2";25;"E1 LEMA";6;3;3;1.70186335403727;0.701863354037267;1;0.293331639922196;0.304347826086957;0.475144575480892;0;0.304345621621821;0;6
"2";26;"E2 LEMA";4;2;2;1.21014492753623;0.210144927536232;1;0.105940686549457;0.0869565217391305;0.551534633766126;0;0.0869560817624359;0;4
"2";27;"E4 LEMA";8;4;4;2.35300207039337;1.35300207039337;1;0.200597565718035;0.173913043478261;0.291797470529831;0;0.173913309455939;0;6
"2";28;"E5 CHFU";0;0;0;0;0;0;0.0278567163787146;0;9.10533124717024e-18;0;0;0;0
"2";29;"E5 LEMA";2;1;1;1.33333333333333;0.333333333333333;1;0.0805836080381564;0.0434782608695652;0.00961026324587748;0;0.0434794789523548;0;2
"2";30;"F1 LEMA";6;3;3;1.3768115942029;0.376811594202899;1;0.144977787243341;0.130434782608696;0.391499877881385;0;0.130434066739446;0;6
"2";31;"F2 LEMA";2;1;1;2;1;1;0.185711442524764;0.165508764505672;0;0;0.165497827519352;0;2
"2";32;"F3 LEMA";2;1;1;1.04347826086957;0.0434782608695652;1;0.064813238117845;0.0434782608695652;1;0;0.0434778980425336;0;2
"2";33;"F4 CHFU";0;0;0;0;0;0;0.0278567163787146;0;9.10533124717024e-18;0;0;0;0
"2";34;"F4 LEMA";2;1;1;1.08695652173913;0.0869565217391304;1;0.101769759856975;0.0869565217391305;1;0;0.0869557960850672;0;2
"2";35;"F5 CHFU";0;0;0;0;0;0;0.0278567163787146;0;9.10533124717024e-18;0;0;0;0
"2";36;"F6 LEMA";4;2;2;2.04347826086957;1.04347826086957;1;0.170723048951291;0.130434782608696;0.357082891162357;0;0.130436751541904;0;2
"2";37;"Andrena_cinerea";10;5;5;2.98333333333333;1.98333333333333;1;0.275556004898005;0.260869565217391;0;0.0714303661119012;0.26086886357242;0;6
"2";38;"Chrysotoxum_sp.";2;1;1;1.2;0.2;1;0.0684815055495471;0.0434782608695653;0;0.0130216414080989;0.0434781394413688;0;2
"2";39;"Dilophus_sp.";10;5;5;3.87857142857143;2.87857142857143;1;0.329026417141442;0.304347826086957;0;0.0909360308866597;0.304347916583714;0;6
"2";40;"Diptera";2;1;1;2;1;1;0.185711442524764;0.165508764505672;0;0;0.165497827519352;0;2
"2";41;"Empididae";0;0;0;0;0;0;0.0278567163787146;0;9.10533124717024e-18;0;0;0;0
"2";42;"Eupeodes_corollae";2;1;1;1.25;0.25;1;0.0704836990937971;0.0434782608695653;0;0.0109166788808078;0.0434783063252799;0;2
"2";43;"Meligethes_sp.";8;4;4;2.03730158730159;1.03730158730159;1;0.286141346555239;0.304347826086957;7.28426499773619e-17;0.0532039357062635;0.304345296685769;0;6
"2";44;"Mordellidae";2;1;1;1.66666666666667;0.666666666666667;1;0.124599777451113;0.0869565217391304;0;0.035624336743535;0.0869580681017757;0;2
"2";45;"Nemotelus_sp.";6;3;3;2.61111111111111;1.61111111111111;1;0.186094911739207;0.130434782608696;0;0.00961026324587756;0.130438086259652;0;4
"2";46;"Odontomyia_sp.";6;3;3;2.11111111111111;1.11111111111111;1;0.165015031102065;0.130434782608696;0;0.0473556083266824;0.130436144744045;0;4
"2";47;"Psilothrix_viridicoerulea";30;15;15;9.77857142857143;8.77857142857143;1;1;1;0;1;1;0;6
"2";48;"Sphaerophoria_scripta";10;5;5;3.48333333333333;2.48333333333333;1;0.290311400693734;0.260869565217391;0;0.103069267532253;0.260870056041699;0;6
"3";1;"A1 LEMA";0;0;0;0;0;0;0.15;0;7.85046229341888e-17;7.85046229341888e-17;0;0;0
"3";2;"A2 CHFU";0;0;0;0;0;0;0.15;0;7.85046229341888e-17;7.85046229341888e-17;0;0;0
"3";3;"A2 LEMA";0;0;0;0;0;0;0.15;0;7.85046229341888e-17;7.85046229341888e-17;0;0;0
"3";4;"A5 CHFU";0;0;0;0;0;0;0.15;0;7.85046229341888e-17;7.85046229341888e-17;0;0;0
"3";5;"A6 CHFU";0;0;0;0;0;0;0.15;0;7.85046229341888e-17;7.85046229341888e-17;0;0;0
"3";6;"B1 CHFU";0;0;0;0;0;0;0.15;0;7.85046229341888e-17;7.85046229341888e-17;0;0;0
"3";7;"B2 CHFU";0;0;0;0;0;0;0.15;0;7.85046229341888e-17;7.85046229341888e-17;0;0;0
"3";8;"B2 LEMA";0;0;0;0;0;0;0.15;0;7.85046229341888e-17;7.85046229341888e-17;0;0;0
"3";9;"B4 LEMA";0;0;0;0;0;0;0.15;0;7.85046229341888e-17;7.85046229341888e-17;0;0;0
"3";10;"B4 ME";2;1;1;2;1;1;1;1;1;1;1;0;2
"3";11;"B5 CHFU";0;0;0;0;0;0;0.15;0;7.85046229341888e-17;7.85046229341888e-17;0;0;0
"3";12;"B6 CHFU";0;0;0;0;0;0;0.15;0;7.85046229341888e-17;7.85046229341888e-17;0;0;0
"3";13;"B6 LEMA";0;0;0;0;0;0;0.15;0;7.85046229341888e-17;7.85046229341888e-17;0;0;0
"3";14;"C1 LEMA";0;0;0;0;0;0;0.15;0;7.85046229341888e-17;7.85046229341888e-17;0;0;0
"3";15;"C2 CHFU";0;0;0;0;0;0;0.15;0;7.85046229341888e-17;7.85046229341888e-17;0;0;0
"3";16;"C2 LEMA";0;0;0;0;0;0;0.15;0;7.85046229341888e-17;7.85046229341888e-17;0;0;0
"3";17;"C3 LEMA";0;0;0;0;0;0;0.15;0;7.85046229341888e-17;7.85046229341888e-17;0;0;0
"3";18;"C4 LEMA";0;0;0;0;0;0;0.15;0;7.85046229341888e-17;7.85046229341888e-17;0;0;0
"3";19;"C5 CHFU";0;0;0;0;0;0;0.15;0;7.85046229341888e-17;7.85046229341888e-17;0;0;0
"3";20;"C5 LEMA";0;0;0;0;0;0;0.15;0;7.85046229341888e-17;7.85046229341888e-17;0;0;0
"3";21;"C6 LEMA";0;0;0;0;0;0;0.15;0;7.85046229341888e-17;7.85046229341888e-17;0;0;0
"3";22;"D2 LEMA";0;0;0;0;0;0;0.15;0;7.85046229341888e-17;7.85046229341888e-17;0;0;0
"3";23;"D5 LEMA";0;0;0;0;0;0;0.15;0;7.85046229341888e-17;7.85046229341888e-17;0;0;0
"3";24;"D6 CHFU";0;0;0;0;0;0;0.15;0;7.85046229341888e-17;7.85046229341888e-17;0;0;0
"3";25;"E1 LEMA";0;0;0;0;0;0;0.15;0;7.85046229341888e-17;7.85046229341888e-17;0;0;0
"3";26;"E2 LEMA";0;0;0;0;0;0;0.15;0;7.85046229341888e-17;7.85046229341888e-17;0;0;0
"3";27;"E4 LEMA";0;0;0;0;0;0;0.15;0;7.85046229341888e-17;7.85046229341888e-17;0;0;0
"3";28;"E5 CHFU";0;0;0;0;0;0;0.15;0;7.85046229341888e-17;7.85046229341888e-17;0;0;0
"3";29;"E5 LEMA";0;0;0;0;0;0;0.15;0;7.85046229341888e-17;7.85046229341888e-17;0;0;0
"3";30;"F1 LEMA";0;0;0;0;0;0;0.15;0;7.85046229341888e-17;7.85046229341888e-17;0;0;0
"3";31;"F2 LEMA";0;0;0;0;0;0;0.15;0;7.85046229341888e-17;7.85046229341888e-17;0;0;0
"3";32;"F3 LEMA";0;0;0;0;0;0;0.15;0;7.85046229341888e-17;7.85046229341888e-17;0;0;0
"3";33;"F4 CHFU";0;0;0;0;0;0;0.15;0;7.85046229341888e-17;7.85046229341888e-17;0;0;0
"3";34;"F4 LEMA";0;0;0;0;0;0;0.15;0;7.85046229341888e-17;7.85046229341888e-17;0;0;0
"3";35;"F5 CHFU";0;0;0;0;0;0;0.15;0;7.85046229341888e-17;7.85046229341888e-17;0;0;0
"3";36;"F6 LEMA";0;0;0;0;0;0;0.15;0;7.85046229341888e-17;7.85046229341888e-17;0;0;0
"3";37;"Andrena_cinerea";2;1;1;2;1;1;1;1;1;1;1;0;2
"3";38;"Chrysotoxum_sp.";0;0;0;0;0;0;0.15;0;7.85046229341888e-17;7.85046229341888e-17;0;0;0
"3";39;"Dilophus_sp.";0;0;0;0;0;0;0.15;0;7.85046229341888e-17;7.85046229341888e-17;0;0;0
"3";40;"Diptera";0;0;0;0;0;0;0.15;0;7.85046229341888e-17;7.85046229341888e-17;0;0;0
"3";41;"Empididae";0;0;0;0;0;0;0.15;0;7.85046229341888e-17;7.85046229341888e-17;0;0;0
"3";42;"Eupeodes_corollae";0;0;0;0;0;0;0.15;0;7.85046229341888e-17;7.85046229341888e-17;0;0;0
"3";43;"Meligethes_sp.";0;0;0;0;0;0;0.15;0;7.85046229341888e-17;7.85046229341888e-17;0;0;0
"3";44;"Mordellidae";0;0;0;0;0;0;0.15;0;7.85046229341888e-17;7.85046229341888e-17;0;0;0
"3";45;"Nemotelus_sp.";0;0;0;0;0;0;0.15;0;7.85046229341888e-17;7.85046229341888e-17;0;0;0
"3";46;"Odontomyia_sp.";0;0;0;0;0;0;0.15;0;7.85046229341888e-17;7.85046229341888e-17;0;0;0
"3";47;"Psilothrix_viridicoerulea";0;0;0;0;0;0;0.15;0;7.85046229341888e-17;7.85046229341888e-17;0;0;0
"3";48;"Sphaerophoria_scripta";0;0;0;0;0;0;0.15;0;7.85046229341888e-17;7.85046229341888e-17;0;0;0
"Aggr";1;"A1 LEMA";4;2;2;1.3768115942029;0.376811594202899;1;0.0757606685319537;0.0322057734399631;0.517992407474761;1.40886094176942e-17;0.0322121922371202;0;4
"Aggr";2;"A2 CHFU";4;2;2;2.2;1.2;1;0.212092585194159;0.817118119511187;0.0662030106616459;1.40886094176942e-17;0.817117449288729;0;4
"Aggr";3;"A2 LEMA";8;4;4;2.36853002070393;1.36853002070393;1;0.247397258603159;0.128834270172957;0.356047068962795;2.81772188353883e-17;0.128859372602483;0;4
"Aggr";4;"A5 CHFU";2;1;1;1.5;0.5;1;0.0552385448162289;0.00880653156523453;0.0106713099163918;0;0.00881602352559548;0;2
"Aggr";5;"A6 CHFU";2;1;1;1.5;0.5;1;0.0552385448162289;0.00880653156523453;0.0106713099163918;0;0.00881602352559548;0;2
"Aggr";6;"B1 CHFU";4;2;2;1.5;0.5;1;0.242864730313266;0.294907379555622;0.689096240152386;2.81772188353883e-17;0.294942138600108;0;4
"Aggr";7;"B2 CHFU";2;1;1;1.1;0.1;1;0.0728647303132662;0.0533156618334653;0.0672887204571581;7.04430470884709e-18;0.0533176563236268;0;2
"Aggr";8;"B2 LEMA";6;3;3;1.39648033126294;0.39648033126294;1;0.0984053760884342;0.206344392906397;0.543951204028438;5.63544376707767e-17;0.206354961446336;0;6
"Aggr";9;"B4 LEMA";2;1;1;1.33333333333333;0.333333333333333;1;0.0530808020252266;0.236828931948086;0.0640315910706214;1.40886094176942e-17;0.236827378880492;0;2
"Aggr";10;"B4 ME";2;1;1;2;1;1;0.112802765321653;0.710486795844257;0.0640315910706214;0;0.710482136641475;0;2
"Aggr";11;"B5 CHFU";4;2;2;1.73333333333333;0.733333333333333;1;0.247583087722776;0.324215023748729;0.70392440834771;0;0.324257640440302;0;4
"Aggr";12;"B6 CHFU";4;2;2;1.43333333333333;0.433333333333333;1;0.127227997659029;0.135938967860039;0.0895309727501432;1.40886094176942e-17;0.135950814487448;0;4
"Aggr";13;"B6 LEMA";2;1;1;1.08695652173913;0.0869565217391304;1;0.0601763421161439;0.0525199386352513;1;2.81772188353883e-17;0.0525270613644525;0;2
"Aggr";14;"C1 LEMA";2;1;1;1.14285714285714;0.142857142857143;1;0.0465183635251972;0.0354099882971028;0.111773225043128;2.81772188353883e-17;0.0354142106416376;0;2
"Aggr";15;"C2 CHFU";4;2;2;1.9;0.9;1;0.186679584934577;0.295288413777313;0.014904645103769;1.40886094176942e-17;0.295313633031973;0;2
"Aggr";16;"C2 LEMA";8;4;4;2.39648033126294;1.39648033126294;1;0.138097280431205;0.229515930476667;0.43719616317329;5.63544376707767e-17;0.229530277160213;0;6
"Aggr";17;"C3 LEMA";2;1;1;1.04347826086957;0.0434782608695652;1;0.0416980812465786;0.0262599693176257;1;1.40886094176942e-17;0.0262635306822262;0;2
"Aggr";18;"C4 LEMA";8;4;4;1.68633540372671;0.686335403726708;1;0.137316042794864;0.185103546871099;0.250703529763003;0;0.185113002973712;0;6
"Aggr";19;"C5 CHFU";2;1;1;1.2;0.2;1;0.0516735340323411;0.060493187985962;0.00180862626542166;1.40886094176942e-17;0.0604989941770866;0;2
"Aggr";20;"C5 LEMA";2;1;1;1.16666666666667;0.166666666666667;1;0.0517557448140231;0.0151873588187501;0.0745147991801979;7.04430470884709e-18;0.0151896473198843;0;2
"Aggr";21;"C6 LEMA";2;1;1;1.14285714285714;0.142857142857143;1;0.0465183635251972;0.0354099882971028;0.111773225043128;2.81772188353883e-17;0.0354142106416376;0;2
"Aggr";22;"D2 LEMA";2;1;1;1.04347826086957;0.0434782608695652;1;0.0416980812465786;0.0262599693176256;1;1.40886094176942e-17;0.0262635306822262;0;2
"Aggr";23;"D5 LEMA";4;2;2;1.66666666666667;0.666666666666667;1;0.0974999885938261;0.009836786452357;0.0212988915645794;2.81772188353883e-17;0.00984282770991895;0;4
"Aggr";24;"D6 CHFU";2;1;1;1.1;0.1;1;0.0728647303132662;0.0533156618334653;0.0672887204571581;7.04430470884709e-18;0.0533176563236268;0;2
"Aggr";25;"E1 LEMA";6;3;3;1.70186335403727;0.701863354037267;1;0.17216585428042;0.195064266786116;0.482253733501912;8.4531656506165e-17;0.195089712183063;0;6
"Aggr";26;"E2 LEMA";4;2;2;1.21014492753623;0.210144927536232;1;0.0702340056835883;0.0414473281363757;0.537257399590099;5.63544376707767e-17;0.0414531780021105;0;4
"Aggr";27;"E4 LEMA";8;4;4;2.35300207039337;1.35300207039337;1;0.157887076412179;0.0691147852087756;0.281410642120147;2.81772188353883e-17;0.0691417132647728;0;6
"Aggr";28;"E5 CHFU";2;1;1;1.1;0.1;1;0.0728647303132662;0.0533156618334653;0.0672887204571581;7.04430470884709e-18;0.0533176563236268;0;2
"Aggr";29;"E5 LEMA";2;1;1;1.33333333333333;0.333333333333333;1;0.063437401308451;0.00389098233001953;0.00661296817963674;7.04430470884709e-18;0.00389416615502501;0;2
"Aggr";30;"F1 LEMA";6;3;3;1.3768115942029;0.376811594202899;1;0.0851644965076949;0.159861794110419;0.37951546341694;2.81772188353883e-17;0.159866867442356;0;6
"Aggr";31;"F2 LEMA";2;1;1;2;1;1;0.165488388653652;0.30246593992981;0.00180862626542166;1.40886094176942e-17;0.302494970885433;0;2
"Aggr";32;"F3 LEMA";2;1;1;1.04347826086957;0.0434782608695652;1;0.0416980812465786;0.0262599693176256;1;1.40886094176942e-17;0.0262635306822262;0;2
"Aggr";33;"F4 CHFU";2;1;1;1.2;0.2;1;0.108219820377013;0.120795858861078;1;7.04430470884709e-18;0.120812241138241;0;2
"Aggr";34;"F4 LEMA";2;1;1;1.08695652173913;0.0869565217391304;1;0.0601763421161439;0.0525199386352513;1;2.81772188353883e-17;0.0525270613644525;0;2
"Aggr";35;"F5 CHFU";4;2;2;1.53333333333333;0.533333333333333;1;0.176872907595281;0.189254629693504;0.0821168886524816;4.22658282530825e-17;0.189268470811075;0;4
"Aggr";36;"F6 LEMA";4;2;2;2.04347826086957;1.04347826086957;1;0.118523977942843;0.0395795991137899;0.3515149294875;2.81772188353883e-17;0.0395899973852049;0;2
"Aggr";37;"Andrena_cinerea";14;7;7;6.31666666666667;3.31666666666667;3;0.31617509980461;1;0;0.0640315910706216;1;0;6
"Aggr";38;"Chrysotoxum_sp.";2;1;1;1.2;0.2;1;0.0466963580503182;0.0326136076079161;0;0.0101759997527011;0.032615809210334;0;2
"Aggr";39;"Dilophus_sp.";16;8;8;6.0452380952381;4.0452380952381;2;0.383740710675969;0.34887336334686;1.65193420385688e-16;0.111773225043129;0.348915010484875;0;6
"Aggr";40;"Diptera";6;3;3;4.8;2.8;2;0.33474957241562;0.425716482978964;8.2596710192844e-17;0.00180862626542171;0.425758158976492;0;2
"Aggr";41;"Empididae";16;8;8;6.36666666666667;5.36666666666667;1;0.584057763955916;0.750410312272044;0;0.0672887204571583;0.750442446621431;0;4
"Aggr";42;"Eupeodes_corollae";6;3;3;4.25;2.25;2;0.150676350302191;0.0247901343606813;0;0.0106713099163919;0.0248136598553408;0;2
"Aggr";43;"Meligethes_sp.";8;4;4;2.03730158730159;1.03730158730159;1;0.194481591707195;0.0990599093539569;0;0.0404564593839982;0.09907809147703;0;6
"Aggr";44;"Mordellidae";2;1;1;1.66666666666667;0.666666666666667;1;0.0903834078779575;0.0187471883701046;0;0.0272723942312499;0.0187535565154468;0;2
"Aggr";45;"Nemotelus_sp.";6;3;3;2.61111111111111;1.61111111111111;1;0.141944403287427;0.0164295058801027;8.2596710192844e-17;0.00661296817963678;0.0164396716025022;0;4
"Aggr";46;"Odontomyia_sp.";6;3;3;2.11111111111111;1.11111111111111;1;0.120220896301324;0.0251059027012832;0;0.0359848149495219;0.0251147769966301;0;4
"Aggr";47;"Psilothrix_viridicoerulea";36;18;18;13.1119047619048;11.1119047619048;2;1;0.85009221541928;0;1;0.85021256440978;0;6
"Aggr";48;"Sphaerophoria_scripta";10;5;5;3.48333333333333;2.48333333333333;1;0.20143005484948;0.128255941483359;0;0.074514799180198;0.12827310817132;0;6
