"Layer";"Node";"Label";"Strength";"StrengthIn";"StrengthOut";"Degree";"DegreeIn";"DegreeOut";"PageRank";"Eigenvector";"Hub";"Authority";"Katz";"Multiplexity";"Kcore"
"1-Multi";1;"A2 CHFU";1.58823529411765;0.588235294117647;1;4;2;2;0.0754891548451223;1;0;0.00238543064847278;0.186627324384392;0.333333333333333;2
"1-Multi";2;"A3 CHFU";1.02941176470588;0.0294117647058824;1;2;1;1;0.0409544507665179;1;0;9.03486613975001e-05;0.20874741387921;0.333333333333333;2
"1-Multi";3;"A3 LEMA";1.27;0.27;1;4;2;2;0.0566028850304719;1;0.472082723937557;0;0.0247766852103846;0.333333333333333;4
"1-Multi";4;"A4 CHFU";1.02941176470588;0.0294117647058824;1;2;1;1;0.0409544507665187;1;0;9.03486613975062e-05;0.20874741387921;0.333333333333333;2
"1-Multi";5;"A5 LEMA";1.18666666666667;0.186666666666667;1;4;2;2;0.0781272813612559;1;0.336166954313892;0;0.14211462663581;0.333333333333333;4
"1-Multi";6;"A6 CHFU";1.02941176470588;0.0294117647058824;1;2;1;1;0.0409544507665155;1;0;9.03486613974974e-05;0.20874741387921;0.333333333333333;2
"1-Multi";7;"B1 CHFU";2.36274509803922;1.36274509803922;1;6;3;3;0.0775630683792553;1;0;0.0001047901724412;0.115253441647584;0.333333333333333;4
"1-Multi";8;"B2 CHFU";1.02941176470588;0.0294117647058824;1;2;1;1;0.0409544507665201;1;0;9.03486613975129e-05;0.20874741387921;0.333333333333333;2
"1-Multi";9;"B2 LEMA";1.02;0.02;1;2;1;1;0.0430130645725207;1;0.915419878349012;0;0.019946917056225;0.333333333333333;2
"1-Multi";10;"B3 CHFU";2;1;1;2;1;1;0.0980957271595026;1;0;0;1.15657636880018e-05;0.333333333333333;2
"1-Multi";11;"B4 LEMA";1.20285714285714;0.202857142857143;1;4;2;2;0.0706168059141832;1;0.702081970324075;0;0.033261371825397;0.333333333333333;4
"1-Multi";12;"B5 LEMA";2.97666666666667;1.97666666666667;1;8;4;4;0.157454155989046;1;0.325399347188434;0;0.0655683712798755;0.333333333333333;4
"1-Multi";13;"B6 LEMA";1.08;0.08;1;2;1;1;0.0701836185475207;1;0.915419878349012;0;0.019946917056225;0.333333333333333;2
"1-Multi";14;"C1 CHFU";1.33333333333333;0.333333333333333;1;2;1;1;0.0520868277997078;1;0;3.89130377179516e-06;0.0545900554845579;0.333333333333333;2
"1-Multi";15;"C3 CHFU";1.66666666666667;0.666666666666667;1;4;2;2;0.0646951830098356;1;0;5.05486767814538e-05;0.0738050053693262;0.333333333333333;4
"1-Multi";16;"C3 LEMA";1.16666666666667;0.166666666666667;1;2;1;1;0.069070430036255;1;0.0465404922963322;0;0.203198481425603;0.333333333333333;2
"1-Multi";17;"C4 LEMA";1.20285714285714;0.202857142857143;1;4;2;2;0.0706168059141841;1;0.702081970324075;0;0.033261371825397;0.333333333333333;4
"1-Multi";18;"C5 CHFU";1.33333333333333;0.333333333333333;1;2;1;1;0.046564568457652;1;0;4.66573730096567e-05;0.0930199552540947;0.333333333333333;2
"1-Multi";19;"C5 LEMA";3.24;2.24;1;8;4;4;0.107496529266182;1;0.37812182350864;0;0.0128103298072802;0.333333333333333;4
"1-Multi";20;"C6 CHFU";2.02941176470588;1.02941176470588;1;4;2;2;0.0663758744884947;1;0;9.85735958146784e-05;0.142454530630121;0.333333333333333;2
"1-Multi";21;"D2 CHFU";2;1;1;2;1;1;0.0980957271594934;1;0;0;1.15657636880018e-05;0.333333333333333;2
"1-Multi";22;"D2 LEMA";1.20285714285714;0.202857142857143;1;4;2;2;0.0706168059141845;1;0.702081970324075;0;0.033261371825397;0.333333333333333;4
"1-Multi";23;"D3 CHFU";1.5;0.5;1;2;1;1;0.0544944422881425;1;0;0.00211438466428031;0.12026705589994;0.333333333333333;2
"1-Multi";24;"D3 LEMA";1.06;0.06;1;2;1;1;0.0611267672225229;1;0.915419878349012;0;0.019946917056225;0.333333333333333;2
"1-Multi";25;"D4 CHFU";1.45098039215686;0.450980392156863;1;4;2;2;0.0800797778756864;1;0;0.00036528594936179;0.177915942200279;0.333333333333333;4
"1-Multi";26;"D5 LEMA";1.08333333333333;0.0833333333333333;1;2;1;1;0.0515133216418886;1;0.0465404922963323;0;0.203198481425603;0.333333333333333;2
"1-Multi";27;"D5 ME";2.4;1.4;1;4;2;2;0.168586058523853;1;0;0.0923948929353941;0.00795382309580614;0.333333333333333;2
"1-Multi";28;"D6 LEMA";1.02;0.02;1;2;1;1;0.0430130645725252;1;0.915419878349012;0;0.019946917056225;0.333333333333333;2
"1-Multi";29;"D6 ME";2;1;1;2;1;1;0.0759250713571206;1;0;0.00462829844046765;0.319236108365941;0.333333333333333;2
"1-Multi";30;"E1 CHFU";1.45098039215686;0.450980392156863;1;4;2;2;0.0757089402306245;1;0;0.00036709251399016;0.182076527046631;0.333333333333333;4
"1-Multi";31;"E1 LEMA";1.04;0.04;1;2;1;1;0.0520699158975257;1;0.915419878349012;0;0.019946917056225;0.333333333333333;2
"1-Multi";32;"E2 LEMA";1.36285714285714;0.362857142857143;1;6;3;3;0.0641635959203425;1;0.341545787561341;0;0.0345339616746203;0.333333333333333;4
"1-Multi";33;"E3 CHFU";2.02941176470588;1.02941176470588;1;4;2;2;0.0639895811149227;1;0;0.000536075746188953;0.17721483989063;0.333333333333333;2
"1-Multi";34;"E3 LEMA";3.6752380952381;2.6752380952381;1;10;5;5;0.197083545161499;1;0.304729997871013;0;0.0828233851631629;0.333333333333333;4
"1-Multi";35;"E3 ME";1.2;0.2;1;2;1;1;0.0708327741120197;1;0;0.000622988735075702;0.00251197017410052;0.333333333333333;2
"1-Multi";36;"E4 CHFU";1.69607843137255;0.696078431372549;1;6;3;3;0.0673225828837693;1;0;0.000142703902807322;0.125720116283207;0.333333333333333;4
"1-Multi";37;"E4 LEMA";2;1;1;2;1;1;0.0980957271594999;1;0;0;1.15657636880018e-05;0.333333333333333;2
"1-Multi";38;"E5 CHFU";2;1;1;2;1;1;0.0980957271595057;1;0;0;1.15657636880018e-05;0.333333333333333;2
"1-Multi";39;"E5 LEMA";1.1;0.1;1;2;1;1;0.0792404698725194;1;0.915419878349012;0;0.019946917056225;0.333333333333333;2
"1-Multi";40;"E6 LEMA";2.02;1.02;1;4;2;2;0.0695987532454558;1;0.46746112317283;0;0.0136156044058252;0.333333333333333;2
"1-Multi";41;"E6 ME";1.2;0.2;1;2;1;1;0.0708327741120218;1;0;0.000622988735075716;0.00251197017410052;0.333333333333333;2
"1-Multi";42;"F1 CHFU";1.14705882352941;0.147058823529412;1;2;1;1;0.0689474008424973;1;0;0.000451743306987499;0.20874741387921;0.333333333333333;2
"1-Multi";43;"F1 LEMA";1.25;0.25;1;2;1;1;0.0866275384306212;1;0.0465404922963322;0;0.203198481425603;0.333333333333333;2
"1-Multi";44;"F2 LEMA";1.1;0.1;1;2;1;1;0.0792404698725214;1;0.915419878349012;0;0.019946917056225;0.333333333333333;2
"1-Multi";45;"F4 CHFU";1.08823529411765;0.0882352941176471;1;2;1;1;0.0549509258045093;1;0;0.000271045984192502;0.20874741387921;0.333333333333333;2
"1-Multi";46;"F4 ME";1.2;0.2;1;2;1;1;0.0708327741120222;1;0;0.00062298873507572;0.00251197017410052;0.333333333333333;2
"1-Multi";47;"F5 CHFU";1.05882352941176;0.0588235294117647;1;2;1;1;0.0479526882855144;1;0;0.000180697322795005;0.20874741387921;0.333333333333333;2
"1-Multi";48;"F5 LEMA";1.28;0.28;1;4;2;2;0.0818441112036767;1;0.741765750296359;0;0.0180475800119245;0.333333333333333;4
"1-Multi";49;"F6 CHFU";1.14705882352941;0.147058823529412;1;2;1;1;0.0689474008424923;1;0;0.000451743306987483;0.20874741387921;0.333333333333333;2
"1-Multi";50;"F6 LEMA";1.46;0.46;1;4;2;2;0.0844477525348372;1;0.568111622243705;0;0.0161482429676241;0.333333333333333;4
"1-Multi";51;"Andrena_cinerea";2;1;1;2;1;1;0.0980957271595026;1;0;0;1.15657636880018e-05;0.333333333333333;2
"1-Multi";52;"Anthaxia_semicuprea";1.5;0.5;1;2;1;1;0.0539147562900477;1;0;0.0213042871996838;0.00995834642002454;0.333333333333333;2
"1-Multi";53;"Bruchidae";2;1;1;2;1;1;0.0980957271594975;1;0;0;1.15657636880018e-05;0.333333333333333;2
"1-Multi";54;"Dilophus_sp.";24.8879731379731;19.4736874236874;5.41428571428571;52;26;26;1;1;0.0844788211541457;0.0508405960992123;1;1;4
"1-Multi";55;"Diptera";1.33333333333333;0.333333333333333;1;2;1;1;0.049518464563765;1;9.59270069084102e-05;0;0.0842722542250812;0.333333333333333;2
"1-Multi";56;"Episyrphus_balteatus";2.7;1.7;1;6;3;3;0.0866278798002093;1;0.000128075153234364;0;0.0746576154600993;0.333333333333333;4
"1-Multi";57;"Eucera_sp.";2;1;1;2;1;1;0.0980957271595028;1;0;0;1.15657636880018e-05;0.333333333333333;2
"1-Multi";58;"Eupeodes_corollae";6.33882783882784;3.12454212454212;3.21428571428571;12;6;6;0.13734731533984;1;0.00153564217757871;0.00223658076314907;0.234278968970109;0.666666666666667;4
"1-Multi";59;"Lagorina_sericea";1.2;0.2;1;2;1;1;0.0483822523880609;1;0;0.0068930788253105;0.00936955878051899;0.333333333333333;2
"1-Multi";60;"Lomatia_sp.";2;1;1;2;1;1;0.0980957271594892;1;0;0;1.15657636880018e-05;0.333333333333333;2
"1-Multi";61;"Malachius_bipustulatus";1.11111111111111;0.111111111111111;1;2;1;1;0.0466888997383032;1;0;0.00329553306548042;0.0479443291255826;0.333333333333333;2
"1-Multi";62;"Melanostoma_sp.";1.2;0.2;1;2;1;1;0.0483822523880614;1;0;0.00689307882531051;0.00936955878051899;0.333333333333333;2
"1-Multi";63;"Meligethes_sp.";2.13333333333333;1.13333333333333;1;8;4;4;0.0912286087699167;1;0;0.0515055868906636;0.0142883475194269;0.333333333333333;4
"1-Multi";64;"Melyridae";5.15934065934066;1.94505494505495;3.21428571428571;8;4;4;0.119766813288451;1;0.00489009751258565;0.0067281785235218;0.33263544925012;0.666666666666667;2
"1-Multi";65;"Mordellidae";1.83333333333333;0.833333333333333;1;4;2;2;0.0865895717710612;1;0;0.0314015133448342;0.0404879780263104;0.333333333333333;4
"1-Multi";66;"Musca_sp.";6.53333333333333;4.53333333333333;2;14;7;7;0.276803602506759;1;0.0343617613505597;0;0.106534671651705;0.666666666666667;4
"1-Multi";67;"Psilothrix_viridicoerulea";18.0910256410256;14.8910256410256;3.2;44;22;22;0.793865239624977;1;1;1;0.0530302399089513;0.666666666666667;4
"1-Multi";68;"Scaeva_sp.";1.5;0.5;1;2;1;1;0.0525450328183272;1;9.02362290892613e-05;0;0.104160705944465;0.333333333333333;2
"1-Multi";69;"Sphaerophoria_scripta";6.99267399267399;3.77838827838828;3.21428571428571;18;9;9;0.211391904272248;1;0.0463940717997146;0.0678030352161534;0.264593428607799;0.666666666666667;4
"2-Multi";1;"A2 CHFU";1.58823529411765;0.588235294117647;1;4;2;2;0.0754891548451223;1;0;0.00238543064847278;0.186627324384392;0.333333333333333;2
"2-Multi";2;"A3 CHFU";1.02941176470588;0.0294117647058824;1;2;1;1;0.0409544507665179;1;0;9.03486613975001e-05;0.20874741387921;0.333333333333333;2
"2-Multi";3;"A3 LEMA";1.27;0.27;1;4;2;2;0.0566028850304719;1;0.472082723937557;0;0.0247766852103846;0.333333333333333;4
"2-Multi";4;"A4 CHFU";1.02941176470588;0.0294117647058824;1;2;1;1;0.0409544507665187;1;0;9.03486613975062e-05;0.20874741387921;0.333333333333333;2
"2-Multi";5;"A5 LEMA";1.18666666666667;0.186666666666667;1;4;2;2;0.0781272813612559;1;0.336166954313892;0;0.14211462663581;0.333333333333333;4
"2-Multi";6;"A6 CHFU";1.02941176470588;0.0294117647058824;1;2;1;1;0.0409544507665155;1;0;9.03486613974974e-05;0.20874741387921;0.333333333333333;2
"2-Multi";7;"B1 CHFU";2.36274509803922;1.36274509803922;1;6;3;3;0.0775630683792553;1;0;0.0001047901724412;0.115253441647584;0.333333333333333;4
"2-Multi";8;"B2 CHFU";1.02941176470588;0.0294117647058824;1;2;1;1;0.0409544507665201;1;0;9.03486613975129e-05;0.20874741387921;0.333333333333333;2
"2-Multi";9;"B2 LEMA";1.02;0.02;1;2;1;1;0.0430130645725207;1;0.915419878349012;0;0.019946917056225;0.333333333333333;2
"2-Multi";10;"B3 CHFU";2;1;1;2;1;1;0.0980957271595026;1;0;0;1.15657636880018e-05;0.333333333333333;2
"2-Multi";11;"B4 LEMA";1.20285714285714;0.202857142857143;1;4;2;2;0.0706168059141832;1;0.702081970324075;0;0.033261371825397;0.333333333333333;4
"2-Multi";12;"B5 LEMA";2.97666666666667;1.97666666666667;1;8;4;4;0.157454155989046;1;0.325399347188434;0;0.0655683712798755;0.333333333333333;4
"2-Multi";13;"B6 LEMA";1.08;0.08;1;2;1;1;0.0701836185475207;1;0.915419878349012;0;0.019946917056225;0.333333333333333;2
"2-Multi";14;"C1 CHFU";1.33333333333333;0.333333333333333;1;2;1;1;0.0520868277997078;1;0;3.89130377179516e-06;0.0545900554845579;0.333333333333333;2
"2-Multi";15;"C3 CHFU";1.66666666666667;0.666666666666667;1;4;2;2;0.0646951830098356;1;0;5.05486767814538e-05;0.0738050053693262;0.333333333333333;4
"2-Multi";16;"C3 LEMA";1.16666666666667;0.166666666666667;1;2;1;1;0.069070430036255;1;0.0465404922963322;0;0.203198481425603;0.333333333333333;2
"2-Multi";17;"C4 LEMA";1.20285714285714;0.202857142857143;1;4;2;2;0.0706168059141841;1;0.702081970324075;0;0.033261371825397;0.333333333333333;4
"2-Multi";18;"C5 CHFU";1.33333333333333;0.333333333333333;1;2;1;1;0.046564568457652;1;0;4.66573730096567e-05;0.0930199552540947;0.333333333333333;2
"2-Multi";19;"C5 LEMA";3.24;2.24;1;8;4;4;0.107496529266182;1;0.37812182350864;0;0.0128103298072802;0.333333333333333;4
"2-Multi";20;"C6 CHFU";2.02941176470588;1.02941176470588;1;4;2;2;0.0663758744884947;1;0;9.85735958146784e-05;0.142454530630121;0.333333333333333;2
"2-Multi";21;"D2 CHFU";2;1;1;2;1;1;0.0980957271594934;1;0;0;1.15657636880018e-05;0.333333333333333;2
"2-Multi";22;"D2 LEMA";1.20285714285714;0.202857142857143;1;4;2;2;0.0706168059141845;1;0.702081970324075;0;0.033261371825397;0.333333333333333;4
"2-Multi";23;"D3 CHFU";1.5;0.5;1;2;1;1;0.0544944422881425;1;0;0.00211438466428031;0.12026705589994;0.333333333333333;2
"2-Multi";24;"D3 LEMA";1.06;0.06;1;2;1;1;0.0611267672225229;1;0.915419878349012;0;0.019946917056225;0.333333333333333;2
"2-Multi";25;"D4 CHFU";1.45098039215686;0.450980392156863;1;4;2;2;0.0800797778756864;1;0;0.00036528594936179;0.177915942200279;0.333333333333333;4
"2-Multi";26;"D5 LEMA";1.08333333333333;0.0833333333333333;1;2;1;1;0.0515133216418886;1;0.0465404922963323;0;0.203198481425603;0.333333333333333;2
"2-Multi";27;"D5 ME";2.4;1.4;1;4;2;2;0.168586058523853;1;0;0.0923948929353941;0.00795382309580614;0.333333333333333;2
"2-Multi";28;"D6 LEMA";1.02;0.02;1;2;1;1;0.0430130645725252;1;0.915419878349012;0;0.019946917056225;0.333333333333333;2
"2-Multi";29;"D6 ME";2;1;1;2;1;1;0.0759250713571206;1;0;0.00462829844046765;0.319236108365941;0.333333333333333;2
"2-Multi";30;"E1 CHFU";1.45098039215686;0.450980392156863;1;4;2;2;0.0757089402306245;1;0;0.00036709251399016;0.182076527046631;0.333333333333333;4
"2-Multi";31;"E1 LEMA";1.04;0.04;1;2;1;1;0.0520699158975257;1;0.915419878349012;0;0.019946917056225;0.333333333333333;2
"2-Multi";32;"E2 LEMA";1.36285714285714;0.362857142857143;1;6;3;3;0.0641635959203425;1;0.341545787561341;0;0.0345339616746203;0.333333333333333;4
"2-Multi";33;"E3 CHFU";2.02941176470588;1.02941176470588;1;4;2;2;0.0639895811149227;1;0;0.000536075746188953;0.17721483989063;0.333333333333333;2
"2-Multi";34;"E3 LEMA";3.6752380952381;2.6752380952381;1;10;5;5;0.197083545161499;1;0.304729997871013;0;0.0828233851631629;0.333333333333333;4
"2-Multi";35;"E3 ME";1.2;0.2;1;2;1;1;0.0708327741120197;1;0;0.000622988735075702;0.00251197017410052;0.333333333333333;2
"2-Multi";36;"E4 CHFU";1.69607843137255;0.696078431372549;1;6;3;3;0.0673225828837693;1;0;0.000142703902807322;0.125720116283207;0.333333333333333;4
"2-Multi";37;"E4 LEMA";2;1;1;2;1;1;0.0980957271594999;1;0;0;1.15657636880018e-05;0.333333333333333;2
"2-Multi";38;"E5 CHFU";2;1;1;2;1;1;0.0980957271595057;1;0;0;1.15657636880018e-05;0.333333333333333;2
"2-Multi";39;"E5 LEMA";1.1;0.1;1;2;1;1;0.0792404698725194;1;0.915419878349012;0;0.019946917056225;0.333333333333333;2
"2-Multi";40;"E6 LEMA";2.02;1.02;1;4;2;2;0.0695987532454558;1;0.46746112317283;0;0.0136156044058252;0.333333333333333;2
"2-Multi";41;"E6 ME";1.2;0.2;1;2;1;1;0.0708327741120218;1;0;0.000622988735075716;0.00251197017410052;0.333333333333333;2
"2-Multi";42;"F1 CHFU";1.14705882352941;0.147058823529412;1;2;1;1;0.0689474008424973;1;0;0.000451743306987499;0.20874741387921;0.333333333333333;2
"2-Multi";43;"F1 LEMA";1.25;0.25;1;2;1;1;0.0866275384306212;1;0.0465404922963322;0;0.203198481425603;0.333333333333333;2
"2-Multi";44;"F2 LEMA";1.1;0.1;1;2;1;1;0.0792404698725214;1;0.915419878349012;0;0.019946917056225;0.333333333333333;2
"2-Multi";45;"F4 CHFU";1.08823529411765;0.0882352941176471;1;2;1;1;0.0549509258045093;1;0;0.000271045984192502;0.20874741387921;0.333333333333333;2
"2-Multi";46;"F4 ME";1.2;0.2;1;2;1;1;0.0708327741120222;1;0;0.00062298873507572;0.00251197017410052;0.333333333333333;2
"2-Multi";47;"F5 CHFU";1.05882352941176;0.0588235294117647;1;2;1;1;0.0479526882855144;1;0;0.000180697322795005;0.20874741387921;0.333333333333333;2
"2-Multi";48;"F5 LEMA";1.28;0.28;1;4;2;2;0.0818441112036767;1;0.741765750296359;0;0.0180475800119245;0.333333333333333;4
"2-Multi";49;"F6 CHFU";1.14705882352941;0.147058823529412;1;2;1;1;0.0689474008424923;1;0;0.000451743306987483;0.20874741387921;0.333333333333333;2
"2-Multi";50;"F6 LEMA";1.46;0.46;1;4;2;2;0.0844477525348372;1;0.568111622243705;0;0.0161482429676241;0.333333333333333;4
"2-Multi";51;"Andrena_cinerea";2;1;1;2;1;1;0.0980957271595026;1;0;0;1.15657636880018e-05;0.333333333333333;2
"2-Multi";52;"Anthaxia_semicuprea";1.5;0.5;1;2;1;1;0.0539147562900477;1;0;0.0213042871996838;0.00995834642002454;0.333333333333333;2
"2-Multi";53;"Bruchidae";2;1;1;2;1;1;0.0980957271594975;1;0;0;1.15657636880018e-05;0.333333333333333;2
"2-Multi";54;"Dilophus_sp.";24.8879731379731;19.4736874236874;5.41428571428571;52;26;26;1;1;0.0844788211541457;0.0508405960992123;1;1;4
"2-Multi";55;"Diptera";1.33333333333333;0.333333333333333;1;2;1;1;0.049518464563765;1;9.59270069084102e-05;0;0.0842722542250812;0.333333333333333;2
"2-Multi";56;"Episyrphus_balteatus";2.7;1.7;1;6;3;3;0.0866278798002093;1;0.000128075153234364;0;0.0746576154600993;0.333333333333333;4
"2-Multi";57;"Eucera_sp.";2;1;1;2;1;1;0.0980957271595028;1;0;0;1.15657636880018e-05;0.333333333333333;2
"2-Multi";58;"Eupeodes_corollae";6.33882783882784;3.12454212454212;3.21428571428571;12;6;6;0.13734731533984;1;0.00153564217757871;0.00223658076314907;0.234278968970109;0.666666666666667;4
"2-Multi";59;"Lagorina_sericea";1.2;0.2;1;2;1;1;0.0483822523880609;1;0;0.0068930788253105;0.00936955878051899;0.333333333333333;2
"2-Multi";60;"Lomatia_sp.";2;1;1;2;1;1;0.0980957271594892;1;0;0;1.15657636880018e-05;0.333333333333333;2
"2-Multi";61;"Malachius_bipustulatus";1.11111111111111;0.111111111111111;1;2;1;1;0.0466888997383032;1;0;0.00329553306548042;0.0479443291255826;0.333333333333333;2
"2-Multi";62;"Melanostoma_sp.";1.2;0.2;1;2;1;1;0.0483822523880614;1;0;0.00689307882531051;0.00936955878051899;0.333333333333333;2
"2-Multi";63;"Meligethes_sp.";2.13333333333333;1.13333333333333;1;8;4;4;0.0912286087699167;1;0;0.0515055868906636;0.0142883475194269;0.333333333333333;4
"2-Multi";64;"Melyridae";5.15934065934066;1.94505494505495;3.21428571428571;8;4;4;0.119766813288451;1;0.00489009751258565;0.0067281785235218;0.33263544925012;0.666666666666667;2
"2-Multi";65;"Mordellidae";1.83333333333333;0.833333333333333;1;4;2;2;0.0865895717710612;1;0;0.0314015133448342;0.0404879780263104;0.333333333333333;4
"2-Multi";66;"Musca_sp.";6.53333333333333;4.53333333333333;2;14;7;7;0.276803602506759;1;0.0343617613505597;0;0.106534671651705;0.666666666666667;4
"2-Multi";67;"Psilothrix_viridicoerulea";18.0910256410256;14.8910256410256;3.2;44;22;22;0.793865239624977;1;1;1;0.0530302399089513;0.666666666666667;4
"2-Multi";68;"Scaeva_sp.";1.5;0.5;1;2;1;1;0.0525450328183272;1;9.02362290892613e-05;0;0.104160705944465;0.333333333333333;2
"2-Multi";69;"Sphaerophoria_scripta";6.99267399267399;3.77838827838828;3.21428571428571;18;9;9;0.211391904272248;1;0.0463940717997146;0.0678030352161534;0.264593428607799;0.666666666666667;4
"3-Multi";1;"A2 CHFU";1.58823529411765;0.588235294117647;1;4;2;2;0.0754891548451223;1;0;0.00238543064847278;0.186627324384392;0.333333333333333;2
"3-Multi";2;"A3 CHFU";1.02941176470588;0.0294117647058824;1;2;1;1;0.0409544507665179;1;0;9.03486613975001e-05;0.20874741387921;0.333333333333333;2
"3-Multi";3;"A3 LEMA";1.27;0.27;1;4;2;2;0.0566028850304719;1;0.472082723937557;0;0.0247766852103846;0.333333333333333;4
"3-Multi";4;"A4 CHFU";1.02941176470588;0.0294117647058824;1;2;1;1;0.0409544507665187;1;0;9.03486613975062e-05;0.20874741387921;0.333333333333333;2
"3-Multi";5;"A5 LEMA";1.18666666666667;0.186666666666667;1;4;2;2;0.0781272813612559;1;0.336166954313892;0;0.14211462663581;0.333333333333333;4
"3-Multi";6;"A6 CHFU";1.02941176470588;0.0294117647058824;1;2;1;1;0.0409544507665155;1;0;9.03486613974974e-05;0.20874741387921;0.333333333333333;2
"3-Multi";7;"B1 CHFU";2.36274509803922;1.36274509803922;1;6;3;3;0.0775630683792553;1;0;0.0001047901724412;0.115253441647584;0.333333333333333;4
"3-Multi";8;"B2 CHFU";1.02941176470588;0.0294117647058824;1;2;1;1;0.0409544507665201;1;0;9.03486613975129e-05;0.20874741387921;0.333333333333333;2
"3-Multi";9;"B2 LEMA";1.02;0.02;1;2;1;1;0.0430130645725207;1;0.915419878349012;0;0.019946917056225;0.333333333333333;2
"3-Multi";10;"B3 CHFU";2;1;1;2;1;1;0.0980957271595026;1;0;0;1.15657636880018e-05;0.333333333333333;2
"3-Multi";11;"B4 LEMA";1.20285714285714;0.202857142857143;1;4;2;2;0.0706168059141832;1;0.702081970324075;0;0.033261371825397;0.333333333333333;4
"3-Multi";12;"B5 LEMA";2.97666666666667;1.97666666666667;1;8;4;4;0.157454155989046;1;0.325399347188434;0;0.0655683712798755;0.333333333333333;4
"3-Multi";13;"B6 LEMA";1.08;0.08;1;2;1;1;0.0701836185475207;1;0.915419878349012;0;0.019946917056225;0.333333333333333;2
"3-Multi";14;"C1 CHFU";1.33333333333333;0.333333333333333;1;2;1;1;0.0520868277997078;1;0;3.89130377179516e-06;0.0545900554845579;0.333333333333333;2
"3-Multi";15;"C3 CHFU";1.66666666666667;0.666666666666667;1;4;2;2;0.0646951830098356;1;0;5.05486767814538e-05;0.0738050053693262;0.333333333333333;4
"3-Multi";16;"C3 LEMA";1.16666666666667;0.166666666666667;1;2;1;1;0.069070430036255;1;0.0465404922963322;0;0.203198481425603;0.333333333333333;2
"3-Multi";17;"C4 LEMA";1.20285714285714;0.202857142857143;1;4;2;2;0.0706168059141841;1;0.702081970324075;0;0.033261371825397;0.333333333333333;4
"3-Multi";18;"C5 CHFU";1.33333333333333;0.333333333333333;1;2;1;1;0.046564568457652;1;0;4.66573730096567e-05;0.0930199552540947;0.333333333333333;2
"3-Multi";19;"C5 LEMA";3.24;2.24;1;8;4;4;0.107496529266182;1;0.37812182350864;0;0.0128103298072802;0.333333333333333;4
"3-Multi";20;"C6 CHFU";2.02941176470588;1.02941176470588;1;4;2;2;0.0663758744884947;1;0;9.85735958146784e-05;0.142454530630121;0.333333333333333;2
"3-Multi";21;"D2 CHFU";2;1;1;2;1;1;0.0980957271594934;1;0;0;1.15657636880018e-05;0.333333333333333;2
"3-Multi";22;"D2 LEMA";1.20285714285714;0.202857142857143;1;4;2;2;0.0706168059141845;1;0.702081970324075;0;0.033261371825397;0.333333333333333;4
"3-Multi";23;"D3 CHFU";1.5;0.5;1;2;1;1;0.0544944422881425;1;0;0.00211438466428031;0.12026705589994;0.333333333333333;2
"3-Multi";24;"D3 LEMA";1.06;0.06;1;2;1;1;0.0611267672225229;1;0.915419878349012;0;0.019946917056225;0.333333333333333;2
"3-Multi";25;"D4 CHFU";1.45098039215686;0.450980392156863;1;4;2;2;0.0800797778756864;1;0;0.00036528594936179;0.177915942200279;0.333333333333333;4
"3-Multi";26;"D5 LEMA";1.08333333333333;0.0833333333333333;1;2;1;1;0.0515133216418886;1;0.0465404922963323;0;0.203198481425603;0.333333333333333;2
"3-Multi";27;"D5 ME";2.4;1.4;1;4;2;2;0.168586058523853;1;0;0.0923948929353941;0.00795382309580614;0.333333333333333;2
"3-Multi";28;"D6 LEMA";1.02;0.02;1;2;1;1;0.0430130645725252;1;0.915419878349012;0;0.019946917056225;0.333333333333333;2
"3-Multi";29;"D6 ME";2;1;1;2;1;1;0.0759250713571206;1;0;0.00462829844046765;0.319236108365941;0.333333333333333;2
"3-Multi";30;"E1 CHFU";1.45098039215686;0.450980392156863;1;4;2;2;0.0757089402306245;1;0;0.00036709251399016;0.182076527046631;0.333333333333333;4
"3-Multi";31;"E1 LEMA";1.04;0.04;1;2;1;1;0.0520699158975257;1;0.915419878349012;0;0.019946917056225;0.333333333333333;2
"3-Multi";32;"E2 LEMA";1.36285714285714;0.362857142857143;1;6;3;3;0.0641635959203425;1;0.341545787561341;0;0.0345339616746203;0.333333333333333;4
"3-Multi";33;"E3 CHFU";2.02941176470588;1.02941176470588;1;4;2;2;0.0639895811149227;1;0;0.000536075746188953;0.17721483989063;0.333333333333333;2
"3-Multi";34;"E3 LEMA";3.6752380952381;2.6752380952381;1;10;5;5;0.197083545161499;1;0.304729997871013;0;0.0828233851631629;0.333333333333333;4
"3-Multi";35;"E3 ME";1.2;0.2;1;2;1;1;0.0708327741120197;1;0;0.000622988735075702;0.00251197017410052;0.333333333333333;2
"3-Multi";36;"E4 CHFU";1.69607843137255;0.696078431372549;1;6;3;3;0.0673225828837693;1;0;0.000142703902807322;0.125720116283207;0.333333333333333;4
"3-Multi";37;"E4 LEMA";2;1;1;2;1;1;0.0980957271594999;1;0;0;1.15657636880018e-05;0.333333333333333;2
"3-Multi";38;"E5 CHFU";2;1;1;2;1;1;0.0980957271595057;1;0;0;1.15657636880018e-05;0.333333333333333;2
"3-Multi";39;"E5 LEMA";1.1;0.1;1;2;1;1;0.0792404698725194;1;0.915419878349012;0;0.019946917056225;0.333333333333333;2
"3-Multi";40;"E6 LEMA";2.02;1.02;1;4;2;2;0.0695987532454558;1;0.46746112317283;0;0.0136156044058252;0.333333333333333;2
"3-Multi";41;"E6 ME";1.2;0.2;1;2;1;1;0.0708327741120218;1;0;0.000622988735075716;0.00251197017410052;0.333333333333333;2
"3-Multi";42;"F1 CHFU";1.14705882352941;0.147058823529412;1;2;1;1;0.0689474008424973;1;0;0.000451743306987499;0.20874741387921;0.333333333333333;2
"3-Multi";43;"F1 LEMA";1.25;0.25;1;2;1;1;0.0866275384306212;1;0.0465404922963322;0;0.203198481425603;0.333333333333333;2
"3-Multi";44;"F2 LEMA";1.1;0.1;1;2;1;1;0.0792404698725214;1;0.915419878349012;0;0.019946917056225;0.333333333333333;2
"3-Multi";45;"F4 CHFU";1.08823529411765;0.0882352941176471;1;2;1;1;0.0549509258045093;1;0;0.000271045984192502;0.20874741387921;0.333333333333333;2
"3-Multi";46;"F4 ME";1.2;0.2;1;2;1;1;0.0708327741120222;1;0;0.00062298873507572;0.00251197017410052;0.333333333333333;2
"3-Multi";47;"F5 CHFU";1.05882352941176;0.0588235294117647;1;2;1;1;0.0479526882855144;1;0;0.000180697322795005;0.20874741387921;0.333333333333333;2
"3-Multi";48;"F5 LEMA";1.28;0.28;1;4;2;2;0.0818441112036767;1;0.741765750296359;0;0.0180475800119245;0.333333333333333;4
"3-Multi";49;"F6 CHFU";1.14705882352941;0.147058823529412;1;2;1;1;0.0689474008424923;1;0;0.000451743306987483;0.20874741387921;0.333333333333333;2
"3-Multi";50;"F6 LEMA";1.46;0.46;1;4;2;2;0.0844477525348372;1;0.568111622243705;0;0.0161482429676241;0.333333333333333;4
"3-Multi";51;"Andrena_cinerea";2;1;1;2;1;1;0.0980957271595026;1;0;0;1.15657636880018e-05;0.333333333333333;2
"3-Multi";52;"Anthaxia_semicuprea";1.5;0.5;1;2;1;1;0.0539147562900477;1;0;0.0213042871996838;0.00995834642002454;0.333333333333333;2
"3-Multi";53;"Bruchidae";2;1;1;2;1;1;0.0980957271594975;1;0;0;1.15657636880018e-05;0.333333333333333;2
"3-Multi";54;"Dilophus_sp.";24.8879731379731;19.4736874236874;5.41428571428571;52;26;26;1;1;0.0844788211541457;0.0508405960992123;1;1;4
"3-Multi";55;"Diptera";1.33333333333333;0.333333333333333;1;2;1;1;0.049518464563765;1;9.59270069084102e-05;0;0.0842722542250812;0.333333333333333;2
"3-Multi";56;"Episyrphus_balteatus";2.7;1.7;1;6;3;3;0.0866278798002093;1;0.000128075153234364;0;0.0746576154600993;0.333333333333333;4
"3-Multi";57;"Eucera_sp.";2;1;1;2;1;1;0.0980957271595028;1;0;0;1.15657636880018e-05;0.333333333333333;2
"3-Multi";58;"Eupeodes_corollae";6.33882783882784;3.12454212454212;3.21428571428571;12;6;6;0.13734731533984;1;0.00153564217757871;0.00223658076314907;0.234278968970109;0.666666666666667;4
"3-Multi";59;"Lagorina_sericea";1.2;0.2;1;2;1;1;0.0483822523880609;1;0;0.0068930788253105;0.00936955878051899;0.333333333333333;2
"3-Multi";60;"Lomatia_sp.";2;1;1;2;1;1;0.0980957271594892;1;0;0;1.15657636880018e-05;0.333333333333333;2
"3-Multi";61;"Malachius_bipustulatus";1.11111111111111;0.111111111111111;1;2;1;1;0.0466888997383032;1;0;0.00329553306548042;0.0479443291255826;0.333333333333333;2
"3-Multi";62;"Melanostoma_sp.";1.2;0.2;1;2;1;1;0.0483822523880614;1;0;0.00689307882531051;0.00936955878051899;0.333333333333333;2
"3-Multi";63;"Meligethes_sp.";2.13333333333333;1.13333333333333;1;8;4;4;0.0912286087699167;1;0;0.0515055868906636;0.0142883475194269;0.333333333333333;4
"3-Multi";64;"Melyridae";5.15934065934066;1.94505494505495;3.21428571428571;8;4;4;0.119766813288451;1;0.00489009751258565;0.0067281785235218;0.33263544925012;0.666666666666667;2
"3-Multi";65;"Mordellidae";1.83333333333333;0.833333333333333;1;4;2;2;0.0865895717710612;1;0;0.0314015133448342;0.0404879780263104;0.333333333333333;4
"3-Multi";66;"Musca_sp.";6.53333333333333;4.53333333333333;2;14;7;7;0.276803602506759;1;0.0343617613505597;0;0.106534671651705;0.666666666666667;4
"3-Multi";67;"Psilothrix_viridicoerulea";18.0910256410256;14.8910256410256;3.2;44;22;22;0.793865239624977;1;1;1;0.0530302399089513;0.666666666666667;4
"3-Multi";68;"Scaeva_sp.";1.5;0.5;1;2;1;1;0.0525450328183272;1;9.02362290892613e-05;0;0.104160705944465;0.333333333333333;2
"3-Multi";69;"Sphaerophoria_scripta";6.99267399267399;3.77838827838828;3.21428571428571;18;9;9;0.211391904272248;1;0.0463940717997146;0.0678030352161534;0.264593428607799;0.666666666666667;4
"Aggr";1;"A2 CHFU";1.58823529411765;0.588235294117647;1;4;2;2;0.0666232601093562;1;0.755281105341646;0;0.512388023117563;0;4
"Aggr";2;"A3 CHFU";1.02941176470588;0.0294117647058824;1;2;1;1;0.0220616120071349;1;1;0;0.613765696472579;0;2
"Aggr";3;"A3 LEMA";1.27;0.27;1;4;2;2;0.0330995288121513;1;0.047507082917299;0;0.10017745793448;0;4
"Aggr";4;"A4 CHFU";1.02941176470588;0.0294117647058824;1;2;1;1;0.022061612005394;1;0.999999999999999;0;0.613765696472579;0;2
"Aggr";5;"A5 LEMA";1.18666666666667;0.186666666666667;1;4;2;2;0.0658569181164859;1;0.695951033741628;0;0.45284389479975;0;4
"Aggr";6;"A6 CHFU";1.02941176470588;0.0294117647058824;1;2;1;1;0.0220616120066696;1;1;0;0.613765696472579;0;2
"Aggr";7;"B1 CHFU";2.36274509803922;1.36274509803922;1;6;3;3;0.118502183649582;1;0.347647438615538;0;0.32323273259979;0;4
"Aggr";8;"B2 CHFU";1.02941176470588;0.0294117647058824;1;2;1;1;0.022061612004222;1;1;0;0.613765696472579;0;2
"Aggr";9;"B2 LEMA";1.02;0.02;1;2;1;1;0.0186346958929608;1;0.0878531012248853;0;0.131000291454092;0;2
"Aggr";10;"B3 CHFU";2;1;1;2;1;1;0.0915218578117956;1;0;0;1.54811278523817e-05;0;2
"Aggr";11;"B4 LEMA";1.20285714285714;0.202857142857143;1;4;2;2;0.0364175250344885;1;0.0711709312603104;0;0.150313969353699;0;4
"Aggr";12;"B5 LEMA";2.97666666666667;1.97666666666667;1;8;4;4;0.142144318087229;1;0.254100745972428;0;0.212054086012537;0;4
"Aggr";13;"B6 LEMA";1.08;0.08;1;2;1;1;0.0333539475586538;1;0.0878531012248855;0;0.131000291454092;0;2
"Aggr";14;"C1 CHFU";1.33333333333333;0.333333333333333;1;2;1;1;0.0352929453195254;1;0.0117219008204663;0;0.0927235017036952;0;2
"Aggr";15;"C3 CHFU";1.66666666666667;0.666666666666667;1;4;2;2;0.0487455026363491;1;0.0106730759139108;0;0.136080870264475;0;4
"Aggr";16;"C3 LEMA";1.16666666666667;0.166666666666667;1;2;1;1;0.0609505008943354;1;1;0;0.613765696472579;0;2
"Aggr";17;"C4 LEMA";1.20285714285714;0.202857142857143;1;4;2;2;0.0364175250329576;1;0.0711709312603105;0;0.150313969353699;0;4
"Aggr";18;"C5 CHFU";1.33333333333333;0.333333333333333;1;2;1;1;0.0271808359912926;1;0.00962425100735521;0;0.179438238825255;0;2
"Aggr";19;"C5 LEMA";3.24;2.24;1;8;4;4;0.0808465626807561;1;0.036066061818615;0;0.0704915508686626;0;4
"Aggr";20;"C6 CHFU";2.02941176470588;1.02941176470588;1;4;2;2;0.0528072780894915;1;0.508392119845194;0;0.378103690177026;0;2
"Aggr";21;"D2 CHFU";2;1;1;2;1;1;0.0915218578113737;1;0;0;1.54811278523817e-05;0;2
"Aggr";22;"D2 LEMA";1.20285714285714;0.202857142857143;1;4;2;2;0.0364175250328745;1;0.0711709312603105;0;0.150313969353699;0;4
"Aggr";23;"D3 CHFU";1.5;0.5;1;2;1;1;0.0416232601059447;1;0.0211244213665859;0;0.208255003052519;0;2
"Aggr";24;"D3 LEMA";1.06;0.06;1;2;1;1;0.0284475303359577;1;0.0878531012248855;0;0.131000291454092;0;2
"Aggr";25;"D4 CHFU";1.45098039215686;0.450980392156863;1;4;2;2;0.0686262786489086;1;0.802344380164094;0;0.509557257518802;0;4
"Aggr";26;"D5 LEMA";1.08333333333333;0.0833333333333333;1;2;1;1;0.0373393897829776;1;1;0;0.613765696472579;0;2
"Aggr";27;"D5 ME";2.4;1.4;1;4;2;2;0.326527850410036;1;0.0528115300121104;0;0.199773938152067;0;4
"Aggr";28;"D6 LEMA";1.02;0.02;1;2;1;1;0.0186346958930959;1;0.0878531012248854;0;0.131000291454092;0;2
"Aggr";29;"D6 ME";2;1;1;2;1;1;0.297061612008667;1;1;0;0.613765696472579;0;2
"Aggr";30;"E1 CHFU";1.45098039215686;0.450980392156863;1;4;2;2;0.103293870860863;1;0.807058148881145;0;0.537844709478274;0;4
"Aggr";31;"E1 LEMA";1.04;0.04;1;2;1;1;0.023541113113898;1;0.0878531012248855;0;0.131000291454092;0;2
"Aggr";32;"E2 LEMA";1.36285714285714;0.362857142857143;1;6;3;3;0.0372074097906244;1;0.0375496903066165;0;0.125528231054785;0;4
"Aggr";33;"E3 CHFU";2.02941176470588;1.02941176470588;1;4;2;2;0.0518089928796642;1;0.509872097992847;0;0.437740743328614;0;4
"Aggr";34;"E3 LEMA";3.6752380952381;2.6752380952381;1;10;5;5;0.174591206696428;1;0.191049423689518;0;0.25699101363833;0;4
"Aggr";35;"E3 ME";1.2;0.2;1;2;1;1;0.0474676339843814;1;0.0352907444057235;0;0.234160761501055;0;2
"Aggr";36;"E4 CHFU";1.69607843137255;0.696078431372549;1;6;3;3;0.0917464281794948;1;0.348304998471026;0;0.342454898932963;0;4
"Aggr";37;"E4 LEMA";2;1;1;2;1;1;0.0915218578117014;1;0;0;1.54811278523817e-05;0;2
"Aggr";38;"E5 CHFU";2;1;1;2;1;1;0.0915218578119052;1;0;0;1.54811278523817e-05;0;2
"Aggr";39;"E5 LEMA";1.1;0.1;1;2;1;1;0.0382603647799687;1;0.0878531012248855;0;0.131000291454092;0;2
"Aggr";40;"E6 LEMA";2.02;1.02;1;4;2;2;0.0474422430664298;1;0.0446638243666939;0;0.0807059821015709;0;2
"Aggr";41;"E6 ME";1.2;0.2;1;2;1;1;0.0474676339869841;1;0.0352907444057233;0;0.234160761501055;0;2
"Aggr";42;"F1 CHFU";1.14705882352941;0.147058823529412;1;2;1;1;0.0553949453363083;1;1;0;0.613765696472579;0;2
"Aggr";43;"F1 LEMA";1.25;0.25;1;2;1;1;0.0845616120046812;1;1;0;0.613765696472579;0;2
"Aggr";44;"F2 LEMA";1.1;0.1;1;2;1;1;0.0382603647812336;1;0.0878531012248854;0;0.131000291454092;0;2
"Aggr";45;"F4 CHFU";1.08823529411765;0.0882352941176471;1;2;1;1;0.0387282786712188;1;1;0;0.613765696472579;0;2
"Aggr";46;"F4 ME";1.2;0.2;1;2;1;1;0.047467633987912;1;0.0352907444057232;0;0.234160761501055;0;2
"Aggr";47;"F5 CHFU";1.05882352941176;0.0588235294117647;1;2;1;1;0.030394945337899;1;0.999999999999999;0;0.613765696472579;0;2
"Aggr";48;"F5 LEMA";1.28;0.28;1;4;2;2;0.0439566667608526;1;0.0710167906455841;0;0.112266112894822;0;4
"Aggr";49;"F6 CHFU";1.14705882352941;0.147058823529412;1;2;1;1;0.0553949453400861;1;1;0;0.613765696472579;0;2
"Aggr";50;"F6 LEMA";1.46;0.46;1;4;2;2;0.0496529687435565;1;0.0541804800662823;0;0.0935319343355521;0;4
"Aggr";51;"Andrena_cinerea";2;1;1;2;1;1;0.0915218578119075;1;0;0;1.54811278523817e-05;0;2
"Aggr";52;"Anthaxia_semicuprea";1.5;0.5;1;2;1;1;0.0338912319735865;1;0;0.00147454750850232;0.049540060173086;0;2
"Aggr";53;"Bruchidae";2;1;1;2;1;1;0.0915218578116324;1;0;0;1.54811278523817e-05;0;2
"Aggr";54;"Dilophus_sp.";20.0594017094017;17.0594017094017;3;44;22;22;1;1;0;1;1;0;4
"Aggr";55;"Diptera";1.33333333333333;0.333333333333333;1;2;1;1;0.0473038973883928;1;0;0.0076515714408913;0.198393209932867;0;2
"Aggr";56;"Episyrphus_balteatus";2.7;1.7;1;6;3;3;0.0761105881853912;1;0;0.0117219008204662;0.151064854363596;0;4
"Aggr";57;"Eucera_sp.";2;1;1;2;1;1;0.0915218578116671;1;0;0;1.54811278523817e-05;0;2
"Aggr";58;"Eupeodes_corollae";3.91025641025641;1.91025641025641;2;8;4;4;0.0949592280957185;1;0;0.00962425100735514;0.292349358240997;0;4
"Aggr";59;"Lagorina_sericea";1.2;0.2;1;2;1;1;0.0274721943235738;1;0;0.000476279157463148;0.0432708537498784;0;2
"Aggr";60;"Lomatia_sp.";2;1;1;2;1;1;0.0915218578112901;1;0;0;1.54811278523817e-05;0;2
"Aggr";61;"Malachius_bipustulatus";1.11111111111111;0.111111111111111;1;2;1;1;0.027153019818159;1;0;0.00186421624806115;0.130156235262876;0;2
"Aggr";62;"Melanostoma_sp.";1.2;0.2;1;2;1;1;0.0274721943257276;1;0;0.000476279157463171;0.0432708537498784;0;2
"Aggr";63;"Meligethes_sp.";2.13333333333333;1.13333333333333;1;8;4;4;0.0623689364800933;1;0;0.00367154832837767;0.0608111255699561;0;4
"Aggr";64;"Melyridae";2.73076923076923;0.730769230769231;2;4;2;2;0.0699938373578925;1;0;0.019744195985694;0.426404346008112;0;4
"Aggr";65;"Mordellidae";1.83333333333333;0.833333333333333;1;4;2;2;0.0680698018689169;1;0;0.00716106460971231;0.112989893364805;0;4
"Aggr";66;"Musca_sp.";6.53333333333333;4.53333333333333;2;14;7;7;0.396933591965579;1;0;0.0352907444057231;0.381508879722704;0;4
"Aggr";67;"Psilothrix_viridicoerulea";15.6910256410256;13.6910256410256;2;40;20;20;0.577225555535064;1;0;0.0878531012248824;0.213429308543089;0;4
"Aggr";68;"Scaeva_sp.";1.5;0.5;1;2;1;1;0.0361713718649518;1;0;0.0167842396903876;0.232070793329042;0;2
"Aggr";69;"Sphaerophoria_scripta";4.56410256410256;2.56410256410256;2;14;7;7;0.13127050087582;1;0;0.0211244213665855;0.339300572905855;0;4
