"Layer";"Node";"Label";"Strength";"StrengthIn";"StrengthOut";"Degree";"DegreeIn";"DegreeOut";"PageRank";"Eigenvector";"Hub";"Authority";"Katz";"Multiplexity";"Kcore"
"1-Multi";1;"A1 LEMA";1.26190476190476;0.261904761904762;1;4;2;2;0.12440080164157;0.0523789001299894;0.54248942854425;0;0.0573797586565476;0.333333333333333;4
"1-Multi";2;"A2 CHFU";1.83333333333333;0.833333333333333;1;4;2;2;0.181455278182073;0.184084967069159;0;0.0391981608541425;0.0687667232258311;0.333333333333333;4
"1-Multi";3;"A3 CHFU";2.83333333333333;1.83333333333333;1;6;3;3;0.273583577961743;0.321512370310367;0;0.0617129481627134;0.0768045016677145;0.333333333333333;4
"1-Multi";4;"A3 LEMA";1.38095238095238;0.380952380952381;1;4;2;2;0.0853205182909596;0.0423318591239475;0.539169955292088;0;0.117047649239014;0.333333333333333;4
"1-Multi";5;"A4 LEMA";1.19047619047619;0.19047619047619;1;4;2;2;0.0823049486644302;0.0247675085777675;0.580302469193584;0;0.0676804305052196;0.333333333333333;4
"1-Multi";6;"A5 CHFU";2;1;1;2;1;1;0.0947473814983089;0.020578040835234;0;0.00132717295959797;0.113073346932586;0.333333333333333;2
"1-Multi";7;"A6 CHFU";1.33333333333333;0.333333333333333;1;2;1;1;0.118570477297764;0.1266513275768;0;0.0354324137751461;0.0955614583827309;0.333333333333333;2
"1-Multi";8;"A6 LEMA";1.04761904761905;0.0476190476190476;1;2;1;1;0.0618396362994518;0.0180662300088566;1;0;0.0972187010903265;0.333333333333333;2
"1-Multi";9;"B1 LEMA";1.48095238095238;0.480952380952381;1;6;3;3;0.0997493169256242;0.0572721544878314;0.404006544606987;0;0.11002895976388;0.333333333333333;4
"1-Multi";10;"B2 LEMA";1.1;0.1;1;2;1;1;0.0624499398110819;0.0149402953638994;0.133679723236785;0;0.0959915808136117;0.333333333333333;2
"1-Multi";11;"B3 CHFU";3;2;1;4;2;2;0.16330185877877;0.0870390996355341;0;0.0111137571600818;0.109105876466247;0.333333333333333;2
"1-Multi";12;"B3 LEMA";2.25079365079365;1.25079365079365;1;8;4;4;0.169667922208619;0.0793711055024599;0.307884742018044;0;0.0564256568181768;0.333333333333333;6
"1-Multi";13;"B4 LEMA";3.39365079365079;2.39365079365079;1;12;6;6;0.185746550518378;0.0756528845840188;0.36389810910155;0;0.0614694144856675;0.333333333333333;6
"1-Multi";14;"B5 LEMA";1.04761904761905;0.0476190476190476;1;2;1;1;0.0618396363005788;0.0180662300088548;1;0;0.0972187010903265;0.333333333333333;2
"1-Multi";15;"B6 LEMA";1.22222222222222;0.222222222222222;1;2;1;1;0.113011368127285;0.0216619201497097;0.237482380907083;0;0.0308204637006951;0.333333333333333;2
"1-Multi";16;"C1 LEMA";2.53968253968254;1.53968253968254;1;8;4;4;0.161897705104885;0.0706928446921142;0.420490931656698;0;0.0647402623227657;0.333333333333333;4
"1-Multi";17;"C3 LEMA";1.1;0.1;1;2;1;1;0.0624499398113058;0.0149402953639251;0.133679723236785;0;0.0959915808136117;0.333333333333333;2
"1-Multi";18;"C4 LEMA";2.0952380952381;1.0952380952381;1;4;2;2;0.121735748777102;0.134012008911205;0.521090466674629;0;0.180261090482804;0.333333333333333;2
"1-Multi";19;"C6 LEMA";1.1984126984127;0.198412698412698;1;4;2;2;0.0847340102777026;0.0121167586063477;0.199043659647126;0;0.0344813118104039;0.333333333333333;4
"1-Multi";20;"D1 LEMA";1.29365079365079;0.293650793650794;1;6;3;3;0.112371000527778;0.0482492186240064;0.599521829823563;0;0.0658500064503652;0.333333333333333;6
"1-Multi";21;"D2 LEMA";1.5;0.5;1;2;1;1;0.0779678054487632;0.0567698972534556;0.0064984700195798;0;0.345847201586521;0.333333333333333;2
"1-Multi";22;"D3 LEMA";1.7984126984127;0.798412698412698;1;8;4;4;0.12910947318748;0.0838269512236763;0.134566378137654;0;0.127700351505235;0.333333333333333;6
"1-Multi";23;"D4 LEMA";1.04761904761905;0.0476190476190476;1;2;1;1;0.0618396363011838;0.018066230008863;1;0;0.0972187010903265;0.333333333333333;2
"1-Multi";24;"D5 LEMA";1.43650793650794;0.436507936507937;1;6;3;3;0.0983970466400042;0.030000279676808;0.424705774158765;0;0.0552770976156846;0.333333333333333;4
"1-Multi";25;"D6 LEMA";1.33333333333333;0.333333333333333;1;2;1;1;0.0715020231636172;0.0242656291150499;0.0783399105841752;0;0.136876597387701;0.333333333333333;2
"1-Multi";26;"E1 LEMA";1.53333333333333;0.533333333333333;1;4;2;2;0.0971885920519275;0.0363991603583614;0.101331462680928;0;0.0765917632277518;0.333333333333333;4
"1-Multi";27;"E2 LEMA";1.14285714285714;0.142857142857143;1;2;1;1;0.0684864535399454;0.00670127856889997;0.160604938387169;0;0.0381421599201126;0.333333333333333;2
"1-Multi";28;"E3 CHFU";2;1;1;2;1;1;0.110627285218497;0.135753077460671;0;0.000760151588468551;0.413498689800369;0.333333333333333;2
"1-Multi";29;"E5 ME";2;1;1;2;1;1;0.138727741174751;0;0;0;1.01852231146269e-05;0.333333333333333;2
"1-Multi";30;"F2 CHFU";2;1;1;2;1;1;0.10233541971039;0.117029012078684;0;0.00493406961822038;0.314809529356552;0.333333333333333;2
"1-Multi";31;"F2 LEMA";1.05555555555556;0.0555555555555556;1;2;1;1;0.0642686979112175;0.00541548003740793;0.237482380907083;0;0.0308204637006951;0.333333333333333;2
"1-Multi";32;"F3 LEMA";1.04761904761905;0.0476190476190476;1;2;1;1;0.0618396362990128;0.0180662300088355;1;0;0.0972187010903265;0.333333333333333;2
"1-Multi";33;"F4 LEMA";1.19047619047619;0.19047619047619;1;4;2;2;0.0823049486639671;0.0247675085777767;0.580302469193585;0;0.0676804305052196;0.333333333333333;4
"1-Multi";34;"F5 LEMA";1.21111111111111;0.211111111111111;1;4;2;2;0.0949450532898468;0.0257712554388039;0.202881495016984;0;0.0525441694050006;0.333333333333333;4
"1-Multi";35;"F6 LEMA";1.1;0.1;1;2;1;1;0.0624499398118595;0.0149402953639131;0.133679723236785;0;0.0959915808136117;0.333333333333333;2
"1-Multi";36;"Andrena_cinerea";6.16666666666667;2.83333333333333;3.33333333333333;8;4;4;0.212853901746978;0.283018409181805;0.033054691851059;0.0421809333492574;0.761327539980356;0.666666666666667;2
"1-Multi";37;"Bruchidae";1.83333333333333;0.833333333333333;1;4;2;2;0.179978331489249;0.151271566001144;0.0504555545084281;0;0.0552712757767692;0.333333333333333;4
"1-Multi";38;"Cantharidae";5.83333333333333;2.5;3.33333333333333;8;4;4;0.173185178291039;0.0497651332590029;0.00889109733080596;0.0113458865568112;0.273443453039413;0.666666666666667;2
"1-Multi";39;"Chrysotoxum_sp.";1.14285714285714;0.142857142857143;1;2;1;1;0.0666886537367112;0.00820666078442646;0;0.00775986058990685;0.046678465482027;0.333333333333333;2
"1-Multi";40;"Coleoptera";1.83333333333333;0.833333333333333;1;6;3;3;0.103695930365651;0.0257533976116629;0;0.0366349415692126;0.0497666595065119;0.333333333333333;4
"1-Multi";41;"Dilophus_sp.";14.9357142857143;11.602380952381;3.33333333333333;40;20;20;1;1;0.712114507597334;1;0.253868087342932;0.666666666666667;6
"1-Multi";42;"Diptera";7.16666666666667;3.83333333333333;3.33333333333333;12;6;6;0.291495093302807;0.188461075568071;0.0633403642161986;0.0783399105841752;0.354348152581038;0.666666666666667;4
"1-Multi";43;"Eristalis_sp.";1.5;0.5;1;2;1;1;0.106524018113957;0.0301350186293864;0;0.0229789580001213;0.042848552559121;0.333333333333333;2
"1-Multi";44;"Eucera_sp.";6.91666666666667;3.58333333333333;3.33333333333333;10;5;5;0.256202091361544;0.328299960343484;0.00509246493485455;0.0064984700195795;1;0.666666666666667;2
"1-Multi";45;"Eupeodes_corollae";3.14285714285714;1.14285714285714;2;4;2;2;0.157395253737197;0.00820666078443956;0;0.00775986058990683;0.0466836864943438;0.666666666666667;2
"1-Multi";46;"Lomatia_sp.";1.33333333333333;0.333333333333333;1;2;1;1;0.0852193411637331;0.0220308962764179;0.0111137571600819;0;0.0828506040676836;0.333333333333333;2
"1-Multi";47;"Meligethes_sp.";9.85119047619048;6.51785714285714;3.33333333333333;24;12;12;0.479568392477187;0.377734004369101;0.150832763653904;0.133679723236785;0.248720808890416;0.666666666666667;6
"1-Multi";48;"Psilothrix_viridicoerulea";6.20119047619048;5.20119047619048;1;22;11;11;0.376080001503723;0.128372037334385;0;0.237482380907083;0.040585410153009;0.333333333333333;6
"1-Multi";49;"Sphaerophoria_scripta";4.14285714285714;3.14285714285714;1;14;7;7;0.200551960643241;0.0617755585924387;0;0.160604938387169;0.0502276297514913;0.333333333333333;6
"2-Multi";1;"A1 LEMA";1.26190476190476;0.261904761904762;1;4;2;2;0.12440080164157;0.0523789001299894;0.54248942854425;0;0.0573797586565476;0.333333333333333;4
"2-Multi";2;"A2 CHFU";1.83333333333333;0.833333333333333;1;4;2;2;0.181455278182073;0.184084967069159;0;0.0391981608541425;0.0687667232258311;0.333333333333333;4
"2-Multi";3;"A3 CHFU";2.83333333333333;1.83333333333333;1;6;3;3;0.273583577961743;0.321512370310367;0;0.0617129481627134;0.0768045016677145;0.333333333333333;4
"2-Multi";4;"A3 LEMA";1.38095238095238;0.380952380952381;1;4;2;2;0.0853205182909596;0.0423318591239475;0.539169955292088;0;0.117047649239014;0.333333333333333;4
"2-Multi";5;"A4 LEMA";1.19047619047619;0.19047619047619;1;4;2;2;0.0823049486644302;0.0247675085777675;0.580302469193584;0;0.0676804305052196;0.333333333333333;4
"2-Multi";6;"A5 CHFU";2;1;1;2;1;1;0.0947473814983089;0.020578040835234;0;0.00132717295959797;0.113073346932586;0.333333333333333;2
"2-Multi";7;"A6 CHFU";1.33333333333333;0.333333333333333;1;2;1;1;0.118570477297764;0.1266513275768;0;0.0354324137751461;0.0955614583827309;0.333333333333333;2
"2-Multi";8;"A6 LEMA";1.04761904761905;0.0476190476190476;1;2;1;1;0.0618396362994518;0.0180662300088566;1;0;0.0972187010903265;0.333333333333333;2
"2-Multi";9;"B1 LEMA";1.48095238095238;0.480952380952381;1;6;3;3;0.0997493169256242;0.0572721544878314;0.404006544606987;0;0.11002895976388;0.333333333333333;4
"2-Multi";10;"B2 LEMA";1.1;0.1;1;2;1;1;0.0624499398110819;0.0149402953638994;0.133679723236785;0;0.0959915808136117;0.333333333333333;2
"2-Multi";11;"B3 CHFU";3;2;1;4;2;2;0.16330185877877;0.0870390996355341;0;0.0111137571600818;0.109105876466247;0.333333333333333;2
"2-Multi";12;"B3 LEMA";2.25079365079365;1.25079365079365;1;8;4;4;0.169667922208619;0.0793711055024599;0.307884742018044;0;0.0564256568181768;0.333333333333333;6
"2-Multi";13;"B4 LEMA";3.39365079365079;2.39365079365079;1;12;6;6;0.185746550518378;0.0756528845840188;0.36389810910155;0;0.0614694144856675;0.333333333333333;6
"2-Multi";14;"B5 LEMA";1.04761904761905;0.0476190476190476;1;2;1;1;0.0618396363005788;0.0180662300088548;1;0;0.0972187010903265;0.333333333333333;2
"2-Multi";15;"B6 LEMA";1.22222222222222;0.222222222222222;1;2;1;1;0.113011368127285;0.0216619201497097;0.237482380907083;0;0.0308204637006951;0.333333333333333;2
"2-Multi";16;"C1 LEMA";2.53968253968254;1.53968253968254;1;8;4;4;0.161897705104885;0.0706928446921142;0.420490931656698;0;0.0647402623227657;0.333333333333333;4
"2-Multi";17;"C3 LEMA";1.1;0.1;1;2;1;1;0.0624499398113058;0.0149402953639251;0.133679723236785;0;0.0959915808136117;0.333333333333333;2
"2-Multi";18;"C4 LEMA";2.0952380952381;1.0952380952381;1;4;2;2;0.121735748777102;0.134012008911205;0.521090466674629;0;0.180261090482804;0.333333333333333;2
"2-Multi";19;"C6 LEMA";1.1984126984127;0.198412698412698;1;4;2;2;0.0847340102777026;0.0121167586063477;0.199043659647126;0;0.0344813118104039;0.333333333333333;4
"2-Multi";20;"D1 LEMA";1.29365079365079;0.293650793650794;1;6;3;3;0.112371000527778;0.0482492186240064;0.599521829823563;0;0.0658500064503652;0.333333333333333;6
"2-Multi";21;"D2 LEMA";1.5;0.5;1;2;1;1;0.0779678054487632;0.0567698972534556;0.0064984700195798;0;0.345847201586521;0.333333333333333;2
"2-Multi";22;"D3 LEMA";1.7984126984127;0.798412698412698;1;8;4;4;0.12910947318748;0.0838269512236763;0.134566378137654;0;0.127700351505235;0.333333333333333;6
"2-Multi";23;"D4 LEMA";1.04761904761905;0.0476190476190476;1;2;1;1;0.0618396363011838;0.018066230008863;1;0;0.0972187010903265;0.333333333333333;2
"2-Multi";24;"D5 LEMA";1.43650793650794;0.436507936507937;1;6;3;3;0.0983970466400042;0.030000279676808;0.424705774158765;0;0.0552770976156846;0.333333333333333;4
"2-Multi";25;"D6 LEMA";1.33333333333333;0.333333333333333;1;2;1;1;0.0715020231636172;0.0242656291150499;0.0783399105841752;0;0.136876597387701;0.333333333333333;2
"2-Multi";26;"E1 LEMA";1.53333333333333;0.533333333333333;1;4;2;2;0.0971885920519275;0.0363991603583614;0.101331462680928;0;0.0765917632277518;0.333333333333333;4
"2-Multi";27;"E2 LEMA";1.14285714285714;0.142857142857143;1;2;1;1;0.0684864535399454;0.00670127856889997;0.160604938387169;0;0.0381421599201126;0.333333333333333;2
"2-Multi";28;"E3 CHFU";2;1;1;2;1;1;0.110627285218497;0.135753077460671;0;0.000760151588468551;0.413498689800369;0.333333333333333;2
"2-Multi";29;"E5 ME";2;1;1;2;1;1;0.138727741174751;0;0;0;1.01852231146269e-05;0.333333333333333;2
"2-Multi";30;"F2 CHFU";2;1;1;2;1;1;0.10233541971039;0.117029012078684;0;0.00493406961822038;0.314809529356552;0.333333333333333;2
"2-Multi";31;"F2 LEMA";1.05555555555556;0.0555555555555556;1;2;1;1;0.0642686979112175;0.00541548003740793;0.237482380907083;0;0.0308204637006951;0.333333333333333;2
"2-Multi";32;"F3 LEMA";1.04761904761905;0.0476190476190476;1;2;1;1;0.0618396362990128;0.0180662300088355;1;0;0.0972187010903265;0.333333333333333;2
"2-Multi";33;"F4 LEMA";1.19047619047619;0.19047619047619;1;4;2;2;0.0823049486639671;0.0247675085777767;0.580302469193585;0;0.0676804305052196;0.333333333333333;4
"2-Multi";34;"F5 LEMA";1.21111111111111;0.211111111111111;1;4;2;2;0.0949450532898468;0.0257712554388039;0.202881495016984;0;0.0525441694050006;0.333333333333333;4
"2-Multi";35;"F6 LEMA";1.1;0.1;1;2;1;1;0.0624499398118595;0.0149402953639131;0.133679723236785;0;0.0959915808136117;0.333333333333333;2
"2-Multi";36;"Andrena_cinerea";6.16666666666667;2.83333333333333;3.33333333333333;8;4;4;0.212853901746978;0.283018409181805;0.033054691851059;0.0421809333492574;0.761327539980356;0.666666666666667;2
"2-Multi";37;"Bruchidae";1.83333333333333;0.833333333333333;1;4;2;2;0.179978331489249;0.151271566001144;0.0504555545084281;0;0.0552712757767692;0.333333333333333;4
"2-Multi";38;"Cantharidae";5.83333333333333;2.5;3.33333333333333;8;4;4;0.173185178291039;0.0497651332590029;0.00889109733080596;0.0113458865568112;0.273443453039413;0.666666666666667;2
"2-Multi";39;"Chrysotoxum_sp.";1.14285714285714;0.142857142857143;1;2;1;1;0.0666886537367112;0.00820666078442646;0;0.00775986058990685;0.046678465482027;0.333333333333333;2
"2-Multi";40;"Coleoptera";1.83333333333333;0.833333333333333;1;6;3;3;0.103695930365651;0.0257533976116629;0;0.0366349415692126;0.0497666595065119;0.333333333333333;4
"2-Multi";41;"Dilophus_sp.";14.9357142857143;11.602380952381;3.33333333333333;40;20;20;1;1;0.712114507597334;1;0.253868087342932;0.666666666666667;6
"2-Multi";42;"Diptera";7.16666666666667;3.83333333333333;3.33333333333333;12;6;6;0.291495093302807;0.188461075568071;0.0633403642161986;0.0783399105841752;0.354348152581038;0.666666666666667;4
"2-Multi";43;"Eristalis_sp.";1.5;0.5;1;2;1;1;0.106524018113957;0.0301350186293864;0;0.0229789580001213;0.042848552559121;0.333333333333333;2
"2-Multi";44;"Eucera_sp.";6.91666666666667;3.58333333333333;3.33333333333333;10;5;5;0.256202091361544;0.328299960343484;0.00509246493485455;0.0064984700195795;1;0.666666666666667;2
"2-Multi";45;"Eupeodes_corollae";3.14285714285714;1.14285714285714;2;4;2;2;0.157395253737197;0.00820666078443956;0;0.00775986058990683;0.0466836864943438;0.666666666666667;2
"2-Multi";46;"Lomatia_sp.";1.33333333333333;0.333333333333333;1;2;1;1;0.0852193411637331;0.0220308962764179;0.0111137571600819;0;0.0828506040676836;0.333333333333333;2
"2-Multi";47;"Meligethes_sp.";9.85119047619048;6.51785714285714;3.33333333333333;24;12;12;0.479568392477187;0.377734004369101;0.150832763653904;0.133679723236785;0.248720808890416;0.666666666666667;6
"2-Multi";48;"Psilothrix_viridicoerulea";6.20119047619048;5.20119047619048;1;22;11;11;0.376080001503723;0.128372037334385;0;0.237482380907083;0.040585410153009;0.333333333333333;6
"2-Multi";49;"Sphaerophoria_scripta";4.14285714285714;3.14285714285714;1;14;7;7;0.200551960643241;0.0617755585924387;0;0.160604938387169;0.0502276297514913;0.333333333333333;6
"3-Multi";1;"A1 LEMA";1.26190476190476;0.261904761904762;1;4;2;2;0.12440080164157;0.0523789001299894;0.54248942854425;0;0.0573797586565476;0.333333333333333;4
"3-Multi";2;"A2 CHFU";1.83333333333333;0.833333333333333;1;4;2;2;0.181455278182073;0.184084967069159;0;0.0391981608541425;0.0687667232258311;0.333333333333333;4
"3-Multi";3;"A3 CHFU";2.83333333333333;1.83333333333333;1;6;3;3;0.273583577961743;0.321512370310367;0;0.0617129481627134;0.0768045016677145;0.333333333333333;4
"3-Multi";4;"A3 LEMA";1.38095238095238;0.380952380952381;1;4;2;2;0.0853205182909596;0.0423318591239475;0.539169955292088;0;0.117047649239014;0.333333333333333;4
"3-Multi";5;"A4 LEMA";1.19047619047619;0.19047619047619;1;4;2;2;0.0823049486644302;0.0247675085777675;0.580302469193584;0;0.0676804305052196;0.333333333333333;4
"3-Multi";6;"A5 CHFU";2;1;1;2;1;1;0.0947473814983089;0.020578040835234;0;0.00132717295959797;0.113073346932586;0.333333333333333;2
"3-Multi";7;"A6 CHFU";1.33333333333333;0.333333333333333;1;2;1;1;0.118570477297764;0.1266513275768;0;0.0354324137751461;0.0955614583827309;0.333333333333333;2
"3-Multi";8;"A6 LEMA";1.04761904761905;0.0476190476190476;1;2;1;1;0.0618396362994518;0.0180662300088566;1;0;0.0972187010903265;0.333333333333333;2
"3-Multi";9;"B1 LEMA";1.48095238095238;0.480952380952381;1;6;3;3;0.0997493169256242;0.0572721544878314;0.404006544606987;0;0.11002895976388;0.333333333333333;4
"3-Multi";10;"B2 LEMA";1.1;0.1;1;2;1;1;0.0624499398110819;0.0149402953638994;0.133679723236785;0;0.0959915808136117;0.333333333333333;2
"3-Multi";11;"B3 CHFU";3;2;1;4;2;2;0.16330185877877;0.0870390996355341;0;0.0111137571600818;0.109105876466247;0.333333333333333;2
"3-Multi";12;"B3 LEMA";2.25079365079365;1.25079365079365;1;8;4;4;0.169667922208619;0.0793711055024599;0.307884742018044;0;0.0564256568181768;0.333333333333333;6
"3-Multi";13;"B4 LEMA";3.39365079365079;2.39365079365079;1;12;6;6;0.185746550518378;0.0756528845840188;0.36389810910155;0;0.0614694144856675;0.333333333333333;6
"3-Multi";14;"B5 LEMA";1.04761904761905;0.0476190476190476;1;2;1;1;0.0618396363005788;0.0180662300088548;1;0;0.0972187010903265;0.333333333333333;2
"3-Multi";15;"B6 LEMA";1.22222222222222;0.222222222222222;1;2;1;1;0.113011368127285;0.0216619201497097;0.237482380907083;0;0.0308204637006951;0.333333333333333;2
"3-Multi";16;"C1 LEMA";2.53968253968254;1.53968253968254;1;8;4;4;0.161897705104885;0.0706928446921142;0.420490931656698;0;0.0647402623227657;0.333333333333333;4
"3-Multi";17;"C3 LEMA";1.1;0.1;1;2;1;1;0.0624499398113058;0.0149402953639251;0.133679723236785;0;0.0959915808136117;0.333333333333333;2
"3-Multi";18;"C4 LEMA";2.0952380952381;1.0952380952381;1;4;2;2;0.121735748777102;0.134012008911205;0.521090466674629;0;0.180261090482804;0.333333333333333;2
"3-Multi";19;"C6 LEMA";1.1984126984127;0.198412698412698;1;4;2;2;0.0847340102777026;0.0121167586063477;0.199043659647126;0;0.0344813118104039;0.333333333333333;4
"3-Multi";20;"D1 LEMA";1.29365079365079;0.293650793650794;1;6;3;3;0.112371000527778;0.0482492186240064;0.599521829823563;0;0.0658500064503652;0.333333333333333;6
"3-Multi";21;"D2 LEMA";1.5;0.5;1;2;1;1;0.0779678054487632;0.0567698972534556;0.0064984700195798;0;0.345847201586521;0.333333333333333;2
"3-Multi";22;"D3 LEMA";1.7984126984127;0.798412698412698;1;8;4;4;0.12910947318748;0.0838269512236763;0.134566378137654;0;0.127700351505235;0.333333333333333;6
"3-Multi";23;"D4 LEMA";1.04761904761905;0.0476190476190476;1;2;1;1;0.0618396363011838;0.018066230008863;1;0;0.0972187010903265;0.333333333333333;2
"3-Multi";24;"D5 LEMA";1.43650793650794;0.436507936507937;1;6;3;3;0.0983970466400042;0.030000279676808;0.424705774158765;0;0.0552770976156846;0.333333333333333;4
"3-Multi";25;"D6 LEMA";1.33333333333333;0.333333333333333;1;2;1;1;0.0715020231636172;0.0242656291150499;0.0783399105841752;0;0.136876597387701;0.333333333333333;2
"3-Multi";26;"E1 LEMA";1.53333333333333;0.533333333333333;1;4;2;2;0.0971885920519275;0.0363991603583614;0.101331462680928;0;0.0765917632277518;0.333333333333333;4
"3-Multi";27;"E2 LEMA";1.14285714285714;0.142857142857143;1;2;1;1;0.0684864535399454;0.00670127856889997;0.160604938387169;0;0.0381421599201126;0.333333333333333;2
"3-Multi";28;"E3 CHFU";2;1;1;2;1;1;0.110627285218497;0.135753077460671;0;0.000760151588468551;0.413498689800369;0.333333333333333;2
"3-Multi";29;"E5 ME";2;1;1;2;1;1;0.138727741174751;0;0;0;1.01852231146269e-05;0.333333333333333;2
"3-Multi";30;"F2 CHFU";2;1;1;2;1;1;0.10233541971039;0.117029012078684;0;0.00493406961822038;0.314809529356552;0.333333333333333;2
"3-Multi";31;"F2 LEMA";1.05555555555556;0.0555555555555556;1;2;1;1;0.0642686979112175;0.00541548003740793;0.237482380907083;0;0.0308204637006951;0.333333333333333;2
"3-Multi";32;"F3 LEMA";1.04761904761905;0.0476190476190476;1;2;1;1;0.0618396362990128;0.0180662300088355;1;0;0.0972187010903265;0.333333333333333;2
"3-Multi";33;"F4 LEMA";1.19047619047619;0.19047619047619;1;4;2;2;0.0823049486639671;0.0247675085777767;0.580302469193585;0;0.0676804305052196;0.333333333333333;4
"3-Multi";34;"F5 LEMA";1.21111111111111;0.211111111111111;1;4;2;2;0.0949450532898468;0.0257712554388039;0.202881495016984;0;0.0525441694050006;0.333333333333333;4
"3-Multi";35;"F6 LEMA";1.1;0.1;1;2;1;1;0.0624499398118595;0.0149402953639131;0.133679723236785;0;0.0959915808136117;0.333333333333333;2
"3-Multi";36;"Andrena_cinerea";6.16666666666667;2.83333333333333;3.33333333333333;8;4;4;0.212853901746978;0.283018409181805;0.033054691851059;0.0421809333492574;0.761327539980356;0.666666666666667;2
"3-Multi";37;"Bruchidae";1.83333333333333;0.833333333333333;1;4;2;2;0.179978331489249;0.151271566001144;0.0504555545084281;0;0.0552712757767692;0.333333333333333;4
"3-Multi";38;"Cantharidae";5.83333333333333;2.5;3.33333333333333;8;4;4;0.173185178291039;0.0497651332590029;0.00889109733080596;0.0113458865568112;0.273443453039413;0.666666666666667;2
"3-Multi";39;"Chrysotoxum_sp.";1.14285714285714;0.142857142857143;1;2;1;1;0.0666886537367112;0.00820666078442646;0;0.00775986058990685;0.046678465482027;0.333333333333333;2
"3-Multi";40;"Coleoptera";1.83333333333333;0.833333333333333;1;6;3;3;0.103695930365651;0.0257533976116629;0;0.0366349415692126;0.0497666595065119;0.333333333333333;4
"3-Multi";41;"Dilophus_sp.";14.9357142857143;11.602380952381;3.33333333333333;40;20;20;1;1;0.712114507597334;1;0.253868087342932;0.666666666666667;6
"3-Multi";42;"Diptera";7.16666666666667;3.83333333333333;3.33333333333333;12;6;6;0.291495093302807;0.188461075568071;0.0633403642161986;0.0783399105841752;0.354348152581038;0.666666666666667;4
"3-Multi";43;"Eristalis_sp.";1.5;0.5;1;2;1;1;0.106524018113957;0.0301350186293864;0;0.0229789580001213;0.042848552559121;0.333333333333333;2
"3-Multi";44;"Eucera_sp.";6.91666666666667;3.58333333333333;3.33333333333333;10;5;5;0.256202091361544;0.328299960343484;0.00509246493485455;0.0064984700195795;1;0.666666666666667;2
"3-Multi";45;"Eupeodes_corollae";3.14285714285714;1.14285714285714;2;4;2;2;0.157395253737197;0.00820666078443956;0;0.00775986058990683;0.0466836864943438;0.666666666666667;2
"3-Multi";46;"Lomatia_sp.";1.33333333333333;0.333333333333333;1;2;1;1;0.0852193411637331;0.0220308962764179;0.0111137571600819;0;0.0828506040676836;0.333333333333333;2
"3-Multi";47;"Meligethes_sp.";9.85119047619048;6.51785714285714;3.33333333333333;24;12;12;0.479568392477187;0.377734004369101;0.150832763653904;0.133679723236785;0.248720808890416;0.666666666666667;6
"3-Multi";48;"Psilothrix_viridicoerulea";6.20119047619048;5.20119047619048;1;22;11;11;0.376080001503723;0.128372037334385;0;0.237482380907083;0.040585410153009;0.333333333333333;6
"3-Multi";49;"Sphaerophoria_scripta";4.14285714285714;3.14285714285714;1;14;7;7;0.200551960643241;0.0617755585924387;0;0.160604938387169;0.0502276297514913;0.333333333333333;6
"Aggr";1;"A1 LEMA";1.26190476190476;0.261904761904762;1;4;2;2;0.131781590757594;0.105058728609023;0.509843605522516;0;0.179981185598224;0;4
"Aggr";2;"A2 CHFU";1.83333333333333;0.833333333333333;1;4;2;2;0.280692985006174;0.373668630124512;0.525930864002208;0;0.221337097330941;0;4
"Aggr";3;"A3 CHFU";2.83333333333333;1.83333333333333;1;6;3;3;0.46643146502941;0.655101390391708;0.385608091687575;0;0.246146847880371;0;4
"Aggr";4;"A3 LEMA";1.38095238095238;0.380952380952381;1;4;2;2;0.0760766495586332;0.0857571963748862;0.532489950736173;0;0.372207482769708;0;4
"Aggr";5;"A4 LEMA";1.19047619047619;0.19047619047619;1;4;2;2;0.0718346572924609;0.0494893401171655;0.56610861881278;0;0.211195256066934;0;4
"Aggr";6;"A5 CHFU";2;1;1;2;1;1;0.0675168106466953;0.0330376189409743;0.0102077569060089;0;0.284238053050862;0;2
"Aggr";7;"A6 CHFU";1.33333333333333;0.333333333333333;1;2;1;1;0.164235105737176;0.2550526531027;1;0;0.305822290783579;0;2
"Aggr";8;"A6 LEMA";1.04761904761905;0.0476190476190476;1;2;1;1;0.0428065343086008;0.0364360933003589;1;0;0.305822290783579;0;2
"Aggr";9;"B1 LEMA";1.48095238095238;0.480952380952381;1;6;3;3;0.094650497560957;0.113900472401589;0.389980816176886;0;0.346727104839549;0;4
"Aggr";10;"B2 LEMA";1.1;0.1;1;2;1;1;0.0411422870728287;0.0281432760266787;0.10496254705831;0;0.295766348979231;0;2
"Aggr";11;"B3 CHFU";3;2;1;4;2;2;0.186470197186195;0.18384088062273;0.0439670749315839;0;0.363294884114937;0;2
"Aggr";12;"B3 LEMA";2.25079365079365;1.25079365079365;1;8;4;4;0.193681363855324;0.157994598184812;0.29580048656224;0;0.177358096902458;0;6
"Aggr";13;"B4 LEMA";3.39365079365079;2.39365079365079;1;12;6;6;0.221230216155179;0.174640371697308;0.347774292060379;0;0.223916402394625;0;6
"Aggr";14;"B5 LEMA";1.04761904761905;0.0476190476190476;1;2;1;1;0.0428065343086001;0.0364360933004298;1;0;0.305822290783579;0;2
"Aggr";15;"B6 LEMA";1.22222222222222;0.222222222222222;1;2;1;1;0.114217720685034;0.0429153893443302;0.183072675870861;0;0.0960871154746536;0;2
"Aggr";16;"C1 LEMA";2.53968253968254;1.53968253968254;1;8;4;4;0.182139855365214;0.140351549133306;0.401100385128686;0;0.201250255019986;0;4
"Aggr";17;"C3 LEMA";1.1;0.1;1;2;1;1;0.0411422870728284;0.0281432760267077;0.10496254705831;0;0.295766348979231;0;2
"Aggr";18;"C4 LEMA";2.0952380952381;1.0952380952381;1;4;2;2;0.126633980555819;0.248012817700659;0.519844585110575;0;0.520383327988028;0;2
"Aggr";19;"C6 LEMA";1.1984126984127;0.198412698412698;1;4;2;2;0.0745088824579974;0.0237820941528736;0.157644956748211;0;0.106327668412471;0;4
"Aggr";20;"D1 LEMA";1.29365079365079;0.293650793650794;1;6;3;3;0.114985072934189;0.0966542807536657;0.578822478374105;0;0.206074979598025;0;6
"Aggr";21;"D2 LEMA";1.5;0.5;1;2;1;1;0.0641016276327168;0.0781640689211218;0.00478739270345272;0;0.765153989480272;0;2
"Aggr";22;"D3 LEMA";1.7984126984127;0.798412698412698;1;8;4;4;0.134615919022534;0.13008943910068;0.106259963314546;0;0.318393918821111;0;6
"Aggr";23;"D4 LEMA";1.04761904761905;0.0476190476190476;1;2;1;1;0.0428065343086007;0.0364360933003688;1;0;0.305822290783579;0;2
"Aggr";24;"D5 LEMA";1.43650793650794;0.436507936507937;1;6;3;3;0.0940410681472955;0.0601489895558698;0.404440625998415;0;0.173784690270274;0;4
"Aggr";25;"D6 LEMA";1.33333333333333;0.333333333333333;1;2;1;1;0.0558385543205378;0.0493211030744651;0.0649799014723469;0;0.438592674755837;0;2
"Aggr";26;"E1 LEMA";1.53333333333333;0.533333333333333;1;4;2;2;0.0880383485102137;0.0692706009729184;0.0800580987470017;0;0.236992454170351;0;4
"Aggr";27;"E2 LEMA";1.14285714285714;0.142857142857143;1;2;1;1;0.0515965620543646;0.0130532468168354;0.132217237625561;0;0.116568221350288;0;2
"Aggr";28;"E3 CHFU";2;1;1;2;1;1;0.105634816194929;0.156328137842209;0.00478739270345268;0;0.765153989480272;0;2
"Aggr";29;"E5 ME";2;1;1;2;1;1;0.0682224423403439;0.0352362259776146;0.00758626353857463;0;0.316249074655962;0;2
"Aggr";30;"F2 CHFU";2;1;1;2;1;1;0.0861577900796276;0.175140631099826;0.0396891702211492;0;0.734944365192477;0;2
"Aggr";31;"F2 LEMA";1.05555555555556;0.0555555555555556;1;2;1;1;0.0454807594741378;0.0107288473360252;0.183072675870861;0;0.0960871154746536;0;2
"Aggr";32;"F3 LEMA";1.04761904761905;0.0476190476190476;1;2;1;1;0.0428065343086009;0.0364360933003498;1;0;0.305822290783579;0;2
"Aggr";33;"F4 LEMA";1.19047619047619;0.19047619047619;1;4;2;2;0.0718346572924606;0.0494893401171952;0.56610861881278;0;0.211195256066934;0;4
"Aggr";34;"F5 LEMA";1.21111111111111;0.211111111111111;1;4;2;2;0.0869669278800928;0.0496009706989168;0.157035966266677;0;0.162646859976179;0;4
"Aggr";35;"F6 LEMA";1.1;0.1;1;2;1;1;0.0411422870728285;0.0281432760267006;0.10496254705831;0;0.295766348979231;0;2
"Aggr";36;"Andrena_cinerea";3.5;1.5;2;4;2;2;0.149622002374409;0.228894738621319;0;0.039689170221149;0.96051805248896;0;2
"Aggr";37;"Bruchidae";1.83333333333333;0.833333333333333;1;4;2;2;0.27401853945647;0.310043110912415;0;0.0518617280044158;0.178851424020005;0;4
"Aggr";38;"Cantharidae";3.16666666666667;1.16666666666667;2;4;2;2;0.10576087429693;0.0431775145760317;0;0.0102077569060086;0.371475210070736;0;2
"Aggr";39;"Chrysotoxum_sp.";1.14285714285714;0.142857142857143;1;2;1;1;0.0494321081750755;0.0190896386314858;0;0.00658132032934331;0.171333385949426;0;2
"Aggr";40;"Coleoptera";1.83333333333333;0.833333333333333;1;6;3;3;0.099960753300221;0.0509073274145447;0;0.0302492021243847;0.156101332763572;0;4
"Aggr";41;"Dilophus_sp.";12.2690476190476;10.2690476190476;2;36;18;18;1;1;0;1;0.399684357364673;0;6
"Aggr";42;"Diptera";4.5;2.5;2;8;4;4;0.234847872353166;0.193376161645162;0;0.0649799014723471;0.573206321129415;0;4
"Aggr";43;"Eristalis_sp.";1.5;0.5;1;2;1;1;0.104883018709022;0.0604454121643404;0;0.0195921673921863;0.135709284174773;0;2
"Aggr";44;"Eucera_sp.";4.25;2.25;2;6;3;3;0.195450299116292;0.204308320838158;0;0.00478739270345266;1;0;2
"Aggr";45;"Eupeodes_corollae";3.14285714285714;1.14285714285714;2;4;2;2;0.107421184164349;0.0460509173942877;0;0.0075862635385745;0.413311462741309;0;2
"Aggr";46;"Lomatia_sp.";1.33333333333333;0.333333333333333;1;2;1;1;0.0754016616065838;0.0468891043516692;0;0.00194142185005763;0.277978874128463;0;2
"Aggr";47;"Meligethes_sp.";7.18452380952381;5.18452380952381;2;20;10;10;0.437031717701757;0.367810014708484;0;0.104962547058311;0.386541917633844;0;6
"Aggr";48;"Psilothrix_viridicoerulea";6.20119047619048;5.20119047619048;1;22;11;11;0.485202079135739;0.252391352268737;0;0.183072675870862;0.125574586786985;0;6
"Aggr";49;"Sphaerophoria_scripta";4.14285714285714;3.14285714285714;1;14;7;7;0.239055130455331;0.119416816627269;0;0.132217237625561;0.15234201492334;0;6
