"Layer";"Node";"Label";"Strength";"StrengthIn";"StrengthOut";"Degree";"DegreeIn";"DegreeOut";"PageRank";"Eigenvector";"Hub";"Authority";"Katz";"Multiplexity";"Kcore"
"1-Multi";1;"A1 LEMA";1.14285714285714;0.142857142857143;1;2;1;1;0.0410028450586638;1;0.0377736229904827;0;0.25898497744369;0.333333333333333;2
"1-Multi";2;"A5 LEMA";1.01612903225806;0.0161290322580645;1;2;1;1;0.0362290303303654;1;0.967554376663067;0;0.255901839813515;0.333333333333333;2
"1-Multi";3;"A6 CHFU";1.5;0.5;1;2;1;1;0.0877153576295019;1;0;0;1.90529646662998e-05;0.333333333333333;2
"1-Multi";4;"B1 LEMA";2.36559139784946;1.36559139784946;1;6;3;3;0.0708430572290073;1;0.489370709655273;0;0.161681343598696;0.333333333333333;4
"1-Multi";5;"B2 LEMA";1.03225806451613;0.032258064516129;1;2;1;1;0.0412682965490125;1;0.967554376663067;0;0.255901839813515;0.333333333333333;2
"1-Multi";6;"B3 LEMA";1.1989247311828;0.198924731182796;1;4;2;2;0.0508997764779559;1;0.655253435341832;0;0.194633022596024;0.333333333333333;4
"1-Multi";7;"B5 LEMA";1.03225806451613;0.032258064516129;1;2;1;1;0.0412682965490125;1;0.967554376663067;0;0.255901839813515;0.333333333333333;2
"1-Multi";8;"B6 LEMA";1.03225806451613;0.032258064516129;1;2;1;1;0.0412682965490125;1;0.967554376663068;0;0.255901839813515;0.333333333333333;2
"1-Multi";9;"C1 LEMA";1.03225806451613;0.032258064516129;1;2;1;1;0.0412682965490125;1;0.967554376663067;0;0.255901839813515;0.333333333333333;2
"1-Multi";10;"C3 CHFU";2;1;1;2;1;1;0.0901037629894081;1;0;0;1.90529646662998e-05;0.333333333333333;2
"1-Multi";11;"C3 LEMA";1.125;0.125;1;2;1;1;0.0395173218705615;1;0.0263920460217304;0;0.070775678122035;0.333333333333333;2
"1-Multi";12;"C3 ME";2.72222222222222;1.72222222222222;1;6;3;3;0.163079288806775;1;0;0.0358576214899103;0.339927949785313;0.333333333333333;2
"1-Multi";13;"C4 LEMA";1.16666666666667;0.166666666666667;1;2;1;1;0.0408212440406617;1;0.0306515526993617;0;0.0720953881610437;0.333333333333333;2
"1-Multi";14;"C5 LEMA";1.01612903225806;0.0161290322580645;1;2;1;1;0.0362290303303654;1;0.967554376663067;0;0.255901839813515;0.333333333333333;2
"1-Multi";15;"C6 LEMA";1.23118279569892;0.231182795698925;1;4;2;2;0.0599537333456692;1;0.784205656814539;0;0.220959125675395;0.333333333333333;4
"1-Multi";16;"D1 LEMA";1.04838709677419;0.0483870967741935;1;2;1;1;0.0463075627676596;1;0.967554376663067;0;0.255901839813515;0.333333333333333;2
"1-Multi";17;"D2 CHFU";2;1;1;2;1;1;0.0901037629894084;1;0;0;1.90529646662998e-05;0.333333333333333;2
"1-Multi";18;"D2 LEMA";2.12576804915515;1.12576804915515;1;8;4;4;0.11720299338471;1;0.285529287161653;0;0.155604477554468;0.333333333333333;4
"1-Multi";19;"D3 CHFU";1.33333333333333;0.333333333333333;1;2;1;1;0.068873493123574;1;0;0;1.90529646662998e-05;0.333333333333333;2
"1-Multi";20;"D3 LEMA";1.37403993855607;0.374039938556068;1;6;3;3;0.0707913898621956;1;0.656440447057019;0;0.225781287476465;0.333333333333333;4
"1-Multi";21;"D4 ME";1.5;0.5;1;2;1;1;0.104790392973002;1;0;0.0312096651029778;0.315472488457199;0.333333333333333;2
"1-Multi";22;"D5 LEMA";1.17511520737327;0.175115207373272;1;4;2;2;0.051081377495958;1;0.657627458772206;0;0.256929552356907;0.333333333333333;4
"1-Multi";23;"D6 LEMA";3.39784946236559;2.39784946236559;1;8;4;4;0.103161825878318;1;0.492369332781845;0;0.164155647786131;0.333333333333333;4
"1-Multi";24;"E1 LEMA";1.26344086021505;0.263440860215054;1;4;2;2;0.0700322657829634;1;0.83659100534269;0;0.230942758286286;0.333333333333333;4
"1-Multi";25;"E2 CHFU";2;1;1;2;1;1;0.0901037629894081;1;0;0;1.90529646662998e-05;0.333333333333333;2
"1-Multi";26;"E2 LEMA";1.08064516129032;0.0806451612903226;1;2;1;1;0.0563860952049538;1;0.967554376663067;0;0.255901839813515;0.333333333333333;2
"1-Multi";27;"E3 LEMA";1.5;0.5;1;4;2;2;0.0514940695358865;1;0.0328980436474781;0;0.072241218036077;0.333333333333333;4
"1-Multi";28;"E3 ME";1.11111111111111;0.111111111111111;1;2;1;1;0.0407521113611877;1;0;6.22817505950084e-05;0.360649283875893;0.333333333333333;2
"1-Multi";29;"E4 LEMA";2.14285714285714;1.14285714285714;1;4;2;2;0.105297929998811;1;0.0194516775275443;0;0.281950855000255;0.333333333333333;2
"1-Multi";30;"E4 ME";1.44444444444444;0.444444444444444;1;2;1;1;0.0694391531095963;1;0;0.000249127002380035;0.360649283875893;0.333333333333333;2
"1-Multi";31;"E5 LEMA";1.03225806451613;0.032258064516129;1;2;1;1;0.0412682965490125;1;0.967554376663067;0;0.255901839813515;0.333333333333333;2
"1-Multi";32;"F1 LEMA";1.56451612903226;0.564516129032258;1;6;3;3;0.0716511344104749;1;0.656002265657871;0;0.194681632554369;0.333333333333333;4
"1-Multi";33;"F2 CHFU";1.16666666666667;0.166666666666667;1;2;1;1;0.0500316286176461;1;0;0;1.90529646662998e-05;0.333333333333333;2
"1-Multi";34;"F2 LEMA";1.18951612903226;0.189516129032258;1;4;2;2;0.0596743867451499;1;0.7793219105348;0;0.218876607475219;0.333333333333333;4
"1-Multi";35;"F3 LEMA";1.18279569892473;0.182795698924731;1;4;2;2;0.0448359346897278;1;0.509182577041748;0;0.168545054468216;0.333333333333333;4
"1-Multi";36;"F4 LEMA";1.21505376344086;0.21505376344086;1;4;2;2;0.054914467127022;1;0.738368476852408;0;0.212223447140865;0.333333333333333;4
"1-Multi";37;"F4 ME";1.22222222222222;0.222222222222222;1;2;1;1;0.0503144586106573;1;0;0.000124563501190024;0.360649283875893;0.333333333333333;2
"1-Multi";38;"F5 LEMA";1.30011520737327;0.300115207373272;1;6;3;3;0.0594089352548012;1;0.499818605584587;0;0.210391083798189;0.333333333333333;4
"1-Multi";39;"F6 LEMA";1.01612903225806;0.0161290322580645;1;2;1;1;0.0362290303303654;1;0.967554376663067;0;0.255901839813515;0.333333333333333;2
"1-Multi";40;"Andrena_cinerea";2.90454545454545;1.90454545454545;1;8;4;4;0.0991701902753558;1;0;0.0272770674788863;0.106332760170368;0.333333333333333;4
"1-Multi";41;"Bruchidae";2;1;1;2;1;1;0.0901037629894086;1;0;0;1.90529646662998e-05;0.333333333333333;2
"1-Multi";42;"Chrysotoxum_sp.";1.125;0.125;1;2;1;1;0.0399414331533758;1;0;0.0038416704957745;0.109259449331603;0.333333333333333;2
"1-Multi";43;"Dilophus_sp.";10.1818181818182;5.43181818181818;4.75;20;10;10;0.302885462526404;1;0.0724678215997731;0.0390403101898597;0.874335833480053;1;4
"1-Multi";44;"Diptera";9.5;5.75;3.75;14;7;7;0.345265587020425;1;0.0089801629319884;0.00116761609668085;1;0.666666666666667;2
"1-Multi";45;"Eupeodes_corollae";3.25;1.25;2;4;2;2;0.100739362734745;1;0;0.00763654797977382;0.107620285097167;0.666666666666667;2
"1-Multi";46;"Malachius_bipustulatus";1.125;0.125;1;2;1;1;0.0399414331533758;1;0;0.00384167049577452;0.109259449331603;0.333333333333333;2
"1-Multi";47;"Meligethes_sp.";2.75952380952381;1.75952380952381;1;12;6;6;0.0815477950817415;1;0;0.0525146479060594;0.121977954503173;0.333333333333333;4
"1-Multi";48;"Psilothrix_viridicoerulea";24.8965367965368;21.1465367965368;3.75;54;27;27;1;1;1;1;0.858474488654684;0.666666666666667;4
"1-Multi";49;"Scaeva_sp.";6.84090909090909;4.84090909090909;2;16;8;8;0.211384901695154;1;0;0.0316794109340643;0.108323257678995;0.666666666666667;4
"1-Multi";50;"Sphaerophoria_scripta";1.91666666666667;0.916666666666667;1;6;3;3;0.0620781210090877;1;0;0.015487821910547;0.0950915910711917;0.333333333333333;4
"2-Multi";1;"A1 LEMA";1.14285714285714;0.142857142857143;1;2;1;1;0.0410028450586638;1;0.0377736229904827;0;0.25898497744369;0.333333333333333;2
"2-Multi";2;"A5 LEMA";1.01612903225806;0.0161290322580645;1;2;1;1;0.0362290303303654;1;0.967554376663067;0;0.255901839813515;0.333333333333333;2
"2-Multi";3;"A6 CHFU";1.5;0.5;1;2;1;1;0.0877153576295019;1;0;0;1.90529646662998e-05;0.333333333333333;2
"2-Multi";4;"B1 LEMA";2.36559139784946;1.36559139784946;1;6;3;3;0.0708430572290073;1;0.489370709655273;0;0.161681343598696;0.333333333333333;4
"2-Multi";5;"B2 LEMA";1.03225806451613;0.032258064516129;1;2;1;1;0.0412682965490125;1;0.967554376663067;0;0.255901839813515;0.333333333333333;2
"2-Multi";6;"B3 LEMA";1.1989247311828;0.198924731182796;1;4;2;2;0.0508997764779559;1;0.655253435341832;0;0.194633022596024;0.333333333333333;4
"2-Multi";7;"B5 LEMA";1.03225806451613;0.032258064516129;1;2;1;1;0.0412682965490125;1;0.967554376663067;0;0.255901839813515;0.333333333333333;2
"2-Multi";8;"B6 LEMA";1.03225806451613;0.032258064516129;1;2;1;1;0.0412682965490125;1;0.967554376663068;0;0.255901839813515;0.333333333333333;2
"2-Multi";9;"C1 LEMA";1.03225806451613;0.032258064516129;1;2;1;1;0.0412682965490125;1;0.967554376663067;0;0.255901839813515;0.333333333333333;2
"2-Multi";10;"C3 CHFU";2;1;1;2;1;1;0.0901037629894081;1;0;0;1.90529646662998e-05;0.333333333333333;2
"2-Multi";11;"C3 LEMA";1.125;0.125;1;2;1;1;0.0395173218705615;1;0.0263920460217304;0;0.070775678122035;0.333333333333333;2
"2-Multi";12;"C3 ME";2.72222222222222;1.72222222222222;1;6;3;3;0.163079288806775;1;0;0.0358576214899103;0.339927949785313;0.333333333333333;2
"2-Multi";13;"C4 LEMA";1.16666666666667;0.166666666666667;1;2;1;1;0.0408212440406617;1;0.0306515526993617;0;0.0720953881610437;0.333333333333333;2
"2-Multi";14;"C5 LEMA";1.01612903225806;0.0161290322580645;1;2;1;1;0.0362290303303654;1;0.967554376663067;0;0.255901839813515;0.333333333333333;2
"2-Multi";15;"C6 LEMA";1.23118279569892;0.231182795698925;1;4;2;2;0.0599537333456692;1;0.784205656814539;0;0.220959125675395;0.333333333333333;4
"2-Multi";16;"D1 LEMA";1.04838709677419;0.0483870967741935;1;2;1;1;0.0463075627676596;1;0.967554376663067;0;0.255901839813515;0.333333333333333;2
"2-Multi";17;"D2 CHFU";2;1;1;2;1;1;0.0901037629894084;1;0;0;1.90529646662998e-05;0.333333333333333;2
"2-Multi";18;"D2 LEMA";2.12576804915515;1.12576804915515;1;8;4;4;0.11720299338471;1;0.285529287161653;0;0.155604477554468;0.333333333333333;4
"2-Multi";19;"D3 CHFU";1.33333333333333;0.333333333333333;1;2;1;1;0.068873493123574;1;0;0;1.90529646662998e-05;0.333333333333333;2
"2-Multi";20;"D3 LEMA";1.37403993855607;0.374039938556068;1;6;3;3;0.0707913898621956;1;0.656440447057019;0;0.225781287476465;0.333333333333333;4
"2-Multi";21;"D4 ME";1.5;0.5;1;2;1;1;0.104790392973002;1;0;0.0312096651029778;0.315472488457199;0.333333333333333;2
"2-Multi";22;"D5 LEMA";1.17511520737327;0.175115207373272;1;4;2;2;0.051081377495958;1;0.657627458772206;0;0.256929552356907;0.333333333333333;4
"2-Multi";23;"D6 LEMA";3.39784946236559;2.39784946236559;1;8;4;4;0.103161825878318;1;0.492369332781845;0;0.164155647786131;0.333333333333333;4
"2-Multi";24;"E1 LEMA";1.26344086021505;0.263440860215054;1;4;2;2;0.0700322657829634;1;0.83659100534269;0;0.230942758286286;0.333333333333333;4
"2-Multi";25;"E2 CHFU";2;1;1;2;1;1;0.0901037629894081;1;0;0;1.90529646662998e-05;0.333333333333333;2
"2-Multi";26;"E2 LEMA";1.08064516129032;0.0806451612903226;1;2;1;1;0.0563860952049538;1;0.967554376663067;0;0.255901839813515;0.333333333333333;2
"2-Multi";27;"E3 LEMA";1.5;0.5;1;4;2;2;0.0514940695358865;1;0.0328980436474781;0;0.072241218036077;0.333333333333333;4
"2-Multi";28;"E3 ME";1.11111111111111;0.111111111111111;1;2;1;1;0.0407521113611877;1;0;6.22817505950084e-05;0.360649283875893;0.333333333333333;2
"2-Multi";29;"E4 LEMA";2.14285714285714;1.14285714285714;1;4;2;2;0.105297929998811;1;0.0194516775275443;0;0.281950855000255;0.333333333333333;2
"2-Multi";30;"E4 ME";1.44444444444444;0.444444444444444;1;2;1;1;0.0694391531095963;1;0;0.000249127002380035;0.360649283875893;0.333333333333333;2
"2-Multi";31;"E5 LEMA";1.03225806451613;0.032258064516129;1;2;1;1;0.0412682965490125;1;0.967554376663067;0;0.255901839813515;0.333333333333333;2
"2-Multi";32;"F1 LEMA";1.56451612903226;0.564516129032258;1;6;3;3;0.0716511344104749;1;0.656002265657871;0;0.194681632554369;0.333333333333333;4
"2-Multi";33;"F2 CHFU";1.16666666666667;0.166666666666667;1;2;1;1;0.0500316286176461;1;0;0;1.90529646662998e-05;0.333333333333333;2
"2-Multi";34;"F2 LEMA";1.18951612903226;0.189516129032258;1;4;2;2;0.0596743867451499;1;0.7793219105348;0;0.218876607475219;0.333333333333333;4
"2-Multi";35;"F3 LEMA";1.18279569892473;0.182795698924731;1;4;2;2;0.0448359346897278;1;0.509182577041748;0;0.168545054468216;0.333333333333333;4
"2-Multi";36;"F4 LEMA";1.21505376344086;0.21505376344086;1;4;2;2;0.054914467127022;1;0.738368476852408;0;0.212223447140865;0.333333333333333;4
"2-Multi";37;"F4 ME";1.22222222222222;0.222222222222222;1;2;1;1;0.0503144586106573;1;0;0.000124563501190024;0.360649283875893;0.333333333333333;2
"2-Multi";38;"F5 LEMA";1.30011520737327;0.300115207373272;1;6;3;3;0.0594089352548012;1;0.499818605584587;0;0.210391083798189;0.333333333333333;4
"2-Multi";39;"F6 LEMA";1.01612903225806;0.0161290322580645;1;2;1;1;0.0362290303303654;1;0.967554376663067;0;0.255901839813515;0.333333333333333;2
"2-Multi";40;"Andrena_cinerea";2.90454545454545;1.90454545454545;1;8;4;4;0.0991701902753558;1;0;0.0272770674788863;0.106332760170368;0.333333333333333;4
"2-Multi";41;"Bruchidae";2;1;1;2;1;1;0.0901037629894086;1;0;0;1.90529646662998e-05;0.333333333333333;2
"2-Multi";42;"Chrysotoxum_sp.";1.125;0.125;1;2;1;1;0.0399414331533758;1;0;0.0038416704957745;0.109259449331603;0.333333333333333;2
"2-Multi";43;"Dilophus_sp.";10.1818181818182;5.43181818181818;4.75;20;10;10;0.302885462526404;1;0.0724678215997731;0.0390403101898597;0.874335833480053;1;4
"2-Multi";44;"Diptera";9.5;5.75;3.75;14;7;7;0.345265587020425;1;0.0089801629319884;0.00116761609668085;1;0.666666666666667;2
"2-Multi";45;"Eupeodes_corollae";3.25;1.25;2;4;2;2;0.100739362734745;1;0;0.00763654797977382;0.107620285097167;0.666666666666667;2
"2-Multi";46;"Malachius_bipustulatus";1.125;0.125;1;2;1;1;0.0399414331533758;1;0;0.00384167049577452;0.109259449331603;0.333333333333333;2
"2-Multi";47;"Meligethes_sp.";2.75952380952381;1.75952380952381;1;12;6;6;0.0815477950817415;1;0;0.0525146479060594;0.121977954503173;0.333333333333333;4
"2-Multi";48;"Psilothrix_viridicoerulea";24.8965367965368;21.1465367965368;3.75;54;27;27;1;1;1;1;0.858474488654684;0.666666666666667;4
"2-Multi";49;"Scaeva_sp.";6.84090909090909;4.84090909090909;2;16;8;8;0.211384901695154;1;0;0.0316794109340643;0.108323257678995;0.666666666666667;4
"2-Multi";50;"Sphaerophoria_scripta";1.91666666666667;0.916666666666667;1;6;3;3;0.0620781210090877;1;0;0.015487821910547;0.0950915910711917;0.333333333333333;4
"3-Multi";1;"A1 LEMA";1.14285714285714;0.142857142857143;1;2;1;1;0.0410028450586638;1;0.0377736229904827;0;0.25898497744369;0.333333333333333;2
"3-Multi";2;"A5 LEMA";1.01612903225806;0.0161290322580645;1;2;1;1;0.0362290303303654;1;0.967554376663067;0;0.255901839813515;0.333333333333333;2
"3-Multi";3;"A6 CHFU";1.5;0.5;1;2;1;1;0.0877153576295019;1;0;0;1.90529646662998e-05;0.333333333333333;2
"3-Multi";4;"B1 LEMA";2.36559139784946;1.36559139784946;1;6;3;3;0.0708430572290073;1;0.489370709655273;0;0.161681343598696;0.333333333333333;4
"3-Multi";5;"B2 LEMA";1.03225806451613;0.032258064516129;1;2;1;1;0.0412682965490125;1;0.967554376663067;0;0.255901839813515;0.333333333333333;2
"3-Multi";6;"B3 LEMA";1.1989247311828;0.198924731182796;1;4;2;2;0.0508997764779559;1;0.655253435341832;0;0.194633022596024;0.333333333333333;4
"3-Multi";7;"B5 LEMA";1.03225806451613;0.032258064516129;1;2;1;1;0.0412682965490125;1;0.967554376663067;0;0.255901839813515;0.333333333333333;2
"3-Multi";8;"B6 LEMA";1.03225806451613;0.032258064516129;1;2;1;1;0.0412682965490125;1;0.967554376663068;0;0.255901839813515;0.333333333333333;2
"3-Multi";9;"C1 LEMA";1.03225806451613;0.032258064516129;1;2;1;1;0.0412682965490125;1;0.967554376663067;0;0.255901839813515;0.333333333333333;2
"3-Multi";10;"C3 CHFU";2;1;1;2;1;1;0.0901037629894081;1;0;0;1.90529646662998e-05;0.333333333333333;2
"3-Multi";11;"C3 LEMA";1.125;0.125;1;2;1;1;0.0395173218705615;1;0.0263920460217304;0;0.070775678122035;0.333333333333333;2
"3-Multi";12;"C3 ME";2.72222222222222;1.72222222222222;1;6;3;3;0.163079288806775;1;0;0.0358576214899103;0.339927949785313;0.333333333333333;2
"3-Multi";13;"C4 LEMA";1.16666666666667;0.166666666666667;1;2;1;1;0.0408212440406617;1;0.0306515526993617;0;0.0720953881610437;0.333333333333333;2
"3-Multi";14;"C5 LEMA";1.01612903225806;0.0161290322580645;1;2;1;1;0.0362290303303654;1;0.967554376663067;0;0.255901839813515;0.333333333333333;2
"3-Multi";15;"C6 LEMA";1.23118279569892;0.231182795698925;1;4;2;2;0.0599537333456692;1;0.784205656814539;0;0.220959125675395;0.333333333333333;4
"3-Multi";16;"D1 LEMA";1.04838709677419;0.0483870967741935;1;2;1;1;0.0463075627676596;1;0.967554376663067;0;0.255901839813515;0.333333333333333;2
"3-Multi";17;"D2 CHFU";2;1;1;2;1;1;0.0901037629894084;1;0;0;1.90529646662998e-05;0.333333333333333;2
"3-Multi";18;"D2 LEMA";2.12576804915515;1.12576804915515;1;8;4;4;0.11720299338471;1;0.285529287161653;0;0.155604477554468;0.333333333333333;4
"3-Multi";19;"D3 CHFU";1.33333333333333;0.333333333333333;1;2;1;1;0.068873493123574;1;0;0;1.90529646662998e-05;0.333333333333333;2
"3-Multi";20;"D3 LEMA";1.37403993855607;0.374039938556068;1;6;3;3;0.0707913898621956;1;0.656440447057019;0;0.225781287476465;0.333333333333333;4
"3-Multi";21;"D4 ME";1.5;0.5;1;2;1;1;0.104790392973002;1;0;0.0312096651029778;0.315472488457199;0.333333333333333;2
"3-Multi";22;"D5 LEMA";1.17511520737327;0.175115207373272;1;4;2;2;0.051081377495958;1;0.657627458772206;0;0.256929552356907;0.333333333333333;4
"3-Multi";23;"D6 LEMA";3.39784946236559;2.39784946236559;1;8;4;4;0.103161825878318;1;0.492369332781845;0;0.164155647786131;0.333333333333333;4
"3-Multi";24;"E1 LEMA";1.26344086021505;0.263440860215054;1;4;2;2;0.0700322657829634;1;0.83659100534269;0;0.230942758286286;0.333333333333333;4
"3-Multi";25;"E2 CHFU";2;1;1;2;1;1;0.0901037629894081;1;0;0;1.90529646662998e-05;0.333333333333333;2
"3-Multi";26;"E2 LEMA";1.08064516129032;0.0806451612903226;1;2;1;1;0.0563860952049538;1;0.967554376663067;0;0.255901839813515;0.333333333333333;2
"3-Multi";27;"E3 LEMA";1.5;0.5;1;4;2;2;0.0514940695358865;1;0.0328980436474781;0;0.072241218036077;0.333333333333333;4
"3-Multi";28;"E3 ME";1.11111111111111;0.111111111111111;1;2;1;1;0.0407521113611877;1;0;6.22817505950084e-05;0.360649283875893;0.333333333333333;2
"3-Multi";29;"E4 LEMA";2.14285714285714;1.14285714285714;1;4;2;2;0.105297929998811;1;0.0194516775275443;0;0.281950855000255;0.333333333333333;2
"3-Multi";30;"E4 ME";1.44444444444444;0.444444444444444;1;2;1;1;0.0694391531095963;1;0;0.000249127002380035;0.360649283875893;0.333333333333333;2
"3-Multi";31;"E5 LEMA";1.03225806451613;0.032258064516129;1;2;1;1;0.0412682965490125;1;0.967554376663067;0;0.255901839813515;0.333333333333333;2
"3-Multi";32;"F1 LEMA";1.56451612903226;0.564516129032258;1;6;3;3;0.0716511344104749;1;0.656002265657871;0;0.194681632554369;0.333333333333333;4
"3-Multi";33;"F2 CHFU";1.16666666666667;0.166666666666667;1;2;1;1;0.0500316286176461;1;0;0;1.90529646662998e-05;0.333333333333333;2
"3-Multi";34;"F2 LEMA";1.18951612903226;0.189516129032258;1;4;2;2;0.0596743867451499;1;0.7793219105348;0;0.218876607475219;0.333333333333333;4
"3-Multi";35;"F3 LEMA";1.18279569892473;0.182795698924731;1;4;2;2;0.0448359346897278;1;0.509182577041748;0;0.168545054468216;0.333333333333333;4
"3-Multi";36;"F4 LEMA";1.21505376344086;0.21505376344086;1;4;2;2;0.054914467127022;1;0.738368476852408;0;0.212223447140865;0.333333333333333;4
"3-Multi";37;"F4 ME";1.22222222222222;0.222222222222222;1;2;1;1;0.0503144586106573;1;0;0.000124563501190024;0.360649283875893;0.333333333333333;2
"3-Multi";38;"F5 LEMA";1.30011520737327;0.300115207373272;1;6;3;3;0.0594089352548012;1;0.499818605584587;0;0.210391083798189;0.333333333333333;4
"3-Multi";39;"F6 LEMA";1.01612903225806;0.0161290322580645;1;2;1;1;0.0362290303303654;1;0.967554376663067;0;0.255901839813515;0.333333333333333;2
"3-Multi";40;"Andrena_cinerea";2.90454545454545;1.90454545454545;1;8;4;4;0.0991701902753558;1;0;0.0272770674788863;0.106332760170368;0.333333333333333;4
"3-Multi";41;"Bruchidae";2;1;1;2;1;1;0.0901037629894086;1;0;0;1.90529646662998e-05;0.333333333333333;2
"3-Multi";42;"Chrysotoxum_sp.";1.125;0.125;1;2;1;1;0.0399414331533758;1;0;0.0038416704957745;0.109259449331603;0.333333333333333;2
"3-Multi";43;"Dilophus_sp.";10.1818181818182;5.43181818181818;4.75;20;10;10;0.302885462526404;1;0.0724678215997731;0.0390403101898597;0.874335833480053;1;4
"3-Multi";44;"Diptera";9.5;5.75;3.75;14;7;7;0.345265587020425;1;0.0089801629319884;0.00116761609668085;1;0.666666666666667;2
"3-Multi";45;"Eupeodes_corollae";3.25;1.25;2;4;2;2;0.100739362734745;1;0;0.00763654797977382;0.107620285097167;0.666666666666667;2
"3-Multi";46;"Malachius_bipustulatus";1.125;0.125;1;2;1;1;0.0399414331533758;1;0;0.00384167049577452;0.109259449331603;0.333333333333333;2
"3-Multi";47;"Meligethes_sp.";2.75952380952381;1.75952380952381;1;12;6;6;0.0815477950817415;1;0;0.0525146479060594;0.121977954503173;0.333333333333333;4
"3-Multi";48;"Psilothrix_viridicoerulea";24.8965367965368;21.1465367965368;3.75;54;27;27;1;1;1;1;0.858474488654684;0.666666666666667;4
"3-Multi";49;"Scaeva_sp.";6.84090909090909;4.84090909090909;2;16;8;8;0.211384901695154;1;0;0.0316794109340643;0.108323257678995;0.666666666666667;4
"3-Multi";50;"Sphaerophoria_scripta";1.91666666666667;0.916666666666667;1;6;3;3;0.0620781210090877;1;0;0.015487821910547;0.0950915910711917;0.333333333333333;4
"Aggr";1;"A1 LEMA";1.14285714285714;0.142857142857143;1;2;1;1;0.030998428569775;0.0879133206051456;0.0412950900343436;0;0.662644852985531;0;2
"Aggr";2;"A5 LEMA";1.01612903225806;0.0161290322580645;1;2;1;1;0.0227634904237008;0.00850580781241388;1;0;0.270857771010204;0;2
"Aggr";3;"A6 CHFU";1.5;0.5;1;2;1;1;0.0641437009140938;0.03151846547677;0.0392642642815549;0;0.184988803999404;0;2
"Aggr";4;"B1 LEMA";2.36559139784946;1.36559139784946;1;6;3;3;0.0779661301002507;0.0238571108088266;0.505890296269294;0;0.189931943579595;0;4
"Aggr";5;"B2 LEMA";1.03225806451613;0.032258064516129;1;2;1;1;0.0296183291333782;0.0170116156248271;1;0;0.270857771010204;0;2
"Aggr";6;"B3 LEMA";1.1989247311828;0.198924731182796;1;4;2;2;0.045696678866735;0.0275177707837508;0.679754754760518;0;0.242234782006604;0;4
"Aggr";7;"B5 LEMA";1.03225806451613;0.032258064516129;1;2;1;1;0.0296183291333782;0.0170116156248275;1;0;0.270857771010204;0;2
"Aggr";8;"B6 LEMA";1.03225806451613;0.032258064516129;1;2;1;1;0.0296183291333783;0.017011615624827;1;0;0.270857771010204;0;2
"Aggr";9;"C1 LEMA";1.03225806451613;0.032258064516129;1;2;1;1;0.0296183291333783;0.017011615624827;1;0;0.270857771010204;0;2
"Aggr";10;"C3 CHFU";2;1;1;2;1;1;0.0465145124339131;0.0046691295860647;0.00810953205380557;0;0.14869827940284;0;2
"Aggr";11;"C3 LEMA";1.125;0.125;1;2;1;1;0.0284356123769448;0.00892165171818697;0.0272518235276916;0;0.108560883094367;0;2
"Aggr";12;"C3 ME";2.72222222222222;1.72222222222222;1;6;3;3;0.374148239535326;1;0.265687644578289;0;0.449011784658515;0;4
"Aggr";13;"C4 LEMA";1.16666666666667;0.166666666666667;1;2;1;1;0.0319870014473802;0.0105061551589231;0.0392642642815549;0;0.184988803999404;0;2
"Aggr";14;"C5 LEMA";1.01612903225806;0.0161290322580645;1;2;1;1;0.0227634904237007;0.00850580781241394;1;0;0.270857771010204;0;2
"Aggr";15;"C6 LEMA";1.23118279569892;0.231182795698925;1;4;2;2;0.0560146198986663;0.0366985453070304;0.810478013014439;0;0.233726403837394;0;4
"Aggr";16;"D1 LEMA";1.04838709677419;0.0483870967741935;1;2;1;1;0.0364731678430557;0.0255174234372407;1;0;0.270857771010204;0;2
"Aggr";17;"D2 CHFU";2;1;1;2;1;1;0.106057678093488;0;0;0;1.5525040324485e-05;0;2
"Aggr";18;"D2 LEMA";2.12576804915515;1.12576804915515;1;8;4;4;0.145365874602523;0.256458478397389;0.296192141998973;0;0.260514203497537;0;4
"Aggr";19;"D3 CHFU";1.33333333333333;0.333333333333333;1;2;1;1;0.0480653511807369;0.0210123103178469;0.0392642642815549;0;0.184988803999404;0;2
"Aggr";20;"D3 LEMA";1.37403993855607;0.374039938556068;1;6;3;3;0.0744961331418415;0.132442707013723;0.680093225719317;0;0.321844123504292;0;4
"Aggr";21;"D4 ME";1.5;0.5;1;2;1;1;0.228408651714023;0.263680042184821;1;0;0.270857771010204;0;2
"Aggr";22;"D5 LEMA";1.17511520737327;0.175115207373272;1;4;2;2;0.04470810598913;0.104924936229972;0.680431696678115;0;0.40145346500198;0;4
"Aggr";23;"D6 LEMA";3.39784946236559;2.39784946236559;1;8;4;4;0.125131245074949;0.0618220587103802;0.510777878923172;0;0.204080785890555;0;4
"Aggr";24;"E1 LEMA";1.26344086021505;0.263440860215054;1;4;2;2;0.0697242973180213;0.0537101609318568;0.864627152153171;0;0.244335365886768;0;4
"Aggr";25;"E2 CHFU";2;1;1;2;1;1;0.121537089704286;0.615393244236016;0.0412950900343436;0;0.662644852985531;0;2
"Aggr";26;"E2 LEMA";1.08064516129032;0.0806451612903226;1;2;1;1;0.0501828452624105;0.0425290390620678;1;0;0.270857771010204;0;2
"Aggr";27;"E3 LEMA";1.5;0.5;1;4;2;2;0.0463372053069393;0.00485167965531041;0.0339208590477831;0;0.0772574440206426;0;4
"Aggr";28;"E3 ME";1.11111111111111;0.111111111111111;1;2;1;1;0.0359642266295433;0.0604633567895812;0.0107277441394065;0;0.431272257319162;0;2
"Aggr";29;"E4 LEMA";2.14285714285714;1.14285714285714;1;4;2;2;0.211498602809454;0.632083531711378;0.0260114170868751;0;0.546958555152347;0;4
"Aggr";30;"E4 ME";1.44444444444444;0.444444444444444;1;2;1;1;0.0961309513761031;0.241853427158325;0.0107277441394066;0;0.431272257319162;0;2
"Aggr";31;"E5 LEMA";1.03225806451613;0.032258064516129;1;2;1;1;0.0296183291333783;0.0170116156248268;1;0;0.270857771010204;0;2
"Aggr";32;"F1 LEMA";1.56451612903226;0.564516129032258;1;6;3;3;0.0737565601456491;0.0388749109049641;0.677973619682595;0;0.20632432868035;0;4
"Aggr";33;"F2 CHFU";1.16666666666667;0.166666666666667;1;2;1;1;0.0319870014473801;0.0105061551589236;0.0392642642815549;0;0.184988803999404;0;2
"Aggr";34;"F2 LEMA";1.18951612903226;0.189516129032258;1;4;2;2;0.0558549672156545;0.0429448829678415;0.805450364705539;0;0.238398393427036;0;4
"Aggr";35;"F3 LEMA";1.18279569892473;0.182795698924731;1;4;2;2;0.0354501037696341;0.0111811218697891;0.526195032536097;0;0.178029353078178;0;4
"Aggr";36;"F4 LEMA";1.21505376344086;0.21505376344086;1;4;2;2;0.0491597811889889;0.0281927374946166;0.763097516268049;0;0.224443562044191;0;4
"Aggr";37;"F4 ME";1.22222222222222;0.222222222222222;1;2;1;1;0.0560198015450633;0.120926713579163;0.0107277441394066;0;0.431272257319162;0;2
"Aggr";38;"F5 LEMA";1.30011520737327;0.300115207373272;1;6;3;3;0.0572350666520514;0.113846587948159;0.517136728390509;0;0.328230319525076;0;4
"Aggr";39;"F6 LEMA";1.01612903225806;0.0161290322580645;1;2;1;1;0.0227634904237009;0.00850580781241318;1;0;0.270857771010204;0;2
"Aggr";40;"Andrena_cinerea";2.90454545454545;1.90454545454545;1;8;4;4;0.11790080623926;0.107709376784954;0;0.0272518235276914;0.163823054084612;0;4
"Aggr";41;"Bruchidae";2;1;1;2;1;1;0.106057678093489;0;0;0;1.5525040324485e-05;0;2
"Aggr";42;"Chrysotoxum_sp.";1.125;0.125;1;2;1;1;0.0292038465032368;0.005120769358982;0;0.00384725141113314;0.135237251017224;0;2
"Aggr";43;"Dilophus_sp.";6.68181818181818;3.68181818181818;3;16;8;8;0.372806251730335;0.928690461532163;0;0.0412950900343434;1;0;4
"Aggr";44;"Diptera";6;4;2;10;5;5;0.424706292328657;0.821207722440452;0;0.0107277441394065;0.650831929949494;0;4
"Aggr";45;"Eupeodes_corollae";3.25;1.25;2;4;2;2;0.0720137899291528;0.00704618737832124;0;0.00810953205380547;0.224395038271065;0;2
"Aggr";46;"Malachius_bipustulatus";1.125;0.125;1;2;1;1;0.0292038465032366;0.00512076935898274;0;0.00384725141113309;0.135237251017224;0;2
"Aggr";47;"Meligethes_sp.";2.75952380952381;1.75952380952381;1;12;6;6;0.0895525647948222;0.0242239121403124;0;0.0523900650721941;0.128570184495338;0;4
"Aggr";48;"Psilothrix_viridicoerulea";21.3965367965368;19.3965367965368;2;50;25;25;1;0.795839546069267;0;1;0.408747873143524;0;4
"Aggr";49;"Scaeva_sp.";6.84090909090909;4.84090909090909;2;16;8;8;0.226988466823861;0.0951290854248685;0;0.0392642642815547;0.279161647073668;0;4
"Aggr";50;"Sphaerophoria_scripta";1.91666666666667;0.916666666666667;1;6;3;3;0.0626186126364096;0.00985306545302841;0;0.0154516530233719;0.104594886489373;0;4
