"Layer";"Node";"Label";"Degree";"DegreeIn";"DegreeOut";"Strength";"StrengthIn";"StrengthOut";"PageRank";"Eigenvector";"Hub";"Authority";"Katz";"Multiplexity";"Kcore"
"1";1;"A1 LEMA";0;0;0;0;0;0;0.0630681818181818;1;0;0;0;0;0
"1";2;"A3 CHFU";2;1;1;1.2;0.2;1;0.233068181818182;2.04441125219643e-05;1;0;0.12541962458228;0;2
"1";3;"A3 LEMA";0;0;0;0;0;0;0.0630681818181818;1;0;0;0;0;0
"1";4;"A4 CHFU";2;1;1;1.4;0.4;1;0.403068181818182;0;1;0;0.250839249164559;0;2
"1";5;"A4 LEMA";0;0;0;0;0;0;0.0630681818181818;1;0;0;0;0;0
"1";6;"A5 LEMA";0;0;0;0;0;0;0.0630681818181818;1;0;0;0;0;0
"1";7;"A5 ME";0;0;0;0;0;0;0.0630681818181818;1;0;0;0;0;0
"1";8;"B1 CHFU";2;1;1;1.2;0.2;1;0.233068181818182;3.7269634306048e-05;1;0;0.12541962458228;0;2
"1";9;"B1 LEMA";0;0;0;0;0;0;0.0630681818181818;1;0;0;0;0;0
"1";10;"B1 ME";0;0;0;0;0;0;0.0630681818181818;1;0;0;0;0;0
"1";11;"B2 LEMA";0;0;0;0;0;0;0.0630681818181818;1;0;0;0;0;0
"1";12;"B3 LEMA";0;0;0;0;0;0;0.0630681818181818;1;0;0;0;0;0
"1";13;"B4 LEMA";0;0;0;0;0;0;0.0630681818181818;1;0;0;0;0;0
"1";14;"B5 ME";0;0;0;0;0;0;0.0630681818181818;1;0;0;0;0;0
"1";15;"B6 LEMA";0;0;0;0;0;0;0.0630681818181818;1;0;0;0;0;0
"1";16;"C1 LEMA";0;0;0;0;0;0;0.0630681818181818;1;0;0;0;0;0
"1";17;"C1 ME";0;0;0;0;0;0;0.0630681818181818;1;0;0;0;0;0
"1";18;"C3 LEMA";0;0;0;0;0;0;0.0630681818181818;1;0;0;0;0;0
"1";19;"C5 LEMA";0;0;0;0;0;0;0.0630681818181818;1;0;0;0;0;0
"1";20;"C6 LEMA";0;0;0;0;0;0;0.0630681818181818;1;0;0;0;0;0
"1";21;"D1 CHFU";2;1;1;2;1;1;0.420454545454545;0;0;0;0.32541962458228;0;2
"1";22;"D1 LEMA";0;0;0;0;0;0;0.0630681818181818;1;0;0;0;0;0
"1";23;"D2 ME";0;0;0;0;0;0;0.0630681818181818;1;0;0;0;0;0
"1";24;"D3 ME";0;0;0;0;0;0;0.0630681818181818;1;0;0;0;0;0
"1";25;"D4 LEMA";0;0;0;0;0;0;0.0630681818181818;1;0;0;0;0;0
"1";26;"D5 LEMA";0;0;0;0;0;0;0.0630681818181818;1;0;0;0;0;0
"1";27;"D6 LEMA";0;0;0;0;0;0;0.0630681818181818;1;0;0;0;0;0
"1";28;"E1 CHFU";2;1;1;1.2;0.2;1;0.233068181818182;3.56816870117606e-06;1;0;0.12541962458228;0;2
"1";29;"E1 LEMA";0;0;0;0;0;0;0.0630681818181818;1;0;0;0;0;0
"1";30;"E2 LEMA";0;0;0;0;0;0;0.0630681818181818;1;0;0;0;0;0
"1";31;"E2 ME";0;0;0;0;0;0;0.0630681818181818;1;0;0;0;0;0
"1";32;"E3 LEMA";0;0;0;0;0;0;0.0630681818181818;1;0;0;0;0;0
"1";33;"E4 LEMA";0;0;0;0;0;0;0.0630681818181818;1;0;0;0;0;0
"1";34;"E4 ME";0;0;0;0;0;0;0.0630681818181818;1;0;0;0;0;0
"1";35;"E5 LEMA";0;0;0;0;0;0;0.0630681818181818;1;0;0;0;0;0
"1";36;"E6 LEMA";0;0;0;0;0;0;0.0630681818181818;1;0;0;0;0;0
"1";37;"F1 LEMA";0;0;0;0;0;0;0.0630681818181818;1;0;0;0;0;0
"1";38;"F2 LEMA";0;0;0;0;0;0;0.0630681818181818;1;0;0;0;0;0
"1";39;"F3 LEMA";0;0;0;0;0;0;0.0630681818181818;1;0;0;0;0;0
"1";40;"F4 LEMA";0;0;0;0;0;0;0.0630681818181818;1;0;0;0;0;0
"1";41;"F6 LEMA";0;0;0;0;0;0;0.0630681818181818;1;0;0;0;0;0
"1";42;"Andrena_cinerea";0;0;0;0;0;0;0.0630681818181818;1;0;0;0;0;0
"1";43;"Brassicogethes_sp.";0;0;0;0;0;0;0.0630681818181818;1;0;0;0;0;0
"1";44;"Calliphoridae";0;0;0;0;0;0;0.0630681818181818;1;0;0;0;0;0
"1";45;"Cantharidae";0;0;0;0;0;0;0.0630681818181818;1;0;0;0;0;0
"1";46;"Dilophus_sp.";8;4;4;5;4;1;1;0;0;1;1;0;2
"1";47;"Diptera";2;1;1;2;1;1;0.420454545454545;0;0;0;0.32541962458228;0;2
"1";48;"Episyrphus_balteatus";0;0;0;0;0;0;0.0630681818181818;1;0;0;0;0;0
"1";49;"Eupeodes_corollae";0;0;0;0;0;0;0.0630681818181818;1;0;0;0;0;0
"1";50;"Lassioglosum_.immunitum";0;0;0;0;0;0;0.0630681818181818;1;0;0;0;0;0
"1";51;"Malachius_bipustulatus";0;0;0;0;0;0;0.0630681818181818;1;0;0;0;0;0
"1";52;"Meligethes_sp.";0;0;0;0;0;0;0.0630681818181818;1;0;0;0;0;0
"1";53;"Melyridae";0;0;0;0;0;0;0.0630681818181818;1;0;0;0;0;0
"1";54;"Mordellidae";0;0;0;0;0;0;0.0630681818181818;1;0;0;0;0;0
"1";55;"Musca_sp.";0;0;0;0;0;0;0.0630681818181818;1;0;0;0;0;0
"1";56;"Nemotelus_sp.";0;0;0;0;0;0;0.0630681818181818;1;0;0;0;0;0
"1";57;"Psilothrix_viridicoerulea";0;0;0;0;0;0;0.0630681818181818;1;0;0;0;0;0
"2";1;"A1 LEMA";8;4;4;2.26641414141414;1.26641414141414;1;0.179485629030549;0.151515151515152;0.251029446142093;8.5311262954244e-17;0.151516008476501;0;4
"2";2;"A3 CHFU";0;0;0;0;0;0;0.0233791204339466;0;0;3.55463595642683e-18;0;0;0
"2";3;"A3 LEMA";2;1;1;1.06060606060606;0.0606060606060606;1;0.0748942719490982;0.0606060606060606;1;0;0.0606055381083578;0;2
"2";4;"A4 CHFU";0;0;0;0;0;0;0.0233791204339466;0;0;3.55463595642683e-18;0;0;0
"2";5;"A4 LEMA";2;1;1;1.22222222222222;0.222222222222222;1;0.0808670673961046;0.0606060606060606;0.144226683837842;7.10927191285367e-18;0.0606060247428936;0;2
"2";6;"A5 LEMA";2;1;1;2;1;1;0.155860802892978;0.137876657543597;1.96227447615151e-17;1.42185438257073e-17;0.137878790651133;0;2
"2";7;"A5 ME";0;0;0;0;0;0;0.0233791204339466;0;0;3.55463595642683e-18;0;0;0
"2";8;"B1 CHFU";0;0;0;0;0;0;0.0233791204339466;0;0;3.55463595642683e-18;0;0;0
"2";9;"B1 LEMA";4;2;2;1.39393939393939;0.393939393939394;1;0.105845778032324;0.0909090909090909;0.68076684997007;2.84370876514147e-17;0.0909086359661912;0;4
"2";10;"B1 ME";0;0;0;0;0;0;0.0233791204339466;0;0;3.55463595642683e-18;0;0;0
"2";11;"B2 LEMA";2;1;1;1.14285714285714;0.142857142857143;1;0.0555676708905642;0.0303030303030303;0.0922852805469185;2.1327815738561e-17;0.0303033869737933;0;2
"2";12;"B3 LEMA";2;1;1;1.03030303030303;0.0303030303030303;1;0.0491366961915224;0.0303030303030303;1;1.42185438257073e-17;0.0303027690541789;0;2
"2";13;"B4 LEMA";4;2;2;1.53030303030303;0.53030303030303;1;0.0939088733317967;0.0606060606060606;0.517919950777888;0;0.0606074292171827;0;4
"2";14;"B5 ME";0;0;0;0;0;0;0.0233791204339466;0;0;3.55463595642683e-18;0;0;0
"2";15;"B6 LEMA";2;1;1;1.03030303030303;0.0303030303030303;1;0.0491366961915224;0.0303030303030303;1;1.42185438257073e-17;0.0303027690541789;0;2
"2";16;"C1 LEMA";6;3;3;1.57598039215686;0.575980392156863;1;0.133515073779424;0.121212121212121;0.0762586651759654;2.84370876514147e-17;0.12121157884398;0;4
"2";17;"C1 ME";0;0;0;0;0;0;0.0233791204339466;0;0;3.55463595642683e-18;0;0;0
"2";18;"C3 LEMA";4;2;2;1.17171717171717;0.171717171717172;1;0.103638245430177;0.0909090909090909;0.714742227945948;2.84370876514147e-17;0.0909085504798046;0;4
"2";19;"C5 LEMA";4;2;2;1.15530303030303;0.15530303030303;1;0.0789980563907869;0.0606060606060606;0.542280273748243;1.42185438257073e-17;0.0606058745389068;0;4
"2";20;"C6 LEMA";4;2;2;1.17316017316017;0.173160173160173;1;0.08132524664814;0.0606060606060606;0.54614264027346;2.84370876514147e-17;0.0606061560279722;0;4
"2";21;"D1 CHFU";0;0;0;0;0;0;0.0233791204339466;0;0;3.55463595642683e-18;0;0;0
"2";22;"D1 LEMA";10;5;5;2.61207664884135;1.61207664884135;1;0.246728702801727;0.242424242424242;0.29699412867262;8.5311262954244e-17;0.242423227633242;0;4
"2";23;"D2 ME";0;0;0;0;0;0;0.0233791204339466;0;0;3.55463595642683e-18;0;0;0
"2";24;"D3 ME";0;0;0;0;0;0;0.0233791204339466;0;0;3.55463595642683e-18;0;0;0
"2";25;"D4 LEMA";4;2;2;1.25252525252525;0.252525252525252;1;0.10662464315368;0.0909090909090908;0.429484455891895;2.84370876514147e-17;0.0909087937970725;0;4
"2";26;"D5 LEMA";2;1;1;1.125;0.125;1;0.0532404806332111;0.0303030303030303;0.0845605474964868;2.1327815738561e-17;0.0303031054847279;0;2
"2";27;"D6 LEMA";4;2;2;1.23611111111111;0.236111111111111;1;0.0819844541142901;0.0606060606060606;0.114393615667164;0;0.0606061178561746;0;4
"2";28;"E1 CHFU";0;0;0;0;0;0;0.0233791204339466;0;0;3.55463595642683e-18;0;0;0
"2";29;"E1 LEMA";6;3;3;2.35472370766488;1.35472370766488;1;0.2397243470702;0.242424242424243;0.306307453573428;2.84370876514147e-17;0.242422767934499;0;4
"2";30;"E2 LEMA";4;2;2;1.18382352941176;0.183823529411765;1;0.077902024164705;0.0606060606060606;0.0868236645725347;2.84370876514147e-17;0.0606057932354372;0;4
"2";31;"E2 ME";0;0;0;0;0;0;0.0233791204339466;0;0;3.55463595642683e-18;0;0;0
"2";32;"E3 LEMA";2;1;1;1.14285714285714;0.142857142857143;1;0.0555676708905642;0.0303030303030303;0.0922852805469185;2.1327815738561e-17;0.0303033869737933;0;2
"2";33;"E4 LEMA";4;2;2;1.42424242424242;0.424242424242424;1;0.129156867242988;0.121212121212121;0.760109655950175;0;0.121211195881807;0;4
"2";34;"E4 ME";0;0;0;0;0;0;0.0233791204339466;0;0;3.55463595642683e-18;0;0;0
"2";35;"E5 LEMA";4;2;2;1.14141414141414;0.141414141414141;1;0.0778806696726013;0.0606060606060606;0.572113341918921;1.42185438257073e-17;0.0606057814256257;0;4
"2";36;"E6 LEMA";8;4;4;1.75270562770563;0.752705627705628;1;0.242721929414021;0.242424242424242;0.652160556480513;5.68741753028293e-17;0.242423226448686;0;4
"2";37;"F1 LEMA";6;3;3;1.48128342245989;0.481283422459893;1;0.129411289337736;0.121212121212121;0.305118528301843;1.42185438257073e-17;0.121211242413431;0;4
"2";38;"F2 LEMA";6;3;3;2.55882352941176;1.55882352941176;1;0.148432614895152;0.0909090909090909;0.0422585427492783;4.2655631477122e-17;0.0909128703153318;0;4
"2";39;"F3 LEMA";10;5;5;2.43330362448009;1.4333036244801;1;0.310482008699372;0.333333333333333;0.401874231281995;1.13748350605659e-16;0.333330369571572;0;4
"2";40;"F4 LEMA";2;1;1;1.03030303030303;0.0303030303030303;1;0.0491366961915224;0.0303030303030303;1;1.42185438257073e-17;0.0303027690541789;0;2
"2";41;"F6 LEMA";6;3;3;1.51769798828622;0.517697988286224;1;0.170363891092869;0.151515151515152;0.273188524657868;1.42185438257073e-17;0.151515617726268;0;4
"2";42;"Andrena_cinerea";6;3;3;1.46590909090909;0.465909090909091;1;0.100605951304636;0.0909090909090909;1.17736468569091e-16;0.0404386238007;0.0909081964518689;0;4
"2";43;"Brassicogethes_sp.";4;2;2;1.39772727272727;0.397727272727273;1;0.121569419850575;0.121212121212121;3.13963916184242e-16;0.0192592243887466;0.121210522334277;0;4
"2";44;"Calliphoridae";0;0;0;0;0;0;0.0233791204339466;0;0;3.55463595642683e-18;0;0;0
"2";45;"Cantharidae";6;3;3;1.83333333333333;0.833333333333333;1;0.109240609705501;0.0909090909090908;3.92454895230302e-17;0.0423005499102099;0.0909088238738323;0;4
"2";46;"Dilophus_sp.";16;8;8;4.21515151515152;3.21515151515152;1;0.493230870629878;0.515151515151516;1.56981958092121e-16;0.089086781648582;0.515149464468799;0;4
"2";47;"Diptera";2;1;1;1.4;0.4;1;0.0844042343043334;0.0606060606060606;1.76604702853636e-16;0.0131799996880693;0.060606348841729;0;2
"2";48;"Episyrphus_balteatus";2;1;1;2;1;1;0.155860802892978;0.137876657543597;1.96227447615151e-17;1.42185438257073e-17;0.137878790651133;0;2
"2";49;"Eupeodes_corollae";16;8;8;4.2;3.2;1;0.281048095993078;0.242424242424242;0;0.0845605474964866;0.24242588934881;0;4
"2";50;"Lassioglosum_.immunitum";0;0;0;0;0;0;0.0233791204339466;0;0;3.55463595642683e-18;0;0;0
"2";51;"Malachius_bipustulatus";2;1;1;1.33333333333333;0.333333333333333;1;0.065435027987573;0.0303030303030303;5.88682342845453e-17;0.00184894504347806;0.0303044466581784;0;2
"2";52;"Meligethes_sp.";10;5;5;4.225;3.225;1;0.265082180230968;0.212121212121212;3.13963916184242e-16;0.0922852805469184;0.212124451273159;0;4
"2";53;"Melyridae";4;2;2;1.83333333333333;0.833333333333333;1;0.105346299153587;0.0606060606060606;7.84909790460604e-17;0.0358399015557746;0.060608547623577;0;4
"2";54;"Mordellidae";2;1;1;1.125;0.125;1;0.0488498323101554;0.0303030303030303;1.96227447615151e-16;0.00502572034450928;0.0303027153118408;0;2
"2";55;"Musca_sp.";2;1;1;1.125;0.125;1;0.0495940451066302;0.0303030303030303;2.55095681899696e-16;0.00487291254997812;0.030302772773609;0;2
"2";56;"Nemotelus_sp.";14;7;7;4.29090909090909;3.29090909090909;1;0.304347954505542;0.272727272727273;0;0.144226683837842;0.272728459839713;0;4
"2";57;"Psilothrix_viridicoerulea";38;19;19;11.555303030303;10.555303030303;1;1;1;0;1;1;0;4
"3";1;"A1 LEMA";0;0;0;0;0;0;0.0776908914063047;4.66453865101535e-17;0;0;0;0;0
"3";2;"A3 CHFU";0;0;0;0;0;0;0.0776908914063047;4.66453865101535e-17;0;0;0;0;0
"3";3;"A3 LEMA";0;0;0;0;0;0;0.0776908914063047;4.66453865101535e-17;0;0;0;0;0
"3";4;"A4 CHFU";0;0;0;0;0;0;0.0776908914063047;4.66453865101535e-17;0;0;0;0;0
"3";5;"A4 LEMA";0;0;0;0;0;0;0.0776908914063047;4.66453865101535e-17;0;0;0;0;0
"3";6;"A5 LEMA";0;0;0;0;0;0;0.0776908914063047;4.66453865101535e-17;0;0;0;0;0
"3";7;"A5 ME";2;1;1;2;1;1;0.517939276042031;1;0;1.10500277476465e-16;0.520707356293153;0;2
"3";8;"B1 CHFU";0;0;0;0;0;0;0.0776908914063047;4.66453865101535e-17;0;0;0;0;0
"3";9;"B1 LEMA";0;0;0;0;0;0;0.0776908914063047;4.66453865101535e-17;0;0;0;0;0
"3";10;"B1 ME";2;1;1;1.71428571428571;0.714285714285714;1;0.684833748549162;0;0.455920213726636;7.3666851650977e-17;0.575319120707449;0;2
"3";11;"B2 LEMA";0;0;0;0;0;0;0.0776908914063047;4.66453865101535e-17;0;0;0;0;0
"3";12;"B3 LEMA";0;0;0;0;0;0;0.0776908914063047;4.66453865101535e-17;0;0;0;0;0
"3";13;"B4 LEMA";0;0;0;0;0;0;0.0776908914063047;4.66453865101535e-17;0;0;0;0;0
"3";14;"B5 ME";4;2;2;1.83333333333333;0.833333333333333;1;0.55699531015556;0;0.911248527512485;2.21000554952931e-16;0.54576958421286;0;2
"3";15;"B6 LEMA";0;0;0;0;0;0;0.0776908914063047;4.66453865101535e-17;0;0;0;0;0
"3";16;"C1 LEMA";0;0;0;0;0;0;0.0776908914063047;4.66453865101535e-17;0;0;0;0;0
"3";17;"C1 ME";2;1;1;1.33333333333333;0.333333333333333;1;0.251355387550465;0;0.733745582537455;7.3666851650977e-17;0.212414598745715;0;2
"3";18;"C3 LEMA";0;0;0;0;0;0;0.0776908914063047;4.66453865101535e-17;0;0;0;0;0
"3";19;"C5 LEMA";0;0;0;0;0;0;0.0776908914063047;4.66453865101535e-17;0;0;0;0;0
"3";20;"C6 LEMA";0;0;0;0;0;0;0.0776908914063047;4.66453865101535e-17;0;0;0;0;0
"3";21;"D1 CHFU";0;0;0;0;0;0;0.0776908914063047;4.66453865101535e-17;0;0;0;0;0
"3";22;"D1 LEMA";0;0;0;0;0;0;0.0776908914063047;4.66453865101535e-17;0;0;0;0;0
"3";23;"D2 ME";2;1;1;2;1;1;0.517939276042031;0;0;1.10500277476465e-16;0.520707356293153;0;2
"3";24;"D3 ME";2;1;1;1.5;0.5;1;0.3833308140114;0;1;7.3666851650977e-17;0.333354985467145;0;2
"3";25;"D4 LEMA";0;0;0;0;0;0;0.0776908914063047;4.66453865101535e-17;0;0;0;0;0
"3";26;"D5 LEMA";0;0;0;0;0;0;0.0776908914063047;4.66453865101535e-17;0;0;0;0;0
"3";27;"D6 LEMA";0;0;0;0;0;0;0.0776908914063047;4.66453865101535e-17;0;0;0;0;0
"3";28;"E1 CHFU";0;0;0;0;0;0;0.0776908914063047;4.66453865101535e-17;0;0;0;0;0
"3";29;"E1 LEMA";0;0;0;0;0;0;0.0776908914063047;4.66453865101535e-17;0;0;0;0;0
"3";30;"E2 LEMA";0;0;0;0;0;0;0.0776908914063047;4.66453865101535e-17;0;0;0;0;0
"3";31;"E2 ME";4;2;2;2.14285714285714;1.14285714285714;1;0.415118153471992;0;0.269941740695694;2.21000554952931e-16;0.472612422890111;0;2
"3";32;"E3 LEMA";0;0;0;0;0;0;0.0776908914063047;4.66453865101535e-17;0;0;0;0;0
"3";33;"E4 LEMA";0;0;0;0;0;0;0.0776908914063047;4.66453865101535e-17;0;0;0;0;0
"3";34;"E4 ME";6;3;3;2.47619047619048;1.47619047619048;1;0.57803014271051;0;0.426000635799608;4.42001109905862e-16;0.65812325012659;0;2
"3";35;"E5 LEMA";0;0;0;0;0;0;0.0776908914063047;4.66453865101535e-17;0;0;0;0;0
"3";36;"E6 LEMA";0;0;0;0;0;0;0.0776908914063047;4.66453865101535e-17;0;0;0;0;0
"3";37;"F1 LEMA";0;0;0;0;0;0;0.0776908914063047;4.66453865101535e-17;0;0;0;0;0
"3";38;"F2 LEMA";0;0;0;0;0;0;0.0776908914063047;4.66453865101535e-17;0;0;0;0;0
"3";39;"F3 LEMA";0;0;0;0;0;0;0.0776908914063047;4.66453865101535e-17;0;0;0;0;0
"3";40;"F4 LEMA";0;0;0;0;0;0;0.0776908914063047;4.66453865101535e-17;0;0;0;0;0
"3";41;"F6 LEMA";0;0;0;0;0;0;0.0776908914063047;4.66453865101535e-17;0;0;0;0;0
"3";42;"Andrena_cinerea";2;1;1;2;1;1;0.517939276042031;0;0;1.10500277476465e-16;0.520707356293153;0;2
"3";43;"Brassicogethes_sp.";0;0;0;0;0;0;0.0776908914063047;4.66453865101535e-17;0;0;0;0;0
"3";44;"Calliphoridae";4;2;2;2.66666666666667;1.66666666666667;1;0.719152759070812;0;0;1;0.766468835171598;0;2
"3";45;"Cantharidae";6;3;3;2.66666666666667;1.66666666666667;1;0.61293351580292;0;0;0.733745582537455;0.716869376365603;0;2
"3";46;"Dilophus_sp.";0;0;0;0;0;0;0.0776908914063047;4.66453865101535e-17;0;0;0;0;0
"3";47;"Diptera";6;3;3;2.83333333333333;1.83333333333333;1;1;0;9.34001272051601e-17;0.455920213726636;1;0;2
"3";48;"Episyrphus_balteatus";0;0;0;0;0;0;0.0776908914063047;4.66453865101535e-17;0;0;0;0;0
"3";49;"Eupeodes_corollae";2;1;1;2;1;1;0.517939276042031;1;0;1.10500277476465e-16;0.520707356293153;0;2
"3";50;"Lassioglosum_.immunitum";2;1;1;1.33333333333333;0.333333333333333;1;0.241466098507616;0;0;0.088336111134733;0.200781248569389;0;2
"3";51;"Malachius_bipustulatus";0;0;0;0;0;0;0.0776908914063047;4.66453865101535e-17;0;0;0;0;0
"3";52;"Meligethes_sp.";0;0;0;0;0;0;0.0776908914063047;4.66453865101535e-17;0;0;0;0;0
"3";53;"Melyridae";0;0;0;0;0;0;0.0776908914063047;4.66453865101535e-17;0;0;0;0;0
"3";54;"Mordellidae";0;0;0;0;0;0;0.0776908914063047;4.66453865101535e-17;0;0;0;0;0
"3";55;"Musca_sp.";0;0;0;0;0;0;0.0776908914063047;4.66453865101535e-17;0;0;0;0;0
"3";56;"Nemotelus_sp.";2;1;1;1.5;0.5;1;0.254116106631901;0;0;0.0839632676647524;0.246067496968222;0;2
"3";57;"Psilothrix_viridicoerulea";0;0;0;0;0;0;0.0776908914063047;4.66453865101535e-17;0;0;0;0;0
"Aggr";1;"A1 LEMA";8;4;4;2.26641414141414;1.26641414141414;1;0.220170100012145;0.687375768290049;0.264621156598135;0;0.687377631985981;0;4
"Aggr";2;"A3 CHFU";2;1;1;1.2;0.2;1;0.102162565381924;0.012641756163096;0.250731274957344;1.46624127583641e-17;0.0126531689747543;0;2
"Aggr";3;"A3 LEMA";2;1;1;1.06060606060606;0.0606060606060606;1;0.0772927461957293;0.00776270633136116;1;1.46624127583641e-17;0.00776533256271476;0;2
"Aggr";4;"A4 CHFU";2;1;1;1.4;0.4;1;0.178547536083271;0.025283512326192;0.250731274957344;7.33120637918205e-18;0.0253063379495085;0;2
"Aggr";5;"A4 LEMA";2;1;1;1.22222222222222;0.222222222222222;1;0.0588018741437314;0.0332827390636715;0.15182525296773;1.46624127583641e-17;0.0332858458594723;0;2
"Aggr";6;"A5 LEMA";2;1;1;2;1;1;0.171850631203852;0;2.03739901846749e-17;1.46624127583641e-17;6.95895065259345e-06;0;2
"Aggr";7;"A5 ME";2;1;1;2;1;1;0.224536457893851;0.157889647132377;0.115221877878772;2.19936191375461e-17;0.157913748006162;0;2
"Aggr";8;"B1 CHFU";2;1;1;1.2;0.2;1;0.102162565381924;0.012641756163096;0.250731274957344;1.46624127583641e-17;0.0126531689747543;0;2
"Aggr";9;"B1 LEMA";4;2;2;1.39393939393939;0.393939393939394;1;0.111778359992337;0.0183443645361168;0.685730904852367;0;0.018351670065878;0;4
"Aggr";10;"B1 ME";2;1;1;1.71428571428571;0.714285714285714;1;0.116690403209689;0.462226314072132;0.0280293260720844;1.46624127583641e-17;0.462223445910084;0;2
"Aggr";11;"B2 LEMA";2;1;1;1.14285714285714;0.142857142857143;1;0.0595768518141965;0.000960114793268218;0.0943058605641141;7.33120637918205e-18;0.000961981692762888;0;2
"Aggr";12;"B3 LEMA";2;1;1;1.03030303030303;0.0303030303030303;1;0.0515351704381536;0.00388135316568058;1;1.46624127583641e-17;0.00388266628135738;0;2
"Aggr";13;"B4 LEMA";4;2;2;1.53030303030303;0.53030303030303;1;0.0990438461860391;0.00475085369644451;0.51890253538273;0;0.00475526596100819;0;4
"Aggr";14;"B5 ME";4;2;2;1.83333333333333;0.833333333333333;1;0.147671015453167;0.0128504506420176;0.0204136932445651;2.93248255167282e-17;0.0128599836041233;0;2
"Aggr";15;"B6 LEMA";2;1;1;1.03030303030303;0.0303030303030303;1;0.0515351704381536;0.00388135316568056;1;1.46624127583641e-17;0.00388266628135738;0;2
"Aggr";16;"C1 LEMA";6;3;3;1.57598039215686;0.575980392156863;1;0.130040402085519;0.0377541912510651;0.16846928558764;1.46624127583641e-17;0.0377685965773184;0;4
"Aggr";17;"C1 ME";2;1;1;1.33333333333333;0.333333333333333;1;0.060263208477185;0.0105816582047556;0.0571927145571008;1.46624127583641e-17;0.0105863375031633;0;2
"Aggr";18;"C3 LEMA";4;2;2;1.17171717171717;0.171717171717172;1;0.0938048859273061;0.0244040758631969;0.717275084322577;1.46624127583641e-17;0.0244082554924509;0;4
"Aggr";19;"C5 LEMA";4;2;2;1.15530303030303;0.15530303030303;1;0.0763800283398127;0.0236175590572277;0.557610938939386;0;0.0236218847821276;0;4
"Aggr";20;"C6 LEMA";4;2;2;1.17316017316017;0.173160173160173;1;0.0853344275717722;0.0048414679589488;0.547152930282057;0;0.00484464797412027;0;4
"Aggr";21;"D1 CHFU";2;1;1;2;1;1;0.153055526621333;0.647116839700985;0.0280293260720844;2.93248255167282e-17;0.647112824274118;0;2
"Aggr";22;"D1 LEMA";10;5;5;2.61207664884135;1.61207664884135;1;0.23829140632543;0.042848003977603;0.361802222083927;8.79744765501846e-17;0.0428690780211633;0;4
"Aggr";23;"D2 ME";2;1;1;2;1;1;0.108066091122838;0.00978055148498868;0.046389266738714;2.93248255167282e-17;0.00979276446125785;0;2
"Aggr";24;"D3 ME";2;1;1;1.5;0.5;1;0.11318540165656;0.00226879243726196;0.0020241825882972;0;0.00227364610096006;0;2
"Aggr";25;"D4 LEMA";4;2;2;1.25252525252525;0.252525252525252;1;0.0845594499013072;0.0371640922293521;0.434550168645154;2.93248255167282e-17;0.0371685121408296;0;4
"Aggr";26;"D5 LEMA";2;1;1;1.125;0.125;1;0.0506224525822369;0.0197362058915471;0.115221877878772;1.46624127583641e-17;0.0197392185007703;0;2
"Aggr";27;"D6 LEMA";4;2;2;1.23611111111111;0.236111111111111;1;0.0671345923138137;0.0363775754233829;0.133523565423251;2.93248255167282e-17;0.0363821414305064;0;4
"Aggr";28;"E1 CHFU";2;1;1;1.2;0.2;1;0.102162565381924;0.012641756163096;0.250731274957344;1.46624127583641e-17;0.0126531689747543;0;2
"Aggr";29;"E1 LEMA";6;3;3;2.35472370766488;1.35472370766488;1;0.232535393682893;0.0278091973642122;0.407531526502386;4.39872382750923e-17;0.0278324495228041;0;4
"Aggr";30;"E2 LEMA";4;2;2;1.18382352941176;0.183823529411765;1;0.0730886204355741;0.0234543694689283;0.182976576418058;2.93248255167282e-17;0.0234607387874627;0;4
"Aggr";31;"E2 ME";4;2;2;2.14285714285714;1.14285714285714;1;0.192569413970591;0.242217588600949;0.0899272895199075;1.46624127583641e-17;0.242230995549642;0;4
"Aggr";32;"E3 LEMA";2;1;1;1.14285714285714;0.142857142857143;1;0.0595768518141965;0.000960114793268185;0.0943058605641141;7.33120637918205e-18;0.000961981692762888;0;2
"Aggr";33;"E4 LEMA";4;2;2;1.42424242424242;0.424242424242424;1;0.130479820767392;0.0149042433253713;0.761597316684678;2.93248255167282e-17;0.0149122536644914;0;4
"Aggr";34;"E4 ME";6;3;3;2.47619047619048;1.47619047619048;1;0.132193272001974;0.119741204813053;0.02882199551366;1.46624127583641e-17;0.119749057799298;0;4
"Aggr";35;"E5 LEMA";4;2;2;1.14141414141414;0.141414141414141;1;0.0680473101697304;0.0205227226975164;0.575912626483865;0;0.0205255892110935;0;4
"Aggr";36;"E6 LEMA";8;4;4;1.75270562770563;0.752705627705628;1;0.240639087317821;0.0433632703415478;0.6569896256477;2.93248255167282e-17;0.0433787864207393;0;4
"Aggr";37;"F1 LEMA";6;3;3;1.48128342245989;0.481283422459893;1;0.130953119941435;0.0218993385251986;0.389663816117948;2.93248255167282e-17;0.0219120443579055;0;4
"Aggr";38;"F2 LEMA";6;3;3;2.55882352941176;1.55882352941176;1;0.154990200342865;0.00533193093759081;0.097582658201481;2.93248255167282e-17;0.00534288659831611;0;4
"Aggr";39;"F3 LEMA";10;5;5;2.43330362448009;1.4333036244801;1;0.293652823630538;0.0487184566591991;0.433010558698873;5.86496510334564e-17;0.048741004279409;0;4
"Aggr";40;"F4 LEMA";2;1;1;1.03030303030303;0.0303030303030303;1;0.0515351704381536;0.00388135316568059;1;1.46624127583641e-17;0.00388266628135738;0;2
"Aggr";41;"F6 LEMA";6;3;3;1.51769798828622;0.517697988286224;1;0.175399109692347;0.0104798611228664;0.306729771329938;1.46624127583641e-17;0.0104901316463385;0;4
"Aggr";42;"Andrena_cinerea";8;4;4;3.46590909090909;1.46590909090909;2;0.193619991628849;0.0151140426039723;0;0.046389266738714;0.0151292719075535;0;4
"Aggr";43;"Brassicogethes_sp.";4;2;2;1.39772727272727;0.397727272727273;1;0.119170120262461;0.0120641036720245;0;0.0211463586888238;0.0120706437091513;0;4
"Aggr";44;"Calliphoridae";4;2;2;2.66666666666667;1.66666666666667;1;0.205665428178782;0.00701200246406899;4.07479803693497e-17;0.00202418258829726;0.00702327868844844;0;2
"Aggr";45;"Cantharidae";12;6;6;4.5;2.5;2;0.243427862093698;0.0490560168839609;8.14959607386994e-17;0.0571927145571009;0.0490744057153203;0;4
"Aggr";46;"Dilophus_sp.";24;12;12;9.21515151515151;7.21515151515151;2;0.898646714133488;0.0976775397232554;8.14959607386994e-16;0.250731274957345;0.0977629044573937;0;4
"Aggr";47;"Diptera";10;5;5;6.23333333333333;3.23333333333333;3;0.449216230379136;1;0;0.0280293260720845;1;0;4
"Aggr";48;"Episyrphus_balteatus";2;1;1;2;1;1;0.171850631203852;0;2.03739901846749e-17;1.46624127583641e-17;6.95895065259345e-06;0;2
"Aggr";49;"Eupeodes_corollae";18;9;9;6.2;4.2;2;0.467667913442995;0.243989396420797;0;0.115221877878772;0.244025285242635;0;4
"Aggr";50;"Lassioglosum_.immunitum";2;1;1;1.33333333333333;0.333333333333333;1;0.063232355081137;0.0258288500135372;0;0.00124394591179472;0.0258311042218216;0;2
"Aggr";51;"Malachius_bipustulatus";2;1;1;1.33333333333333;0.333333333333333;1;0.0696914847777228;0.00115012743261255;0;0.00421162888163875;0.00115329768573178;0;2
"Aggr";52;"Meligethes_sp.";10;5;5;4.225;3.225;1;0.27834682345333;0.0103857651981101;8.14959607386994e-17;0.0943058605641144;0.0104022689716338;0;4
"Aggr";53;"Melyridae";4;2;2;1.83333333333333;0.833333333333333;1;0.111785119406789;0.00268730614757502;4.07479803693497e-17;0.0378050707654597;0.00269311651074662;0;4
"Aggr";54;"Mordellidae";2;1;1;1.125;0.125;1;0.0504844802593851;0.00224947498911868;0;0.00659583723236439;0.00225164030117469;0;2
"Aggr";55;"Musca_sp.";2;1;1;1.125;0.125;1;0.0510960566026547;0.00346595811518509;0;0.00585571523178678;0.0034679350773073;0;2
"Aggr";56;"Nemotelus_sp.";16;8;8;5.79090909090909;3.79090909090909;2;0.349668841374568;0.231445569946422;1.62991921477399e-16;0.151825252967731;0.23146569412224;0;4
"Aggr";57;"Psilothrix_viridicoerulea";38;19;19;11.555303030303;10.555303030303;1;1;0.197931264664113;9.77951528864393e-16;1;0.197996412627115;0;4
