"Layer";"Node";"Label";"Degree";"DegreeIn";"DegreeOut";"Strength";"StrengthIn";"StrengthOut";"PageRank";"Eigenvector";"Hub";"Authority";"Katz";"Multiplexity";"Kcore"
"1";1;"A1 LEMA";0;0;0;0;0;0;0.0686687458277704;8.04883358645419e-17;0;0;NA;0;0
"1";2;"A2 CHFU";4;2;2;1.65;0.65;1;0.569516386431909;0.600000000000001;0.720759220056126;0;-Inf;0;2
"1";3;"A2 LEMA";0;0;0;0;0;0;0.0686687458277704;8.04883358645419e-17;0;0;NA;0;0
"1";4;"A3 CHFU";2;1;1;1.33333333333333;0.333333333333333;1;0.255649876241916;0.224997656894968;0;0;-Inf;0;2
"1";5;"A3 LEMA";0;0;0;0;0;0;0.0686687458277704;8.04883358645419e-17;0;0;NA;0;0
"1";6;"A4 LEMA";0;0;0;0;0;0;0.0686687458277704;8.04883358645419e-17;0;0;NA;0;0
"1";7;"A5 LEMA";0;0;0;0;0;0;0.0686687458277704;8.04883358645419e-17;0;0;NA;0;0
"1";8;"A6 LEMA";0;0;0;0;0;0;0.0686687458277704;8.04883358645419e-17;0;0;NA;0;0
"1";9;"B1 CHFU";2;1;1;2;1;1;0.457791638851802;0.450019843154162;0;0;-Inf;0;2
"1";10;"B1 LEMA";0;0;0;0;0;0;0.0686687458277704;8.04883358645419e-17;0;0;NA;0;0
"1";11;"B2 CHFU";4;2;2;2.66666666666667;1.66666666666667;1;0.659933401461689;0.674992970684903;0;0;-Inf;0;2
"1";12;"B2 LEMA";0;0;0;0;0;0;0.0686687458277704;8.04883358645419e-17;0;0;NA;0;0
"1";13;"B2 ME";0;0;0;0;0;0;0.0686687458277704;8.04883358645419e-17;0;0;NA;0;0
"1";14;"B5 LEMA";0;0;0;0;0;0;0.0686687458277704;8.04883358645419e-17;0;0;NA;0;0
"1";15;"C1 LEMA";0;0;0;0;0;0;0.0686687458277704;8.04883358645419e-17;0;0;NA;0;0
"1";16;"C2 LEMA";0;0;0;0;0;0;0.0686687458277704;8.04883358645419e-17;0;0;NA;0;0
"1";17;"C3 LEMA";0;0;0;0;0;0;0.0686687458277704;8.04883358645419e-17;0;0;NA;0;0
"1";18;"C4 CHFU";2;1;1;1.25;0.25;1;0.229516386431909;0.200000000000001;0.162277660168379;0;-Inf;0;2
"1";19;"C4 LEMA";0;0;0;0;0;0;0.0686687458277704;8.04883358645419e-17;0;0;NA;0;0
"1";20;"C5 CHFU";2;1;1;1.5;0.5;1;0.390364027036048;0.400000000000002;0.162277660168379;0;-Inf;0;2
"1";21;"C5 LEMA";0;0;0;0;0;0;0.0686687458277704;8.04883358645419e-17;0;0;NA;0;0
"1";22;"D1 LEMA";0;0;0;0;0;0;0.0686687458277704;8.04883358645419e-17;0;0;NA;0;0
"1";23;"D2 LEMA";0;0;0;0;0;0;0.0686687458277704;8.04883358645419e-17;0;0;NA;0;0
"1";24;"D2 ME";0;0;0;0;0;0;0.0686687458277704;8.04883358645419e-17;0;0;NA;0;0
"1";25;"D3 LEMA";0;0;0;0;0;0;0.0686687458277704;8.04883358645419e-17;0;0;NA;0;0
"1";26;"D4 LEMA";0;0;0;0;0;0;0.0686687458277704;8.04883358645419e-17;0;0;NA;0;0
"1";27;"D5 LEMA";0;0;0;0;0;0;0.0686687458277704;8.04883358645419e-17;0;0;NA;0;0
"1";28;"E1 LEMA";0;0;0;0;0;0;0.0686687458277704;8.04883358645419e-17;0;0;NA;0;0
"1";29;"E2 CHFU";2;1;1;1.2;0.2;1;0.23866874582777;0.2;1;0;-Inf;0;2
"1";30;"E2 LEMA";0;0;0;0;0;0;0.0686687458277704;8.04883358645419e-17;0;0;NA;0;0
"1";31;"E3 LEMA";0;0;0;0;0;0;0.0686687458277704;8.04883358645419e-17;0;0;NA;0;0
"1";32;"E3 ME";0;0;0;0;0;0;0.0686687458277704;8.04883358645419e-17;0;0;NA;0;0
"1";33;"E4 LEMA";0;0;0;0;0;0;0.0686687458277704;8.04883358645419e-17;0;0;NA;0;0
"1";34;"E5 CHFU";2;1;1;1.2;0.2;1;0.23866874582777;0.2;1;0;-Inf;0;2
"1";35;"E5 LEMA";0;0;0;0;0;0;0.0686687458277704;8.04883358645419e-17;0;0;NA;0;0
"1";36;"E6 LEMA";0;0;0;0;0;0;0.0686687458277704;8.04883358645419e-17;0;0;NA;0;0
"1";37;"F1 LEMA";0;0;0;0;0;0;0.0686687458277704;8.04883358645419e-17;0;0;NA;0;0
"1";38;"F2 LEMA";0;0;0;0;0;0;0.0686687458277704;8.04883358645419e-17;0;0;NA;0;0
"1";39;"F3 LEMA";0;0;0;0;0;0;0.0686687458277704;8.04883358645419e-17;0;0;NA;0;0
"1";40;"F4 CHFU";2;1;1;1.2;0.2;1;0.23866874582777;0.2;1;0;-Inf;0;2
"1";41;"F4 LEMA";0;0;0;0;0;0;0.0686687458277704;8.04883358645419e-17;0;0;NA;0;0
"1";42;"F5 LEMA";0;0;0;0;0;0;0.0686687458277704;8.04883358645419e-17;0;0;NA;0;0
"1";43;"F6 LEMA";0;0;0;0;0;0;0.0686687458277704;8.04883358645419e-17;0;0;NA;0;0
"1";44;"Andrena_cinerea";0;0;0;0;0;0;0.0686687458277704;8.04883358645419e-17;0;0;NA;0;0
"1";45;"Anthaxia_semicuprea";0;0;0;0;0;0;0.0686687458277704;8.04883358645419e-17;0;0;NA;0;0
"1";46;"Chrysomelidae";0;0;0;0;0;0;0.0686687458277704;8.04883358645419e-17;0;0;NA;0;0
"1";47;"Dilophus_sp.";6;3;3;3.33333333333333;2.33333333333333;1;0.756930073431241;0.800000000000003;0;0.162277660168379;-Inf;0;2
"1";48;"Diptera";8;4;4;4.66666666666667;3.66666666666667;1;1;1;0;1;-Inf;0;2
"1";49;"Empididae";4;2;2;2.66666666666667;1.66666666666667;1;0.659933401461689;0.674992970684904;0;0;-Inf;0;2
"1";50;"Eupeodes_corollae";2;1;1;2;1;1;0.457791638851802;0.450019843154162;0;0;-Inf;0;2
"1";51;"Melyridae";0;0;0;0;0;0;0.0686687458277704;8.04883358645419e-17;0;0;NA;0;0
"1";52;"Mordellidae";0;0;0;0;0;0;0.0686687458277704;8.04883358645419e-17;0;0;NA;0;0
"1";53;"Musca_sp.";0;0;0;0;0;0;0.0686687458277704;8.04883358645419e-17;0;0;NA;0;0
"1";54;"Odontomyia_sp.";0;0;0;0;0;0;0.0686687458277704;8.04883358645419e-17;0;0;NA;0;0
"1";55;"Oedemeridae";0;0;0;0;0;0;0.0686687458277704;8.04883358645419e-17;0;0;NA;0;0
"1";56;"Psilothrix_viridicoerulea";0;0;0;0;0;0;0.0686687458277704;8.04883358645419e-17;0;0;NA;0;0
"1";57;"Scaeva_sp.";0;0;0;0;0;0;0.0686687458277704;8.04883358645419e-17;0;0;NA;0;0
"1";58;"Sphaerophoria_scripta";2;1;1;1.33333333333333;0.333333333333333;1;0.255649876241916;0.224997656894968;0;0;-Inf;0;2
"2";1;"A1 LEMA";4;2;2;1.1531007751938;0.153100775193798;1;0.100564675115799;0.0930232558139534;0.778644102443317;0;0.0930227980731546;0;4
"2";2;"A2 CHFU";0;0;0;0;0;0;0.0174270470974855;1.81303869674434e-17;1.1344861770162e-17;0;0;0;0
"2";3;"A2 LEMA";4;2;2;1.23643410852713;0.236434108527132;1;0.0987139980833036;0.0930232558139535;0.771482778099664;0;0.093022558473723;0;4
"2";4;"A3 CHFU";0;0;0;0;0;0;0.0174270470974855;1.81303869674434e-17;1.1344861770162e-17;0;0;0;0
"2";5;"A3 LEMA";4;2;2;1.35658914728682;0.356589147286822;1;0.0633845756125298;0.0465116279069767;0.520898935837435;0;0.0465116545071159;0;4
"2";6;"A4 LEMA";4;2;2;1.37984496124031;0.37984496124031;1;0.08442704698311;0.0697674418604651;0.674027564822166;0;0.0697680395886038;0;2
"2";7;"A5 LEMA";2;1;1;1.08333333333333;0.0833333333333333;1;0.0412623495344037;0.0232558139534883;0.114576409773268;0;0.0232559882653705;0;2
"2";8;"A6 LEMA";6;3;3;1.52325581395349;0.523255813953488;1;0.0853692010169525;0.069767441860465;0.375909661357842;0;0.0697674031730548;0;4
"2";9;"B1 CHFU";0;0;0;0;0;0;0.0174270470974855;1.81303869674434e-17;1.1344861770162e-17;0;0;0;0
"2";10;"B1 LEMA";4;2;2;2.25;1.25;1;0.0981888785672716;0.0465116279069766;0.00757590241435874;0;0.0465155651070296;0;2
"2";11;"B2 CHFU";0;0;0;0;0;0;0.0174270470974855;1.81303869674434e-17;1.1344861770162e-17;0;0;0;0
"2";12;"B2 LEMA";6;3;3;1.37984496124031;0.37984496124031;1;0.10163731462538;0.0930232558139534;0.529702296857374;0;0.0930228312894346;0;4
"2";13;"B2 ME";0;0;0;0;0;0;0.0174270470974855;1.81303869674434e-17;1.1344861770162e-17;0;0;0;0
"2";14;"B5 LEMA";2;1;1;1.02325581395349;0.0232558139534884;1;0.0371944889579507;0.0232558139534884;1;0;0.0232556032692614;0;2
"2";15;"C1 LEMA";4;2;2;2.02325581395349;1.02325581395349;1;0.0814207107488272;0.0465116279069767;0.512277648374667;0;0.0465130980065324;0;2
"2";16;"C2 LEMA";2;1;1;1.08333333333333;0.0833333333333333;1;0.0412623495344037;0.0232558139534883;0.114576409773268;0;0.0232559882653705;0;2
"2";17;"C3 LEMA";4;2;2;1.18992248062016;0.189922480620155;1;0.0591791143623734;0.0465116279069767;0.542965556199327;0;0.0465113519352002;0;4
"2";18;"C4 CHFU";0;0;0;0;0;0;0.0174270470974855;1.81303869674434e-17;1.1344861770162e-17;0;0;0;0
"2";19;"C4 LEMA";4;2;2;2.16666666666667;1.16666666666667;1;0.130794494983495;0.0930232558139534;0.0113420014002299;0;0.0930283139297276;0;2
"2";20;"C5 CHFU";0;0;0;0;0;0;0.0174270470974855;1.81303869674434e-17;1.1344861770162e-17;0;0;0;0
"2";21;"C5 LEMA";6;3;3;2.33333333333333;1.33333333333333;1;0.114011128810226;0.069767441860465;0.043585965055895;0;0.0697704211153843;0;4
"2";22;"D1 LEMA";2;1;1;1.5;0.5;1;0.0758642626541068;0.0465116279069767;0.000601308333962957;0;0.0465146478295655;0;2
"2";23;"D2 LEMA";2;1;1;1.02325581395349;0.0232558139534884;1;0.0371944889579507;0.0232558139534884;1;0;0.0232556032692614;0;2
"2";24;"D2 ME";0;0;0;0;0;0;0.0174270470974855;1.81303869674434e-17;1.1344861770162e-17;0;0;0;0
"2";25;"D3 LEMA";8;4;4;2.48643410852713;1.48643410852713;1;0.190114318524581;0.162790697674419;0.464190690801674;0;0.162792053632844;0;4
"2";26;"D4 LEMA";2;1;1;1.25;0.25;1;0.0487058844459139;0.0232558139534883;0.0138247825849848;1.40505746820864e-17;0.0232566498050934;0;2
"2";27;"D5 LEMA";10;5;5;1.85658914728682;0.856589147286822;1;0.140483340802299;0.116279069767442;0.251226035286356;0;0.116280041243519;0;4
"2";28;"E1 LEMA";2;1;1;1.09302325581395;0.0930232558139535;1;0.096496814539346;0.0930232558139534;1;0;0.0930224130770455;0;2
"2";29;"E2 CHFU";0;0;0;0;0;0;0.0174270470974855;1.81303869674434e-17;1.1344861770162e-17;0;0;0;0
"2";30;"E2 LEMA";6;3;3;1.46317829457364;0.463178294573643;1;0.126178750060416;0.116279069767442;0.43606651196699;0;0.116278946973839;0;4
"2";31;"E3 LEMA";6;3;3;1.48643410852713;0.486434108527132;1;0.1291921071378;0.116279069767442;0.620143955435052;0;0.116279395317904;0;4
"2";32;"E3 ME";0;0;0;0;0;0;0.0174270470974855;1.81303869674434e-17;1.1344861770162e-17;0;0;0;0
"2";33;"E4 LEMA";2;1;1;1.09302325581395;0.0930232558139535;1;0.096496814539346;0.0930232558139534;1;0;0.0930224130770455;0;2
"2";34;"E5 CHFU";0;0;0;0;0;0;0.0174270470974855;1.81303869674434e-17;1.1344861770162e-17;0;0;0;0
"2";35;"E5 LEMA";4;2;2;1.12984496124031;0.12984496124031;1;0.0807972332553339;0.0697674418604651;0.704858803257756;0;0.0697671948038933;0;4
"2";36;"E6 LEMA";2;1;1;1.06976744186047;0.0697674418604651;1;0.0767293726788809;0.0697674418604651;1;0;0.0697668098077842;0;2
"2";37;"F1 LEMA";6;3;3;1.91666666666667;0.916666666666667;1;0.113508339177558;0.0930232558139534;0.0483714318088901;0;0.0930238232273738;0;4
"2";38;"F2 LEMA";2;1;1;1.08333333333333;0.0833333333333333;1;0.0412623495344037;0.0232558139534883;0.114576409773268;0;0.0232559882653705;0;2
"2";39;"F3 LEMA";6;3;3;1.6531007751938;0.653100775193798;1;0.127429147953871;0.116279069767442;0.625545915434776;0;0.116278880865212;0;4
"2";40;"F4 CHFU";0;0;0;0;0;0;0.0174270470974855;1.81303869674434e-17;1.1344861770162e-17;0;0;0;0
"2";41;"F4 LEMA";2;1;1;1.25;0.25;1;0.0487058844459139;0.0232558139534883;0.0138247825849848;1.40505746820864e-17;0.0232566498050934;0;2
"2";42;"F5 LEMA";2;1;1;1.04651162790698;0.0465116279069767;1;0.0569619308184158;0.0465116279069767;1;0;0.0465112065385228;0;2
"2";43;"F6 LEMA";4;2;2;1.41666666666667;0.416666666666667;1;0.070595914554523;0.0465116279069766;0.0238333699037214;0;0.0465127129291538;0;4
"2";44;"Andrena_cinerea";4;2;2;1.83333333333333;0.833333333333333;1;0.0969357041106856;0.0697674418604651;0;0.0220826944664969;0.0697702562745646;0;2
"2";45;"Anthaxia_semicuprea";6;3;3;2.03333333333333;1.03333333333333;1;0.0924355999573381;0.0697674418604651;4.53794470806479e-17;0.0417978716748699;0.0697679108144304;0;4
"2";46;"Chrysomelidae";2;1;1;1.14285714285714;0.142857142857143;1;0.0405123572040418;0.0232558139534884;6.80691706209719e-17;0.00635723348019653;0.0232559094700784;0;2
"2";47;"Dilophus_sp.";22;11;11;6.05238095238095;5.05238095238095;1;0.336498387344727;0.27906976744186;0;0.114576409773268;0.279073709343298;0;4
"2";48;"Diptera";2;1;1;1.33333333333333;0.333333333333333;1;0.0497302002603828;0.0232558139534883;0;0.00139282061781571;0.0232568879964715;0;2
"2";49;"Empididae";0;0;0;0;0;0;0.0174270470974855;1.81303869674434e-17;1.1344861770162e-17;0;0;0;0
"2";50;"Eupeodes_corollae";8;4;4;2.53333333333333;1.53333333333333;1;0.143426395550571;0.0930232558139533;1.81517788322592e-16;0.0147886647766016;0.0930273370718527;0;4
"2";51;"Melyridae";4;2;2;2.5;1.5;1;0.137499330721462;0.0930232558139534;0;0.000601308333962917;0.0930292853737434;0;2
"2";52;"Mordellidae";8;4;4;3.34285714285714;2.34285714285714;1;0.147194528698486;0.0930232558139534;1.81517788322592e-16;0.0138247825849848;0.0930265889080215;0;4
"2";53;"Musca_sp.";2;1;1;1.5;0.5;1;0.0520308491657371;0.0232558139534883;2.2689723540324e-17;0.0245552967493335;0.0232567867268969;0;2
"2";54;"Odontomyia_sp.";12;6;6;2.73333333333333;1.73333333333333;1;0.155185591090043;0.13953488372093;1.81517788322592e-16;0.0859311123986543;0.139534946766859;0;4
"2";55;"Oedemeridae";2;1;1;1.5;0.5;1;0.0591573204885759;0.0232558139534882;2.2689723540324e-17;0.000363140052115862;0.0232580202648099;0;2
"2";56;"Psilothrix_viridicoerulea";40;20;20;14.3952380952381;13.3952380952381;1;1;1;0;1;1;0;4
"2";57;"Scaeva_sp.";4;2;2;1.45;0.45;1;0.0632105243248746;0.0465116279069768;0;0.0131531674006094;0.0465116901227747;0;4
"2";58;"Sphaerophoria_scripta";8;4;4;2.65;1.65;1;0.160170059312054;0.13953488372093;0;0.0328780750308412;0.139535711288709;0;4
"3";1;"A1 LEMA";0;0;0;0;0;0;0.15;0;3.9666250185703e-17;0;0;0;0
"3";2;"A2 CHFU";0;0;0;0;0;0;0.15;0;0;0;0;0;0
"3";3;"A2 LEMA";0;0;0;0;0;0;0.15;0;0;0;0;0;0
"3";4;"A3 CHFU";0;0;0;0;0;0;0.15;0;1.98331250928515e-17;0;0;0;0
"3";5;"A3 LEMA";0;0;0;0;0;0;0.15;0;1.98331250928515e-17;0;0;0;0
"3";6;"A4 LEMA";0;0;0;0;0;0;0.15;0;1.98331250928515e-17;2.5198920981705e-17;0;0;0
"3";7;"A5 LEMA";0;0;0;0;0;0;0.15;0;0;2.5198920981705e-17;0;0;0
"3";8;"A6 LEMA";0;0;0;0;0;0;0.15;0;0;2.5198920981705e-17;0;0;0
"3";9;"B1 CHFU";0;0;0;0;0;0;0.15;0;0;0;0;0;0
"3";10;"B1 LEMA";0;0;0;0;0;0;0.15;0;0;0;0;0;0
"3";11;"B2 CHFU";0;0;0;0;0;0;0.15;0;0;0;0;0;0
"3";12;"B2 LEMA";0;0;0;0;0;0;0.15;0;1.98331250928515e-17;0;0;0;0
"3";13;"B2 ME";2;1;1;2;1;1;1;0;0;0;1;0;2
"3";14;"B5 LEMA";0;0;0;0;0;0;0.15;0;1.98331250928515e-17;0;0;0;0
"3";15;"C1 LEMA";0;0;0;0;0;0;0.15;0;0;0;0;0;0
"3";16;"C2 LEMA";0;0;0;0;0;0;0.15;0;1.98331250928515e-17;0;0;0;0
"3";17;"C3 LEMA";0;0;0;0;0;0;0.15;0;0;0;0;0;0
"3";18;"C4 CHFU";0;0;0;0;0;0;0.15;0;0;2.5198920981705e-17;0;0;0
"3";19;"C4 LEMA";0;0;0;0;0;0;0.15;0;0;0;0;0;0
"3";20;"C5 CHFU";0;0;0;0;0;0;0.15;0;1.98331250928515e-17;0;0;0;0
"3";21;"C5 LEMA";0;0;0;0;0;0;0.15;0;1.98331250928515e-17;0;0;0;0
"3";22;"D1 LEMA";0;0;0;0;0;0;0.15;0;0;0;0;0;0
"3";23;"D2 LEMA";0;0;0;0;0;0;0.15;0;0;0;0;0;0
"3";24;"D2 ME";2;1;1;2;1;1;1;1;0.131885983051757;0.116945000874934;1;0;2
"3";25;"D3 LEMA";0;0;0;0;0;0;0.15;0;0;2.5198920981705e-17;0;0;0
"3";26;"D4 LEMA";0;0;0;0;0;0;0.15;0;1.98331250928515e-17;2.5198920981705e-17;0;0;0
"3";27;"D5 LEMA";0;0;0;0;0;0;0.15;0;0;0;0;0;0
"3";28;"E1 LEMA";0;0;0;0;0;0;0.15;0;0;7.55967629451149e-17;0;0;0
"3";29;"E2 CHFU";0;0;0;0;0;0;0.15;0;1.98331250928515e-17;0;0;0;0
"3";30;"E2 LEMA";0;0;0;0;0;0;0.15;0;0;2.5198920981705e-17;0;0;0
"3";31;"E3 LEMA";0;0;0;0;0;0;0.15;0;0;0;0;0;0
"3";32;"E3 ME";2;1;1;2;1;1;1;0;1;0.880025681021318;1;0;2
"3";33;"E4 LEMA";0;0;0;0;0;0;0.15;0;0;2.5198920981705e-17;0;0;0
"3";34;"E5 CHFU";0;0;0;0;0;0;0.15;0;0;0;0;0;0
"3";35;"E5 LEMA";0;0;0;0;0;0;0.15;0;0;0;0;0;0
"3";36;"E6 LEMA";0;0;0;0;0;0;0.15;0;0;0;0;0;0
"3";37;"F1 LEMA";0;0;0;0;0;0;0.15;0;0;2.5198920981705e-17;0;0;0
"3";38;"F2 LEMA";0;0;0;0;0;0;0.15;0;1.98331250928515e-17;0;0;0;0
"3";39;"F3 LEMA";0;0;0;0;0;0;0.15;0;0;2.5198920981705e-17;0;0;0
"3";40;"F4 CHFU";0;0;0;0;0;0;0.15;0;0;2.5198920981705e-17;0;0;0
"3";41;"F4 LEMA";0;0;0;0;0;0;0.15;0;0;2.5198920981705e-17;0;0;0
"3";42;"F5 LEMA";0;0;0;0;0;0;0.15;0;0;0;0;0;0
"3";43;"F6 LEMA";0;0;0;0;0;0;0.15;0;1.98331250928515e-17;0;0;0;0
"3";44;"Andrena_cinerea";0;0;0;0;0;0;0.15;0;0;0;0;0;0
"3";45;"Anthaxia_semicuprea";0;0;0;0;0;0;0.15;0;0;0;0;0;0
"3";46;"Chrysomelidae";0;0;0;0;0;0;0.15;0;0;0;0;0;0
"3";47;"Dilophus_sp.";0;0;0;0;0;0;0.15;0;1.98331250928515e-17;0;0;0;0
"3";48;"Diptera";0;0;0;0;0;0;0.15;0;0;5.039784196341e-17;0;0;0
"3";49;"Empididae";2;1;1;2;1;1;1;0;0.0178109023992954;0;1;0;2
"3";50;"Eupeodes_corollae";0;0;0;0;0;0;0.15;0;0;0;0;0;0
"3";51;"Melyridae";0;0;0;0;0;0;0.15;0;0;2.5198920981705e-17;0;0;0
"3";52;"Mordellidae";0;0;0;0;0;0;0.15;0;0;0;0;0;0
"3";53;"Musca_sp.";2;1;1;2;1;1;1;1;0.0303313415532898;1;1;0;2
"3";54;"Odontomyia_sp.";0;0;0;0;0;0;0.15;0;0;0;0;0;0
"3";55;"Oedemeridae";0;0;0;0;0;0;0.15;0;1.98331250928515e-17;0;0;0;0
"3";56;"Psilothrix_viridicoerulea";0;0;0;0;0;0;0.15;0;1.98331250928515e-17;0;0;0;0
"3";57;"Scaeva_sp.";0;0;0;0;0;0;0.15;0;0;0;0;0;0
"3";58;"Sphaerophoria_scripta";2;1;1;2;1;1;1;0;0;0;1;0;2
"Aggr";1;"A1 LEMA";4;2;2;1.1531007751938;0.153100775193798;1;0.0977454071748882;0.0155024552170587;0.79117512673321;7.07536393281567e-17;0.0155121301712125;0;4
"Aggr";2;"A2 CHFU";4;2;2;1.65;0.65;1;0.116304901181499;0.0360062498623826;0.0603766185900872;4.2452183596894e-17;0.0360348807858803;0;4
"Aggr";3;"A2 LEMA";4;2;2;1.23643410852713;0.236434108527132;1;0.100672695218409;0.00950759040397931;0.771455557642464;5.66029114625253e-17;0.00951383852945982;0;4
"Aggr";4;"A3 CHFU";2;1;1;1.33333333333333;0.333333333333333;1;0.0609328594763253;0.225611799954633;0.00105867967069009;1.41507278656313e-17;0.225610294280707;0;2
"Aggr";5;"A3 LEMA";4;2;2;1.35658914728682;0.356589147286822;1;0.0660787589074355;0.00333819805749274;0.5209130199097;2.83014557312627e-17;0.0033419250750868;0;4
"Aggr";6;"A4 LEMA";4;2;2;1.37984496124031;0.37984496124031;1;0.0882043058748011;0.00491976637087583;0.673997541165178;2.83014557312627e-17;0.00492482736795305;0;2
"Aggr";7;"A5 LEMA";2;1;1;1.08333333333333;0.0833333333333333;1;0.0384430815934928;0.00858052399369291;0.16470050693284;1.41507278656313e-17;0.00858569426195257;0;2
"Aggr";8;"A6 LEMA";6;3;3;1.52325581395349;0.523255813953488;1;0.0883537733184283;0.00592385723810626;0.375882756796419;5.66029114625253e-17;0.00592932769528671;0;4
"Aggr";9;"B1 CHFU";2;1;1;2;1;1;0.133781531527532;0.0624199296251824;0.0172666943121439;0;0.0624568599797392;0;2
"Aggr";10;"B1 LEMA";4;2;2;2.25;1.25;1;0.100192487269694;0.0202413188072726;0.00884448747630425;2.83014557312627e-17;0.0202570825454836;0;2
"Aggr";11;"B2 CHFU";4;2;2;2.66666666666667;1.66666666666667;1;0.17915044562227;0.862525339394985;0.0134541558007928;0;0.862543230438445;0;2
"Aggr";12;"B2 LEMA";6;3;3;1.37984496124031;0.37984496124031;1;0.0936352670072177;0.0757505699104772;0.531016834657714;7.07536393281567e-17;0.0757588002058784;0;4
"Aggr";13;"B2 ME";2;1;1;2;1;1;0.144607867976933;0.6768353998639;0.00105867967069009;0;0.67683088284212;0;2
"Aggr";14;"B5 LEMA";2;1;1;1.02325581395349;0.0232558139534884;1;0.0388627970864864;0.00230731040778859;1;2.1226091798447e-17;0.0023088119697533;0;2
"Aggr";15;"C1 LEMA";4;2;2;2.02325581395349;1.02325581395349;1;0.0869573471988047;0.0039966572496822;0.513554122787362;2.83014557312627e-17;0.00401365203626143;0;2
"Aggr";16;"C2 LEMA";2;1;1;1.08333333333333;0.0833333333333333;1;0.0384430815934928;0.00858052399369292;0.16470050693284;1.41507278656313e-17;0.00858569426195257;0;2
"Aggr";17;"C3 LEMA";4;2;2;1.18992248062016;0.189922480620155;1;0.0611378114974792;0.0048929695884021;0.542911115284928;2.83014557312627e-17;0.00489621458995321;0;4
"Aggr";18;"C4 CHFU";2;1;1;1.25;0.25;1;0.077138534328436;0.0257415719810787;0.16470050693284;1.41507278656313e-17;0.0257570827858577;0;2
"Aggr";19;"C4 LEMA";4;2;2;2.16666666666667;1.16666666666667;1;0.141864669462283;0.000716769414855603;0.0112944024670419;2.83014557312627e-17;0.000725055789162745;0;2
"Aggr";20;"C5 CHFU";2;1;1;1.5;0.5;1;0.135181713430851;0.0514831439621575;0.16470050693284;7.07536393281567e-18;0.0515141655717154;0;2
"Aggr";21;"C5 LEMA";6;3;3;2.33333333333333;1.33333333333333;1;0.165030542801529;0.0498472011032482;0.0633939585545648;1.41507278656313e-17;0.0498944042569439;0;4
"Aggr";22;"D1 LEMA";2;1;1;1.5;0.5;1;0.0827165356065833;0.000106478304258333;0.000596181438549367;2.83014557312627e-17;0.000110648932269871;0;2
"Aggr";23;"D2 LEMA";2;1;1;1.02325581395349;0.0232558139534884;1;0.0388627970864864;0.00230731040778859;1;2.1226091798447e-17;0.0023088119697533;0;2
"Aggr";24;"D2 ME";2;1;1;2;1;1;0.0671899053383396;0.00168934684189365;0.0271082455747253;0;0.00170484006650812;0;2
"Aggr";25;"D3 LEMA";8;4;4;2.48643410852713;1.48643410852713;1;0.184973007136439;0.0268735874303862;0.478595491745212;5.66029114625253e-17;0.0268949778938125;0;4
"Aggr";26;"D4 LEMA";2;1;1;1.25;0.25;1;0.0516523200699716;0.00103190023347931;0.0142386930770244;2.1226091798447e-17;0.00103461179151975;0;2
"Aggr";27;"D5 LEMA";10;5;5;1.85658914728682;0.856589147286822;1;0.14025846452985;0.0155362814652786;0.261317494079824;1.13205822925051e-16;0.015549633748759;0;4
"Aggr";28;"E1 LEMA";2;1;1;1.09302325581395;0.0930232558139535;1;0.0981651226678817;0.0092292416311544;1;1.41507278656313e-17;0.00923524787901322;0;2
"Aggr";29;"E2 CHFU";2;1;1;1.2;0.2;1;0.038678538652553;0.00513233894065191;0.0082146744187109;2.1226091798447e-17;0.00513889900001131;0;2
"Aggr";30;"E2 LEMA";6;3;3;1.46317829457364;0.463178294573643;1;0.10343799261297;0.150295724637843;0.448238144610967;7.07536393281567e-17;0.150310865493803;0;4
"Aggr";31;"E3 LEMA";6;3;3;1.48643410852713;0.486434108527132;1;0.129344239293787;0.0251125728102749;0.6206177849764;7.07536393281567e-17;0.0251280535243946;0;4
"Aggr";32;"E3 ME";2;1;1;2;1;1;0.095475437121662;0.411301739485719;0.0382451080609981;0;0.411322641877031;0;2
"Aggr";33;"E4 LEMA";2;1;1;1.09302325581395;0.0930232558139535;1;0.0981651226678817;0.00922924163115439;1;1.41507278656313e-17;0.00923524787901322;0;2
"Aggr";34;"E5 CHFU";2;1;1;1.2;0.2;1;0.038678538652553;0.00513233894065193;0.0082146744187109;2.1226091798447e-17;0.00513889900001131;0;2
"Aggr";35;"E5 LEMA";4;2;2;1.12984496124031;0.12984496124031;1;0.0779779653144231;0.0131951448092701;0.72156683564428;4.2452183596894e-17;0.0132033182014592;0;4
"Aggr";36;"E6 LEMA";2;1;1;1.06976744186047;0.0697674418604651;1;0.0783976808074166;0.0069219312233658;1;2.83014557312627e-17;0.00692643590925991;0;2
"Aggr";37;"F1 LEMA";6;3;3;1.91666666666667;0.916666666666667;1;0.0889185651634117;0.15577374493387;0.0637129498268159;4.2452183596894e-17;0.155788563929354;0;4
"Aggr";38;"F2 LEMA";2;1;1;1.08333333333333;0.0833333333333333;1;0.0384430815934928;0.00858052399369292;0.16470050693284;1.41507278656313e-17;0.00858569426195257;0;2
"Aggr";39;"F3 LEMA";6;3;3;1.6531007751938;0.653100775193798;1;0.12276086344626;0.0255950963286632;0.635672316637053;4.2452183596894e-17;0.0256074525462702;0;4
"Aggr";40;"F4 CHFU";2;1;1;1.2;0.2;1;0.038678538652553;0.00513233894065192;0.0082146744187109;2.1226091798447e-17;0.00513889900001131;0;2
"Aggr";41;"F4 LEMA";2;1;1;1.25;0.25;1;0.0516523200699716;0.00103190023347932;0.0142386930770244;2.1226091798447e-17;0.00103461179151975;0;2
"Aggr";42;"F5 LEMA";2;1;1;1.04651162790698;0.0465116279069767;1;0.0586302389469515;0.00461462081557718;1;2.83014557312627e-17;0.00461762393950661;0;2
"Aggr";43;"F6 LEMA";4;2;2;1.41666666666667;0.416666666666667;1;0.0604969129506723;0.084155272320582;0.0277559011865709;1.41507278656313e-17;0.0841679886411067;0;4
"Aggr";44;"Andrena_cinerea";4;2;2;1.83333333333333;0.833333333333333;1;0.104379059745352;0.00135252480304666;0;0.0219926234955345;0.00135833342491501;0;2
"Aggr";45;"Anthaxia_semicuprea";6;3;3;2.03333333333333;1.03333333333333;1;0.0960563358386439;0.00456929845828744;0;0.0418260398194013;0.00457588204693917;0;4
"Aggr";46;"Chrysomelidae";2;1;1;1.14285714285714;0.142857142857143;1;0.041556363235446;0.00259842789917476;0;0.00652873527377907;0.00260079177351115;0;2
"Aggr";47;"Dilophus_sp.";28;14;14;9.38571428571428;7.38571428571429;2;0.546288744493315;0.152128993171781;0;0.16470050693284;0.152218855726265;0;4
"Aggr";48;"Diptera";10;5;5;6;4;2;0.230390393253314;0.0379142324831409;0;0.00821467441871097;0.037959747078845;0;4
"Aggr";49;"Empididae";6;3;3;4.66666666666667;2.66666666666667;2;0.295323559413911;1;0;0.00105867967069013;1;0;2
"Aggr";50;"Eupeodes_corollae";10;5;5;4.53333333333333;2.53333333333333;2;0.269849826591789;0.0922232046930967;0;0.0172666943121439;0.0922753644570158;0;4
"Aggr";51;"Melyridae";4;2;2;2.5;1.5;1;0.149696895013087;0.000314635742396585;0;0.000596181438549467;0.000323636622509822;0;2
"Aggr";52;"Mordellidae";8;4;4;3.34285714285714;2.34285714285714;1;0.153209246324472;0.00609838216905793;0;0.0142386930770244;0.00611114193652219;0;4
"Aggr";53;"Musca_sp.";4;2;2;3.5;1.5;2;0.113163647323102;0.00249594929909581;0;0.0271082455747253;0.00251553887501771;0;2
"Aggr";54;"Odontomyia_sp.";12;6;6;2.73333333333333;1.73333333333333;1;0.157235395842302;0.0229213115726521;0;0.0858222305698572;0.0229336698631557;0;4
"Aggr";55;"Oedemeridae";2;1;1;1.5;0.5;1;0.0616771623156411;0.00685002055434649;0;0.000422280640464652;0.00685641239493136;0;2
"Aggr";56;"Psilothrix_viridicoerulea";40;20;20;14.3952380952381;13.3952380952381;1;1;0.1465856359683;0;1;0.146679172164601;0;4
"Aggr";57;"Scaeva_sp.";4;2;2;1.45;0.45;1;0.0588598971091105;0.0298230296867865;0;0.0136610762524276;0.0298279246444676;0;4
"Aggr";58;"Sphaerophoria_scripta";12;6;6;5.98333333333333;2.98333333333333;3;0.269576759631673;0.607683551375157;0;0.0382451080609982;0.607717184817107;0;4
