"Layer";"Node";"Label";"Strength";"StrengthIn";"StrengthOut";"Degree";"DegreeIn";"DegreeOut";"PageRank";"Eigenvector";"Hub";"Authority";"Katz";"Multiplexity";"Kcore"
"1-Multi";1;"A1 CHFU";1.07142857142857;0.0714285714285714;1;2;1;1;0.0535393117395694;0.0308021129085013;0.999999999999999;0;0.44832099659051;0.5;2
"1-Multi";2;"A1 LEMA";2.33333333333333;1.33333333333333;1;6;3;3;0.107025826726354;0.0460030789257004;0;0.000506645469820703;0.293451971760227;0.5;4
"1-Multi";3;"A2 LEMA";2.66666666666667;1.66666666666667;1;4;2;2;0.124069270045276;0.0649138058649671;0;0.00135832745952907;0.339137487344289;0.5;2
"1-Multi";4;"A3 CHFU";2.14285714285714;1.14285714285714;1;4;2;2;0.135799929778324;0.136651773409105;0.515175840887863;0;0.448576832655095;0.5;2
"1-Multi";5;"A3 LEMA";2;1;1;2;1;1;0.126000407771115;0.27846307096579;0;5.80265139972962e-07;0.263910251453691;0.5;2
"1-Multi";6;"A4 CHFU";1.14285714285714;0.142857142857143;1;2;1;1;0.0750081491956284;0.0616042258169977;0.999999999999999;0;0.44832099659051;0.5;2
"1-Multi";7;"A4 LEMA";1.16666666666667;0.166666666666667;1;2;1;1;0.0520599993927644;0.0192072590875637;0;0.000113546390638719;0.327593466836414;0.5;2
"1-Multi";8;"A5 CHFU";1.14285714285714;0.142857142857143;1;2;1;1;0.0750081491956003;0.0616042258169945;1;0;0.44832099659051;0.5;2
"1-Multi";9;"A6 LEMA";1.0625;0.0625;1;2;1;1;0.0535818265558064;0.00745110417863924;0;3.15485683505403e-05;0.13343772578232;0.5;2
"1-Multi";10;"B1 CHFU";1.07142857142857;0.0714285714285714;1;2;1;1;0.0535393117395433;0.0308021129084948;1;0;0.44832099659051;0.5;2
"1-Multi";11;"B2 CHFU";1.57142857142857;0.571428571428571;1;4;2;2;0.0959217644973785;0.0758353347683194;0.517262072598073;0;0.444504602545969;0.5;2
"1-Multi";12;"B2 LEMA";1.29166666666667;0.291666666666667;1;4;2;2;0.0945154875995716;0.0314811104077051;0;0.000398018272250604;0.208037962953668;0.5;4
"1-Multi";13;"B3 CHFU";1.5;0.5;1;2;1;1;0.0744529270413591;0.0450332218598184;0.0345241451961476;0;0.440688208501427;0.5;2
"1-Multi";14;"B4 LEMA";1.125;0.125;1;2;1;1;0.0750931788280753;0.014902208357271;0;6.30971367010797e-05;0.13343772578232;0.5;2
"1-Multi";15;"B5 LEMA";1.0625;0.0625;1;2;1;1;0.0535818265558203;0.00745110417863688;0;3.15485683505431e-05;0.13343772578232;0.5;2
"1-Multi";16;"C1 LEMA";1.29166666666667;0.291666666666667;1;6;3;3;0.0867343137522246;0.045581267858301;0;0.00355289378259229;0.289283149691932;0.5;4
"1-Multi";17;"C3 CHFU";2;1;1;2;1;1;0.122936818086843;0;0;0;2.36043372789948e-05;0.5;2
"1-Multi";18;"C3 LEMA";1.0625;0.0625;1;2;1;1;0.0535818265557992;0.00745110417863353;0;3.15485683505468e-05;0.13343772578232;0.5;2
"1-Multi";19;"C4 CHFU";1.07142857142857;0.0714285714285714;1;2;1;1;0.0535393117395697;0.0308021129084987;1;0;0.44832099659051;0.5;2
"1-Multi";20;"C4 LEMA";1.125;0.125;1;4;2;2;0.071044832143077;0.0315153423578887;0;0.00325230599891776;0.250209116304796;0.5;4
"1-Multi";21;"C5 LEMA";1.1875;0.1875;1;2;1;1;0.0844594910452866;0.0721927145377532;0;0.00966227229170166;0.366980506827271;0.5;2
"1-Multi";22;"D1 CHFU";1.33333333333333;0.333333333333333;1;2;1;1;0.0643103424543291;0.0758990769690922;1.04370052137813e-05;0;0.251761125028016;0.5;2
"1-Multi";23;"D1 LEMA";3.72916666666667;2.72916666666667;1;10;5;5;0.271269794067335;0.246550748422143;0;0.0336359707845763;0.318434418270972;0.5;4
"1-Multi";24;"D2 CHFU";1.14285714285714;0.142857142857143;1;2;1;1;0.0750081491955812;0.0616042258169927;1;0;0.44832099659051;0.5;2
"1-Multi";25;"D2 LEMA";1.39583333333333;0.395833333333333;1;4;2;2;0.0883780974138002;0.0572220422801192;0;0.00389059970166627;0.360485793806667;0.5;4
"1-Multi";26;"D4 LEMA";1.0625;0.0625;1;2;1;1;0.0535818265558084;0.00745110417863846;0;3.15485683505361e-05;0.13343772578232;0.5;2
"1-Multi";27;"D5 CHFU";1.07142857142857;0.0714285714285714;1;2;1;1;0.0535393117395635;0.0308021129085007;0.999999999999999;0;0.44832099659051;0.5;2
"1-Multi";28;"D5 LEMA";1.16666666666667;0.166666666666667;1;2;1;1;0.0514927830550366;0.0165789020504339;0;0.000334921135549534;0.357238437296365;0.5;2
"1-Multi";29;"E1 CHFU";2.33333333333333;1.33333333333333;1;4;2;2;0.129961911245084;0.174270116136202;0.000155675769332483;0;0.289011186298041;0.5;2
"1-Multi";30;"E1 LEMA";1.70833333333333;0.708333333333333;1;8;4;4;0.188153684927782;0.108577720623893;0;0.00720321805376063;0.249047696318299;0.5;4
"1-Multi";31;"E5 LEMA";1.16666666666667;0.166666666666667;1;2;1;1;0.0520599993927334;0.0192072590875653;0;0.000113546390638715;0.327593466836414;0.5;2
"1-Multi";32;"F1 LEMA";1.0625;0.0625;1;2;1;1;0.0535818265557735;0.00745110417863508;0;3.15485683505471e-05;0.13343772578232;0.5;2
"1-Multi";33;"F4 LEMA";1.33333333333333;0.333333333333333;1;2;1;1;0.072049524501936;0.0384145181751224;0;0.000227092781277448;0.327593466836414;0.5;2
"1-Multi";34;"F5 CHFU";1.07142857142857;0.0714285714285714;1;2;1;1;0.0535393117395698;0.030802112908501;0.999999999999999;0;0.44832099659051;0.5;2
"1-Multi";35;"F6 CHFU";2.33333333333333;1.33333333333333;1;4;2;2;0.162729684732071;0.162532065203755;2.25297439124188e-06;0;0.107836470449978;0.5;2
"1-Multi";36;"Coleoptera";1.2;0.2;1;2;1;1;0.0504362598770145;0.0105972747706291;0.0013583274595297;0;0.276825049887997;0.5;2
"1-Multi";37;"Dilophus_sp.";15.9404761904762;13.0119047619048;2.92857142857143;36;18;18;1;1;0.448769979742829;1;0.998820970686527;1;4
"1-Multi";38;"Diptera";6.55714285714286;3.62857142857143;2.92857142857143;12;6;6;0.32854708945518;0.620098889263308;5.0532673741376e-06;1.04370052138283e-05;0.631739304588226;1;2
"1-Multi";39;"Episyrphus_balteatus";2;1;1;2;1;1;0.122936818086813;1.52834658399285e-12;0;0;2.36043372789948e-05;0.5;2
"1-Multi";40;"Eupeodes_corollae";7.81547619047619;4.88690476190476;2.92857142857143;18;9;9;0.34544034188336;0.232205990386345;0.0175000626160395;0.034524145196148;0.977534754415199;1;4
"1-Multi";41;"Malachius_bipustulatus";1.08333333333333;0.0833333333333333;1;2;1;1;0.0501495887325284;0.0167707392331682;0.0336359707845758;0;0.259926185718781;0.5;2
"1-Multi";42;"Meligethes_sp.";7.77380952380952;4.84523809523809;2.92857142857143;16;8;8;0.317430752748559;0.26170004203978;0.00593294580451743;0.000300914533451504;0.801029924428125;1;4
"1-Multi";43;"Mordellidae";1.08333333333333;0.0833333333333333;1;2;1;1;0.0501495887324974;0.0167707392331671;0.0336359707845757;0;0.259926185718781;0.5;2
"1-Multi";44;"Nemotelus_sp.";1.33333333333333;0.333333333333333;1;2;1;1;0.0578511413324752;0.0125167844029546;0.000506645469820977;0;0.239534283015628;0.5;2
"1-Multi";45;"Psilothrix_viridicoerulea";9.08333333333333;8.08333333333333;1;22;11;11;0.420954809325803;0.14605401199203;0.00439587602754902;0;0.163471380707027;0.5;4
"1-Multi";46;"Scaeva_sp.";1.8;0.8;1;2;1;1;0.131822698644905;0.106134399673104;0;2.06966685691882e-07;0.0880257731790194;0.5;2
"1-Multi";47;"Sphaerophoria_scripta";5.61547619047619;2.68690476190476;2.92857142857143;12;6;6;0.265492872717383;0.195334342133977;0.0157061005639139;0.0303516817757264;1;1;4
"2-Multi";1;"A1 CHFU";1.07142857142857;0.0714285714285714;1;2;1;1;0.0535393117395694;0.0308021129085013;0.999999999999999;0;0.44832099659051;0.5;2
"2-Multi";2;"A1 LEMA";2.33333333333333;1.33333333333333;1;6;3;3;0.107025826726354;0.0460030789257004;0;0.000506645469820703;0.293451971760227;0.5;4
"2-Multi";3;"A2 LEMA";2.66666666666667;1.66666666666667;1;4;2;2;0.124069270045276;0.0649138058649671;0;0.00135832745952907;0.339137487344289;0.5;2
"2-Multi";4;"A3 CHFU";2.14285714285714;1.14285714285714;1;4;2;2;0.135799929778324;0.136651773409105;0.515175840887863;0;0.448576832655095;0.5;2
"2-Multi";5;"A3 LEMA";2;1;1;2;1;1;0.126000407771115;0.27846307096579;0;5.80265139972962e-07;0.263910251453691;0.5;2
"2-Multi";6;"A4 CHFU";1.14285714285714;0.142857142857143;1;2;1;1;0.0750081491956284;0.0616042258169977;0.999999999999999;0;0.44832099659051;0.5;2
"2-Multi";7;"A4 LEMA";1.16666666666667;0.166666666666667;1;2;1;1;0.0520599993927644;0.0192072590875637;0;0.000113546390638719;0.327593466836414;0.5;2
"2-Multi";8;"A5 CHFU";1.14285714285714;0.142857142857143;1;2;1;1;0.0750081491956003;0.0616042258169945;1;0;0.44832099659051;0.5;2
"2-Multi";9;"A6 LEMA";1.0625;0.0625;1;2;1;1;0.0535818265558064;0.00745110417863924;0;3.15485683505403e-05;0.13343772578232;0.5;2
"2-Multi";10;"B1 CHFU";1.07142857142857;0.0714285714285714;1;2;1;1;0.0535393117395433;0.0308021129084948;1;0;0.44832099659051;0.5;2
"2-Multi";11;"B2 CHFU";1.57142857142857;0.571428571428571;1;4;2;2;0.0959217644973785;0.0758353347683194;0.517262072598073;0;0.444504602545969;0.5;2
"2-Multi";12;"B2 LEMA";1.29166666666667;0.291666666666667;1;4;2;2;0.0945154875995716;0.0314811104077051;0;0.000398018272250604;0.208037962953668;0.5;4
"2-Multi";13;"B3 CHFU";1.5;0.5;1;2;1;1;0.0744529270413591;0.0450332218598184;0.0345241451961476;0;0.440688208501427;0.5;2
"2-Multi";14;"B4 LEMA";1.125;0.125;1;2;1;1;0.0750931788280753;0.014902208357271;0;6.30971367010797e-05;0.13343772578232;0.5;2
"2-Multi";15;"B5 LEMA";1.0625;0.0625;1;2;1;1;0.0535818265558203;0.00745110417863688;0;3.15485683505431e-05;0.13343772578232;0.5;2
"2-Multi";16;"C1 LEMA";1.29166666666667;0.291666666666667;1;6;3;3;0.0867343137522246;0.045581267858301;0;0.00355289378259229;0.289283149691932;0.5;4
"2-Multi";17;"C3 CHFU";2;1;1;2;1;1;0.122936818086843;0;0;0;2.36043372789948e-05;0.5;2
"2-Multi";18;"C3 LEMA";1.0625;0.0625;1;2;1;1;0.0535818265557992;0.00745110417863353;0;3.15485683505468e-05;0.13343772578232;0.5;2
"2-Multi";19;"C4 CHFU";1.07142857142857;0.0714285714285714;1;2;1;1;0.0535393117395697;0.0308021129084987;1;0;0.44832099659051;0.5;2
"2-Multi";20;"C4 LEMA";1.125;0.125;1;4;2;2;0.071044832143077;0.0315153423578887;0;0.00325230599891776;0.250209116304796;0.5;4
"2-Multi";21;"C5 LEMA";1.1875;0.1875;1;2;1;1;0.0844594910452866;0.0721927145377532;0;0.00966227229170166;0.366980506827271;0.5;2
"2-Multi";22;"D1 CHFU";1.33333333333333;0.333333333333333;1;2;1;1;0.0643103424543291;0.0758990769690922;1.04370052137813e-05;0;0.251761125028016;0.5;2
"2-Multi";23;"D1 LEMA";3.72916666666667;2.72916666666667;1;10;5;5;0.271269794067335;0.246550748422143;0;0.0336359707845763;0.318434418270972;0.5;4
"2-Multi";24;"D2 CHFU";1.14285714285714;0.142857142857143;1;2;1;1;0.0750081491955812;0.0616042258169927;1;0;0.44832099659051;0.5;2
"2-Multi";25;"D2 LEMA";1.39583333333333;0.395833333333333;1;4;2;2;0.0883780974138002;0.0572220422801192;0;0.00389059970166627;0.360485793806667;0.5;4
"2-Multi";26;"D4 LEMA";1.0625;0.0625;1;2;1;1;0.0535818265558084;0.00745110417863846;0;3.15485683505361e-05;0.13343772578232;0.5;2
"2-Multi";27;"D5 CHFU";1.07142857142857;0.0714285714285714;1;2;1;1;0.0535393117395635;0.0308021129085007;0.999999999999999;0;0.44832099659051;0.5;2
"2-Multi";28;"D5 LEMA";1.16666666666667;0.166666666666667;1;2;1;1;0.0514927830550366;0.0165789020504339;0;0.000334921135549534;0.357238437296365;0.5;2
"2-Multi";29;"E1 CHFU";2.33333333333333;1.33333333333333;1;4;2;2;0.129961911245084;0.174270116136202;0.000155675769332483;0;0.289011186298041;0.5;2
"2-Multi";30;"E1 LEMA";1.70833333333333;0.708333333333333;1;8;4;4;0.188153684927782;0.108577720623893;0;0.00720321805376063;0.249047696318299;0.5;4
"2-Multi";31;"E5 LEMA";1.16666666666667;0.166666666666667;1;2;1;1;0.0520599993927334;0.0192072590875653;0;0.000113546390638715;0.327593466836414;0.5;2
"2-Multi";32;"F1 LEMA";1.0625;0.0625;1;2;1;1;0.0535818265557735;0.00745110417863508;0;3.15485683505471e-05;0.13343772578232;0.5;2
"2-Multi";33;"F4 LEMA";1.33333333333333;0.333333333333333;1;2;1;1;0.072049524501936;0.0384145181751224;0;0.000227092781277448;0.327593466836414;0.5;2
"2-Multi";34;"F5 CHFU";1.07142857142857;0.0714285714285714;1;2;1;1;0.0535393117395698;0.030802112908501;0.999999999999999;0;0.44832099659051;0.5;2
"2-Multi";35;"F6 CHFU";2.33333333333333;1.33333333333333;1;4;2;2;0.162729684732071;0.162532065203755;2.25297439124188e-06;0;0.107836470449978;0.5;2
"2-Multi";36;"Coleoptera";1.2;0.2;1;2;1;1;0.0504362598770145;0.0105972747706291;0.0013583274595297;0;0.276825049887997;0.5;2
"2-Multi";37;"Dilophus_sp.";15.9404761904762;13.0119047619048;2.92857142857143;36;18;18;1;1;0.448769979742829;1;0.998820970686527;1;4
"2-Multi";38;"Diptera";6.55714285714286;3.62857142857143;2.92857142857143;12;6;6;0.32854708945518;0.620098889263308;5.0532673741376e-06;1.04370052138283e-05;0.631739304588226;1;2
"2-Multi";39;"Episyrphus_balteatus";2;1;1;2;1;1;0.122936818086813;1.52834658399285e-12;0;0;2.36043372789948e-05;0.5;2
"2-Multi";40;"Eupeodes_corollae";7.81547619047619;4.88690476190476;2.92857142857143;18;9;9;0.34544034188336;0.232205990386345;0.0175000626160395;0.034524145196148;0.977534754415199;1;4
"2-Multi";41;"Malachius_bipustulatus";1.08333333333333;0.0833333333333333;1;2;1;1;0.0501495887325284;0.0167707392331682;0.0336359707845758;0;0.259926185718781;0.5;2
"2-Multi";42;"Meligethes_sp.";7.77380952380952;4.84523809523809;2.92857142857143;16;8;8;0.317430752748559;0.26170004203978;0.00593294580451743;0.000300914533451504;0.801029924428125;1;4
"2-Multi";43;"Mordellidae";1.08333333333333;0.0833333333333333;1;2;1;1;0.0501495887324974;0.0167707392331671;0.0336359707845757;0;0.259926185718781;0.5;2
"2-Multi";44;"Nemotelus_sp.";1.33333333333333;0.333333333333333;1;2;1;1;0.0578511413324752;0.0125167844029546;0.000506645469820977;0;0.239534283015628;0.5;2
"2-Multi";45;"Psilothrix_viridicoerulea";9.08333333333333;8.08333333333333;1;22;11;11;0.420954809325803;0.14605401199203;0.00439587602754902;0;0.163471380707027;0.5;4
"2-Multi";46;"Scaeva_sp.";1.8;0.8;1;2;1;1;0.131822698644905;0.106134399673104;0;2.06966685691882e-07;0.0880257731790194;0.5;2
"2-Multi";47;"Sphaerophoria_scripta";5.61547619047619;2.68690476190476;2.92857142857143;12;6;6;0.265492872717383;0.195334342133977;0.0157061005639139;0.0303516817757264;1;1;4
"Aggr";1;"A1 CHFU";1.07142857142857;0.0714285714285714;1;2;1;1;0.051501361891719;1;1;0;0.738351265971944;0;2
"Aggr";2;"A1 LEMA";2.33333333333333;1.33333333333333;1;6;3;3;0.10728762071091;1;0.027148820577716;0;0.585280076965971;0;4
"Aggr";3;"A2 LEMA";2.66666666666667;1.66666666666667;1;4;2;2;0.122329776986509;1;0.0352357180774608;0;0.65667591274598;0;2
"Aggr";4;"A3 CHFU";2.14285714285714;1.14285714285714;1;4;2;2;0.180162983245852;1;0.521939379551292;0;0.734848026702805;0;4
"Aggr";5;"A3 LEMA";2;1;1;2;1;1;0.160734259273626;1;0.000268504127872481;0;0.55145203952721;0;2
"Aggr";6;"A4 CHFU";1.14285714285714;0.142857142857143;1;2;1;1;0.0818585047488619;1;1;0;0.738351265971944;0;2
"Aggr";7;"A4 LEMA";1.16666666666667;0.166666666666667;1;2;1;1;0.0407096679793619;1;0.00894412696347196;0;0.714914991108737;0;2
"Aggr";8;"A5 CHFU";1.14285714285714;0.142857142857143;1;2;1;1;0.0818585047488619;1;1;0;0.738351265971944;0;2
"Aggr";9;"A6 LEMA";1.0625;0.0625;1;2;1;1;0.0496575756381931;1;0.160161054897152;0;0.188630433985718;0;2
"Aggr";10;"B1 CHFU";1.07142857142857;0.0714285714285714;1;2;1;1;0.051501361891719;1;1;0;0.738351265971944;0;2
"Aggr";11;"B2 CHFU";1.57142857142857;0.571428571428571;1;4;2;2;0.119802155584561;1;0.53582511514658;0;0.730098853806127;0;4
"Aggr";12;"B2 LEMA";1.29166666666667;0.291666666666667;1;4;2;2;0.100937863472757;1;0.130657446695821;0;0.366369103203915;0;4
"Aggr";13;"B3 CHFU";1.5;0.5;1;2;1;1;0.0894450127274176;1;0.0716502302931599;0;0.721846441640309;0;2
"Aggr";14;"B4 LEMA";1.125;0.125;1;2;1;1;0.07817093224181;1;0.160161054897152;0;0.188630433985718;0;2
"Aggr";15;"B5 LEMA";1.0625;0.0625;1;2;1;1;0.0496575756381931;1;0.160161054897152;0;0.188630433985718;0;2
"Aggr";16;"C1 LEMA";1.29166666666667;0.291666666666667;1;6;3;3;0.0926041553876915;1;0.401346604666579;0;0.552775495797109;0;4
"Aggr";17;"C3 CHFU";2;1;1;2;1;1;0.140961460230506;1;0;0;2.62101851103291e-05;0;2
"Aggr";18;"C3 LEMA";1.0625;0.0625;1;2;1;1;0.0496575756381931;1;0.160161054897152;0;0.188630433985718;0;2
"Aggr";19;"C4 CHFU";1.07142857142857;0.0714285714285714;1;2;1;1;0.051501361891719;1;1;0;0.738351265971944;0;2
"Aggr";20;"C4 LEMA";1.125;0.125;1;4;2;2;0.0762200756381931;1;0.580080527448576;0;0.463490849978831;0;4
"Aggr";21;"C5 LEMA";1.1875;0.1875;1;2;1;1;0.100831719034576;1;1;0;0.738351265971944;0;2
"Aggr";22;"D1 CHFU";1.33333333333333;0.333333333333333;1;2;1;1;0.0676742324475928;1;0.000268504127872509;0;0.55145203952721;0;2
"Aggr";23;"D1 LEMA";3.72916666666667;2.72916666666667;1;10;5;5;0.361157590080634;1;0.681650205340158;0;0.624250206087502;0;4
"Aggr";24;"D2 CHFU";1.14285714285714;0.142857142857143;1;2;1;1;0.081858504748862;1;1;0;0.738351265971944;0;2
"Aggr";25;"D2 LEMA";1.39583333333333;0.395833333333333;1;4;2;2;0.0932405814964704;1;0.381100153528773;0;0.727348049750854;0;4
"Aggr";26;"D4 LEMA";1.0625;0.0625;1;2;1;1;0.0496575756381931;1;0.160161054897152;0;0.188630433985718;0;2
"Aggr";27;"D5 CHFU";1.07142857142857;0.0714285714285714;1;2;1;1;0.051501361891719;1;0.999999999999999;0;0.738351265971944;0;2
"Aggr";28;"D5 LEMA";1.16666666666667;0.166666666666667;1;2;1;1;0.0439111502655233;1;0.0716502302931599;0;0.721846441640309;0;2
"Aggr";29;"E1 CHFU";2.33333333333333;1.33333333333333;1;4;2;2;0.185066926116308;1;0.00460631554567225;0;0.633183515317974;0;2
"Aggr";30;"E1 LEMA";1.70833333333333;0.708333333333333;1;8;4;4;0.227473656429489;1;0.344521651123044;0;0.460551937120092;0;4
"Aggr";31;"E5 LEMA";1.16666666666667;0.166666666666667;1;2;1;1;0.0407096679793619;1;0.00894412696347212;0;0.714914991108737;0;2
"Aggr";32;"F1 LEMA";1.0625;0.0625;1;2;1;1;0.0496575756381931;1;0.160161054897152;0;0.188630433985718;0;2
"Aggr";33;"F4 LEMA";1.33333333333333;0.333333333333333;1;2;1;1;0.0602751169241477;1;0.00894412696347204;0;0.714914991108737;0;2
"Aggr";34;"F5 CHFU";1.07142857142857;0.0714285714285714;1;2;1;1;0.051501361891719;1;0.999999999999999;0;0.738351265971944;0;2
"Aggr";35;"F6 CHFU";2.33333333333333;1.33333333333333;1;4;2;2;0.202954546509438;1;5.71444616927513e-05;0;0.195609581674354;0;2
"Aggr";36;"Coleoptera";1.2;0.2;1;2;1;1;0.0419402811222826;1;0;0.000663553976964712;0.484859846040115;0;2
"Aggr";37;"Dilophus_sp.";14.0833333333333;12.0833333333333;2;32;16;16;1;1;0;1;1;0;4
"Aggr";38;"Diptera";4.7;2.7;2;8;4;4;0.328447153503648;1;0;0.000268504127872108;0.746867147042385;0;2
"Aggr";39;"Episyrphus_balteatus";2;1;1;2;1;1;0.140961460230506;1;0;0;2.62101851103291e-05;0;2
"Aggr";40;"Eupeodes_corollae";5.95833333333333;3.95833333333333;2;14;7;7;0.32141549973102;1;0;0.0716502302931598;0.977646171414913;0;4
"Aggr";41;"Malachius_bipustulatus";1.08333333333333;0.0833333333333333;1;2;1;1;0.0467262149986209;1;0;0.0053486411106331;0.460918506855636;0;2
"Aggr";42;"Meligethes_sp.";5.91666666666667;3.91666666666667;2;12;6;6;0.276218102749917;1;0;0.00894412696347165;0.968258343109962;0;4
"Aggr";43;"Mordellidae";1.08333333333333;0.0833333333333333;1;2;1;1;0.046726214998621;1;0;0.00534864111063315;0.460918506855636;0;2
"Aggr";44;"Nemotelus_sp.";1.33333333333333;0.333333333333333;1;2;1;1;0.0515423782360003;1;0;0.000852104476516449;0.432145129942426;0;2
"Aggr";45;"Psilothrix_viridicoerulea";9.08333333333333;8.08333333333333;1;22;11;11;0.536722006656321;1;0;0.160161054897152;0.255468280003531;0;4
"Aggr";46;"Scaeva_sp.";1.8;0.8;1;2;1;1;0.159153310660994;1;0;4.30454514768409e-06;0.144434098808375;0;2
"Aggr";47;"Sphaerophoria_scripta";3.75833333333333;1.75833333333333;2;8;4;4;0.231304655287036;1;0;0.0438787591025844;0.990510555151467;0;4
