"Layer";"Node";"Label";"Degree";"DegreeIn";"DegreeOut";"Strength";"StrengthIn";"StrengthOut";"PageRank";"Eigenvector";"Hub";"Authority";"Katz";"Multiplexity";"Kcore"
"1";1;"A1 CHFU";2;1;1;1.07142857142857;0.0714285714285714;1;0.0911937452997647;0.0714285714285715;1;0;0.0714279883381834;0;2
"1";2;"A1 LEMA";0;0;0;0;0;0;0.030479459585479;2.92146844385446e-17;0;0;0;0;0
"1";3;"A2 LEMA";0;0;0;0;0;0;0.030479459585479;2.92146844385446e-17;0;0;0;0;0
"1";4;"A3 CHFU";4;2;2;2.14285714285714;1.14285714285714;1;0.278380542718916;0.285714285714286;0.515121890068767;0;0.285711749331656;0;2
"1";5;"A3 LEMA";0;0;0;0;0;0;0.030479459585479;2.92146844385446e-17;0;0;0;0;0
"1";6;"A4 CHFU";2;1;1;1.14285714285714;0.142857142857143;1;0.15190803101405;0.142857142857143;1;0;0.142855976676367;0;2
"1";7;"A4 LEMA";0;0;0;0;0;0;0.030479459585479;2.92146844385446e-17;0;0;0;0;0
"1";8;"A5 CHFU";2;1;1;1.14285714285714;0.142857142857143;1;0.15190803101405;0.142857142857143;1;0;0.142855976676367;0;2
"1";9;"A6 LEMA";0;0;0;0;0;0;0.030479459585479;2.92146844385446e-17;0;0;0;0;0
"1";10;"B1 CHFU";2;1;1;1.07142857142857;0.0714285714285714;1;0.0911937452997647;0.0714285714285715;1;0;0.0714279883381834;0;2
"1";11;"B2 CHFU";4;2;2;1.57142857142857;0.571428571428571;1;0.179458619174478;0.142857142857143;0.517203028517499;0;0.142859445875461;0;2
"1";12;"B2 LEMA";0;0;0;0;0;0;0.030479459585479;2.92146844385446e-17;0;0;0;0;0
"1";13;"B3 CHFU";2;1;1;1.5;0.5;1;0.118744333460192;0.0714285714285717;0.0344060570349979;0;0.0714314575372776;0;2
"1";14;"B4 LEMA";0;0;0;0;0;0;0.030479459585479;2.92146844385446e-17;0;0;0;0;0
"1";15;"B5 LEMA";0;0;0;0;0;0;0.030479459585479;2.92146844385446e-17;0;0;0;0;0
"1";16;"C1 LEMA";0;0;0;0;0;0;0.030479459585479;2.92146844385446e-17;0;0;0;0;0
"1";17;"C3 CHFU";2;1;1;2;1;1;0.203196397236527;0.424285491079336;0;0;0.18367345685055;0;2
"1";18;"C3 LEMA";0;0;0;0;0;0;0.030479459585479;2.92146844385446e-17;0;0;0;0;0
"1";19;"C4 CHFU";2;1;1;1.07142857142857;0.0714285714285714;1;0.0911937452997647;0.0714285714285716;1;0;0.0714279883381834;0;2
"1";20;"C4 LEMA";0;0;0;0;0;0;0.030479459585479;2.92146844385446e-17;0;0;0;0;0
"1";21;"C5 LEMA";0;0;0;0;0;0;0.030479459585479;2.92146844385446e-17;0;0;0;0;0
"1";22;"D1 CHFU";2;1;1;1.33333333333333;0.333333333333333;1;0.1028599636972;0;8.10825512678004e-17;0;0.0688785794284067;0;2
"1";23;"D1 LEMA";0;0;0;0;0;0;0.030479459585479;2.92146844385446e-17;0;0;0;0;0
"1";24;"D2 CHFU";2;1;1;1.14285714285714;0.142857142857143;1;0.15190803101405;0.142857142857143;1;0;0.142855976676367;0;2
"1";25;"D2 LEMA";0;0;0;0;0;0;0.030479459585479;2.92146844385446e-17;0;0;0;0;0
"1";26;"D4 LEMA";0;0;0;0;0;0;0.030479459585479;2.92146844385446e-17;0;0;0;0;0
"1";27;"D5 CHFU";2;1;1;1.07142857142857;0.0714285714285714;1;0.0911937452997647;0.0714285714285715;1;0;0.0714279883381834;0;2
"1";28;"D5 LEMA";0;0;0;0;0;0;0.030479459585479;2.92146844385446e-17;0;0;0;0;0
"1";29;"E1 CHFU";4;2;2;2.33333333333333;1.33333333333333;1;0.20159296179234;0;8.10825512678004e-17;0;0.137759913857651;0;2
"1";30;"E1 LEMA";0;0;0;0;0;0;0.030479459585479;2.92146844385446e-17;0;0;0;0;0
"1";31;"E5 LEMA";0;0;0;0;0;0;0.030479459585479;2.92146844385446e-17;0;0;0;0;0
"1";32;"F1 LEMA";0;0;0;0;0;0;0.030479459585479;2.92146844385446e-17;0;0;0;0;0
"1";33;"F4 LEMA";0;0;0;0;0;0;0.030479459585479;2.92146844385446e-17;0;0;0;0;0
"1";34;"F5 CHFU";2;1;1;1.07142857142857;0.0714285714285714;1;0.0911937452997647;0.0714285714285715;1;0;0.0714279883381834;0;2
"1";35;"F6 CHFU";4;2;2;2.33333333333333;1.33333333333333;1;0.30513626622004;0;0;0;0.344381877267251;0;2
"1";36;"Coleoptera";0;0;0;0;0;0;0.030479459585479;2.92146844385446e-17;0;0;0;0;0
"1";37;"Dilophus_sp.";20;10;10;10;9;1;1;1;0;1;1;0;2
"1";38;"Diptera";6;3;3;2.7;1.7;1;0.25546060274725;0;0;0;0.206635967910331;0;2
"1";39;"Episyrphus_balteatus";2;1;1;2;1;1;0.203196397236527;0.424285491079335;0;0;0.18367345685055;0;2
"1";40;"Eupeodes_corollae";4;2;2;2.5;1.5;1;0.207682056175795;0.142857142857143;0;0.0344060570349978;0.142862506965056;0;2
"1";41;"Malachius_bipustulatus";0;0;0;0;0;0;0.030479459585479;2.92146844385446e-17;0;0;0;0;0
"1";42;"Meligethes_sp.";2;1;1;1.5;0.5;1;0.116156468347223;0;8.10825512678004e-17;0;0.0688801864965403;0;2
"1";43;"Mordellidae";0;0;0;0;0;0;0.030479459585479;2.92146844385446e-17;0;0;0;0;0
"1";44;"Nemotelus_sp.";0;0;0;0;0;0;0.030479459585479;2.92146844385446e-17;0;0;0;0;0
"1";45;"Psilothrix_viridicoerulea";0;0;0;0;0;0;0.030479459585479;2.92146844385446e-17;0;0;0;0;0
"1";46;"Scaeva_sp.";2;1;1;1.8;0.8;1;0.237972120615107;0;8.10825512678004e-17;0;0.275504216146437;0;2
"1";47;"Sphaerophoria_scripta";2;1;1;1.5;0.5;1;0.148791190241018;0.142857142857143;8.10825512678004e-17;0.0302437801375341;0.142855364474366;0;2
"2";1;"A1 CHFU";0;0;0;0;0;0;0.0375297429150817;0;1.86929446510009e-17;0;0;0;0
"2";2;"A1 LEMA";6;3;3;2.33333333333333;1.33333333333333;1;0.257655988822486;0;0.0210709779390641;2.79769261437383e-17;0.203552204028587;0;4
"2";3;"A2 LEMA";4;2;2;2.66666666666667;1.66666666666667;1;0.311660164994253;0;0.023983030246517;0;0.235383600983588;0;2
"2";4;"A3 CHFU";0;0;0;0;0;0;0.0375297429150817;0;1.86929446510009e-17;0;0;0;0
"2";5;"A3 LEMA";2;1;1;2;1;1;0.250198286100544;0;0;0;0.158244893194152;0;2
"2";6;"A4 CHFU";0;0;0;0;0;0;0.0375297429150817;0;1.86929446510009e-17;0;0;0;0
"2";7;"A4 LEMA";2;1;1;1.16666666666667;0.166666666666667;1;0.106255434903843;0;0.00484248096533405;0;0.0426291261114162;0;2
"2";8;"A5 CHFU";0;0;0;0;0;0;0.0375297429150817;0;1.86929446510009e-17;0;0;0;0
"2";9;"A6 LEMA";2;1;1;1.0625;0.0625;1;0.0906547429150816;0;1;0;0.0273460676795169;0;2
"2";10;"B1 CHFU";0;0;0;0;0;0;0.0375297429150817;0;1.86929446510009e-17;0;0;0;0
"2";11;"B2 CHFU";0;0;0;0;0;0;0.0375297429150817;0;1.86929446510009e-17;0;0;0;0
"2";12;"B2 LEMA";4;2;2;1.29166666666667;0.291666666666667;1;0.20122786471449;0;0.685795716131652;2.79769261437383e-17;0.0907112000462881;0;4
"2";13;"B3 CHFU";0;0;0;0;0;0;0.0375297429150817;0;1.86929446510009e-17;0;0;0;0
"2";14;"B4 LEMA";2;1;1;1.125;0.125;1;0.143779742915082;0;1;0;0.0546921353590338;0;2
"2";15;"B5 LEMA";2;1;1;1.0625;0.0625;1;0.0906547429150816;0;1;0;0.0273460676795169;0;2
"2";16;"C1 LEMA";6;3;3;1.29166666666667;0.291666666666667;1;0.182249879603237;0;0.379479694797783;5.59538522874765e-17;0.0732596693929069;0;4
"2";17;"C3 CHFU";0;0;0;0;0;0;0.0375297429150817;0;1.86929446510009e-17;0;0;0;0
"2";18;"C3 LEMA";2;1;1;1.0625;0.0625;1;0.0906547429150816;0;1;0;0.0273460676795169;0;2
"2";19;"C4 CHFU";0;0;0;0;0;0;0.0375297429150817;0;1.86929446510009e-17;0;0;0;0
"2";20;"C4 LEMA";4;2;2;1.125;0.125;1;0.132951067913316;0;0.554314088228611;2.79769261437383e-17;0.0438985505974012;0;4
"2";21;"C5 LEMA";2;1;1;1.1875;0.1875;1;0.164418717909785;0;0.108628176457221;2.79769261437383e-17;0.0496574487536528;0;2
"2";22;"D1 CHFU";0;0;0;0;0;0;0.0375297429150817;0;1.86929446510009e-17;0;0;0;0
"2";23;"D1 LEMA";10;5;5;3.72916666666667;2.72916666666667;1;0.638429102240103;0;0.156459882840797;5.59538522874765e-17;0.427566805269358;0;4
"2";24;"D2 CHFU";0;0;0;0;0;0;0.0375297429150817;0;1.86929446510009e-17;0;0;0;0
"2";25;"D2 LEMA";4;2;2;1.39583333333333;0.395833333333333;1;0.194722311512133;0;0.0744674910823773;5.59538522874765e-17;0.0885906122923926;0;4
"2";26;"D4 LEMA";2;1;1;1.0625;0.0625;1;0.0906547429150816;0;1;0;0.0273460676795169;0;2
"2";27;"D5 CHFU";0;0;0;0;0;0;0.0375297429150817;0;1.86929446510009e-17;0;0;0;0
"2";28;"D5 LEMA";2;1;1;1.16666666666667;0.166666666666667;1;0.09497786471449;0;0.0573871483949553;0;0.0360190646872542;0;2
"2";29;"E1 CHFU";0;0;0;0;0;0;0.0375297429150817;0;1.86929446510009e-17;0;0;0;0
"2";30;"E1 LEMA";8;4;4;1.70833333333333;0.708333333333333;1;0.441369326400879;0;0.538056801155691;0;0.207869420036596;0;4
"2";31;"E5 LEMA";2;1;1;1.16666666666667;0.166666666666667;1;0.106255434903843;0;0.00484248096533405;0;0.0426291261114162;0;2
"2";32;"F1 LEMA";2;1;1;1.0625;0.0625;1;0.0906547429150816;0;1;0;0.0273460676795169;0;2
"2";33;"F4 LEMA";2;1;1;1.33333333333333;0.333333333333333;1;0.174981126892604;0;0.00484248096533405;0;0.0852582522228324;0;2
"2";34;"F5 CHFU";0;0;0;0;0;0;0.0375297429150817;0;1.86929446510009e-17;0;0;0;0
"2";35;"F6 CHFU";0;0;0;0;0;0;0.0375297429150817;0;1.86929446510009e-17;0;0;0;0
"2";36;"Coleoptera";2;1;1;1.2;0.2;1;0.0905119709641046;0;0;0.000671519488074288;0.0367678637951568;0;2
"2";37;"Dilophus_sp.";12;6;6;4.08333333333333;3.08333333333333;1;0.796166117613824;0;1.49543557208007e-16;0.108628176457221;0.479509678845395;0;4
"2";38;"Diptera";2;1;1;2;1;1;0.250198286100544;0;0;0;0.158244893194152;0;2
"2";39;"Episyrphus_balteatus";0;0;0;0;0;0;0.0375297429150817;0;1.86929446510009e-17;0;0;0;0
"2";40;"Eupeodes_corollae";10;5;5;3.45833333333333;2.45833333333333;1;0.405516153878177;0;0;0.0573871483949553;0.332657013136407;0;4
"2";41;"Malachius_bipustulatus";2;1;1;1.08333333333333;0.0833333333333333;1;0.0827518043237556;0;0;0.00182535073323136;0.0206337678499307;0;2
"2";42;"Meligethes_sp.";10;5;5;4.41666666666667;3.41666666666667;1;0.485122531685373;0;0;0.00484248096533427;0.452188883322277;0;4
"2";43;"Mordellidae";2;1;1;1.08333333333333;0.0833333333333333;1;0.0827518043237556;0;0;0.00182535073323136;0.0206337678499307;0;2
"2";44;"Nemotelus_sp.";2;1;1;1.33333333333333;0.333333333333333;1;0.110532273081453;0;0;0.000983304456903085;0.0577592476498204;0;2
"2";45;"Psilothrix_viridicoerulea";22;11;11;9.08333333333333;8.08333333333333;1;1;0;0;1;1;0;4
"2";46;"Scaeva_sp.";0;0;0;0;0;0;0.0375297429150817;0;1.86929446510009e-17;0;0;0;0
"2";47;"Sphaerophoria_scripta";6;3;3;2.25833333333333;1.25833333333333;1;0.347991611928851;0;0;0.0298109079361278;0.212259232697033;0;4
"Aggr";1;"A1 CHFU";2;1;1;1.07142857142857;0.0714285714285714;1;0.051501361891719;0.0527394136748746;1;1.41038825902189e-17;0.0527389835824271;0;2
"Aggr";2;"A1 LEMA";6;3;3;2.33333333333333;1.33333333333333;1;0.10728762071091;0.0846371008355088;0.027148820577716;5.64155303608757e-17;0.0846309522707291;0;4
"Aggr";3;"A2 LEMA";4;2;2;2.66666666666667;1.66666666666667;1;0.12232977698651;0.103860553829435;0.0352357180774605;5.64155303608757e-17;0.103864050270877;0;2
"Aggr";4;"A3 CHFU";4;2;2;2.14285714285714;1.14285714285714;1;0.180162983245852;0.244283367297531;0.521939379551292;5.64155303608757e-17;0.244285174598275;0;4
"Aggr";5;"A3 LEMA";2;1;1;2;1;1;0.160734259273627;0.546093566521364;0.000268504127872285;1.41038825902189e-17;0.545940134468029;0;2
"Aggr";6;"A4 CHFU";2;1;1;1.14285714285714;0.142857142857143;1;0.0818585047488619;0.105478827349749;1;2.82077651804378e-17;0.105477967164854;0;2
"Aggr";7;"A4 LEMA";2;1;1;1.16666666666667;0.166666666666667;1;0.0407096679793619;0.039333632228195;0.00894412696347183;2.11558238853284e-17;0.0393268404343222;0;2
"Aggr";8;"A5 CHFU";2;1;1;1.14285714285714;0.142857142857143;1;0.0818585047488619;0.105478827349749;1;2.82077651804378e-17;0.105477967164854;0;2
"Aggr";9;"A6 LEMA";2;1;1;1.0625;0.0625;1;0.0496575756381933;0.0097418288550639;0.160161054897152;1.41038825902189e-17;0.00974244223881874;0;2
"Aggr";10;"B1 CHFU";2;1;1;1.07142857142857;0.0714285714285714;1;0.051501361891719;0.0527394136748746;1;1.41038825902189e-17;0.0527389835824271;0;2
"Aggr";11;"B2 CHFU";4;2;2;1.57142857142857;0.571428571428571;1;0.119802155584561;0.14250877255309;0.53582511514658;5.64155303608757e-17;0.142509454408319;0;4
"Aggr";12;"B2 LEMA";4;2;2;1.29166666666667;0.291666666666667;1;0.100937863472758;0.0494067773361996;0.130657446695821;1.41038825902189e-17;0.0494083747529349;0;4
"Aggr";13;"B3 CHFU";2;1;1;1.5;0.5;1;0.0894450127274181;0.0897693588782154;0.0716502302931596;2.82077651804378e-17;0.0897704708258923;0;2
"Aggr";14;"B4 LEMA";2;1;1;1.125;0.125;1;0.0781709322418104;0.0194836577101278;0.160161054897152;0;0.0194848844776375;0;2
"Aggr";15;"B5 LEMA";2;1;1;1.0625;0.0625;1;0.0496575756381933;0.00974182885506391;0.160161054897152;1.41038825902189e-17;0.00974244223881874;0;2
"Aggr";16;"C1 LEMA";6;3;3;1.29166666666667;0.291666666666667;1;0.0926041553876917;0.0790229058118761;0.401346604666579;2.82077651804378e-17;0.0790235874456792;0;4
"Aggr";17;"C3 CHFU";2;1;1;2;1;1;0.140961460230508;4.44145258909496e-16;6.89443014891936e-17;1.41038825902189e-17;5.20617060435538e-06;0;2
"Aggr";18;"C3 LEMA";2;1;1;1.0625;0.0625;1;0.0496575756381933;0.00974182885506392;0.160161054897152;1.41038825902189e-17;0.00974244223881874;0;2
"Aggr";19;"C4 CHFU";2;1;1;1.07142857142857;0.0714285714285714;1;0.051501361891719;0.0527394136748746;1;1.41038825902189e-17;0.0527389835824271;0;2
"Aggr";20;"C4 LEMA";4;2;2;1.125;0.125;1;0.0762200756381933;0.0558888158205791;0.580080527448576;4.23116477706567e-17;0.0558890528734425;0;4
"Aggr";21;"C5 LEMA";2;1;1;1.1875;0.1875;1;0.100831719034576;0.138440960896546;1;7.05194129510946e-18;0.138439831903871;0;2
"Aggr";22;"D1 CHFU";2;1;1;1.33333333333333;0.333333333333333;1;0.0676742324475929;0.182031188840455;0.000268504127872285;2.11558238853284e-17;0.181980044822676;0;2
"Aggr";23;"D1 LEMA";10;5;5;3.72916666666667;2.72916666666667;1;0.361157590080635;0.460051933744935;0.681650205340158;5.64155303608757e-17;0.460044087895286;0;4
"Aggr";24;"D2 CHFU";2;1;1;1.14285714285714;0.142857142857143;1;0.0818585047488619;0.105478827349749;1;2.82077651804378e-17;0.105477967164854;0;2
"Aggr";25;"D2 LEMA";4;2;2;1.39583333333333;0.395833333333333;1;0.0932405814964708;0.105993226217659;0.381100153528773;4.23116477706567e-17;0.105993591185219;0;4
"Aggr";26;"D4 LEMA";2;1;1;1.0625;0.0625;1;0.0496575756381933;0.00974182885506391;0.160161054897152;1.41038825902189e-17;0.00974244223881874;0;2
"Aggr";27;"D5 CHFU";2;1;1;1.07142857142857;0.0714285714285714;1;0.051501361891719;0.0527394136748746;1;1.41038825902189e-17;0.0527389835824271;0;2
"Aggr";28;"D5 LEMA";2;1;1;1.16666666666667;0.166666666666667;1;0.0439111502655235;0.0299231196260718;0.0716502302931596;2.82077651804378e-17;0.0299234902752974;0;2
"Aggr";29;"E1 CHFU";4;2;2;2.33333333333333;1.33333333333333;1;0.185066926116308;0.418032982209624;0.00460631554567208;2.82077651804378e-17;0.41794108742861;0;2
"Aggr";30;"E1 LEMA";8;4;4;1.70833333333333;0.708333333333333;1;0.22747365642949;0.184318498968655;0.344521651123044;8.46232955413135e-17;0.184321015072057;0;4
"Aggr";31;"E5 LEMA";2;1;1;1.16666666666667;0.166666666666667;1;0.0407096679793619;0.039333632228195;0.00894412696347183;2.11558238853284e-17;0.0393268404343222;0;2
"Aggr";32;"F1 LEMA";2;1;1;1.0625;0.0625;1;0.0496575756381933;0.00974182885506391;0.160161054897152;1.41038825902189e-17;0.00974244223881874;0;2
"Aggr";33;"F4 LEMA";2;1;1;1.33333333333333;0.333333333333333;1;0.0602751169241477;0.0786672644563899;0.00894412696347183;2.11558238853284e-17;0.0786536808686445;0;2
"Aggr";34;"F5 CHFU";2;1;1;1.07142857142857;0.0714285714285714;1;0.051501361891719;0.0527394136748746;1;1.41038825902189e-17;0.0527389835824271;0;2
"Aggr";35;"F6 CHFU";4;2;2;2.33333333333333;1.33333333333333;1;0.202954546509438;0.322825142308338;5.71444616924096e-05;2.82077651804378e-17;0.322733290836297;0;2
"Aggr";36;"Coleoptera";2;1;1;1.2;0.2;1;0.0419402811222829;0.015337125196154;6.89443014891936e-17;0.000663553976964745;0.0153377605852297;0;2
"Aggr";37;"Dilophus_sp.";32;16;16;14.0833333333333;12.0833333333333;2;1;1;1.1031088238271e-15;1;1;0;4
"Aggr";38;"Diptera";8;4;4;4.7;2.7;2;0.328447153503648;0.739611622598256;0;0.000268504127872391;0.739409368284797;0;2
"Aggr";39;"Episyrphus_balteatus";2;1;1;2;1;1;0.140961460230508;4.41565161969773e-16;6.89443014891936e-17;1.41038825902189e-17;5.20617060435538e-06;0;2
"Aggr";40;"Eupeodes_corollae";14;7;7;5.95833333333333;3.95833333333333;2;0.321415499731021;0.243161484587548;0;0.0716502302931597;0.243165083258915;0;4
"Aggr";41;"Malachius_bipustulatus";2;1;1;1.08333333333333;0.0833333333333333;1;0.0467262149986211;0.0283066807866501;0;0.00534864111063313;0.0283060284935454;0;2
"Aggr";42;"Meligethes_sp.";12;6;6;5.91666666666667;3.91666666666667;2;0.276218102749917;0.319633264390492;9.19257353189248e-17;0.00894412696347203;0.319579423705132;0;4
"Aggr";43;"Mordellidae";2;1;1;1.08333333333333;0.0833333333333333;1;0.0467262149986211;0.02830668078665;0;0.00534864111063313;0.0283060284935454;0;2
"Aggr";44;"Nemotelus_sp.";2;1;1;1.33333333333333;0.333333333333333;1;0.0515423782360006;0.0208306516749612;0;0.000852104476516471;0.0208293841901877;0;2
"Aggr";45;"Psilothrix_viridicoerulea";22;11;11;9.08333333333333;8.08333333333333;1;0.536722006656322;0.211104331954409;3.67702941275699e-16;0.160161054897152;0.211117890138008;0;4
"Aggr";46;"Scaeva_sp.";2;1;1;1.8;0.8;1;0.159153310660994;0.190686817718316;0;4.30454514755135e-06;0.190631746212467;0;2
"Aggr";47;"Sphaerophoria_scripta";8;4;4;3.75833333333333;1.75833333333333;2;0.231304655287036;0.187992419813221;0;0.0438787591025845;0.187996067578894;0;4
