"Layer";"Node";"Label";"Degree";"DegreeIn";"DegreeOut";"Strength";"StrengthIn";"StrengthOut";"PageRank";"Eigenvector";"Hub";"Authority";"Katz";"Multiplexity";"Kcore"
"1";1;"A1 LEMA";0;0;0;0;0;0;0.078169014084507;0;4.80740671595891e-17;2.77555756156289e-17;0;0;0
"1";2;"A5 LEMA";0;0;0;0;0;0;0.078169014084507;0;4.80740671595891e-17;2.77555756156289e-17;0;0;0
"1";3;"A6 CHFU";2;1;1;1.5;0.5;1;0.503169014084507;0;1;2.77555756156289e-17;0.49999749999375;0;2
"1";4;"B1 LEMA";0;0;0;0;0;0;0.078169014084507;0;4.80740671595891e-17;2.77555756156289e-17;0;0;0
"1";5;"B2 LEMA";0;0;0;0;0;0;0.078169014084507;0;4.80740671595891e-17;2.77555756156289e-17;0;0;0
"1";6;"B3 LEMA";0;0;0;0;0;0;0.078169014084507;0;4.80740671595891e-17;2.77555756156289e-17;0;0;0
"1";7;"B5 LEMA";0;0;0;0;0;0;0.078169014084507;0;4.80740671595891e-17;2.77555756156289e-17;0;0;0
"1";8;"B6 LEMA";0;0;0;0;0;0;0.078169014084507;0;4.80740671595891e-17;2.77555756156289e-17;0;0;0
"1";9;"C1 LEMA";0;0;0;0;0;0;0.078169014084507;0;4.80740671595891e-17;2.77555756156289e-17;0;0;0
"1";10;"C3 CHFU";2;1;1;2;1;1;0.52112676056338;0;0;5.55111512312578e-17;0.499998749999651;0;2
"1";11;"C3 LEMA";0;0;0;0;0;0;0.078169014084507;0;4.80740671595891e-17;2.77555756156289e-17;0;0;0
"1";12;"C3 ME";0;0;0;0;0;0;0.078169014084507;0;4.80740671595891e-17;2.77555756156289e-17;0;0;0
"1";13;"C4 LEMA";0;0;0;0;0;0;0.078169014084507;0;4.80740671595891e-17;2.77555756156289e-17;0;0;0
"1";14;"C5 LEMA";0;0;0;0;0;0;0.078169014084507;0;4.80740671595891e-17;2.77555756156289e-17;0;0;0
"1";15;"C6 LEMA";0;0;0;0;0;0;0.078169014084507;0;4.80740671595891e-17;2.77555756156289e-17;0;0;0
"1";16;"D1 LEMA";0;0;0;0;0;0;0.078169014084507;0;4.80740671595891e-17;2.77555756156289e-17;0;0;0
"1";17;"D2 CHFU";2;1;1;2;1;1;0.52112676056338;0;0;5.55111512312578e-17;0.499998749999651;0;2
"1";18;"D2 LEMA";0;0;0;0;0;0;0.078169014084507;0;4.80740671595891e-17;2.77555756156289e-17;0;0;0
"1";19;"D3 CHFU";2;1;1;1.33333333333333;0.333333333333333;1;0.36150234741784;0;1;2.77555756156289e-17;0.3333316666625;0;2
"1";20;"D3 LEMA";0;0;0;0;0;0;0.078169014084507;0;4.80740671595891e-17;2.77555756156289e-17;0;0;0
"1";21;"D4 ME";0;0;0;0;0;0;0.078169014084507;0;4.80740671595891e-17;2.77555756156289e-17;0;0;0
"1";22;"D5 LEMA";0;0;0;0;0;0;0.078169014084507;0;4.80740671595891e-17;2.77555756156289e-17;0;0;0
"1";23;"D6 LEMA";0;0;0;0;0;0;0.078169014084507;0;4.80740671595891e-17;2.77555756156289e-17;0;0;0
"1";24;"E1 LEMA";0;0;0;0;0;0;0.078169014084507;0;4.80740671595891e-17;2.77555756156289e-17;0;0;0
"1";25;"E2 CHFU";2;1;1;2;1;1;0.52112676056338;0;0;5.55111512312578e-17;0.499998749999651;0;2
"1";26;"E2 LEMA";0;0;0;0;0;0;0.078169014084507;0;4.80740671595891e-17;2.77555756156289e-17;0;0;0
"1";27;"E3 LEMA";0;0;0;0;0;0;0.078169014084507;0;4.80740671595891e-17;2.77555756156289e-17;0;0;0
"1";28;"E3 ME";0;0;0;0;0;0;0.078169014084507;0;4.80740671595891e-17;2.77555756156289e-17;0;0;0
"1";29;"E4 LEMA";0;0;0;0;0;0;0.078169014084507;0;4.80740671595891e-17;2.77555756156289e-17;0;0;0
"1";30;"E4 ME";0;0;0;0;0;0;0.078169014084507;0;4.80740671595891e-17;2.77555756156289e-17;0;0;0
"1";31;"E5 LEMA";0;0;0;0;0;0;0.078169014084507;0;4.80740671595891e-17;2.77555756156289e-17;0;0;0
"1";32;"F1 LEMA";0;0;0;0;0;0;0.078169014084507;0;4.80740671595891e-17;2.77555756156289e-17;0;0;0
"1";33;"F2 CHFU";2;1;1;1.16666666666667;0.166666666666667;1;0.219835680751174;0;1;2.77555756156289e-17;0.16666583333125;0;2
"1";34;"F2 LEMA";0;0;0;0;0;0;0.078169014084507;0;4.80740671595891e-17;2.77555756156289e-17;0;0;0
"1";35;"F3 LEMA";0;0;0;0;0;0;0.078169014084507;0;4.80740671595891e-17;2.77555756156289e-17;0;0;0
"1";36;"F4 LEMA";0;0;0;0;0;0;0.078169014084507;0;4.80740671595891e-17;2.77555756156289e-17;0;0;0
"1";37;"F4 ME";0;0;0;0;0;0;0.078169014084507;0;4.80740671595891e-17;2.77555756156289e-17;0;0;0
"1";38;"F5 LEMA";0;0;0;0;0;0;0.078169014084507;0;4.80740671595891e-17;2.77555756156289e-17;0;0;0
"1";39;"F6 LEMA";0;0;0;0;0;0;0.078169014084507;0;4.80740671595891e-17;2.77555756156289e-17;0;0;0
"1";40;"Andrena_cinerea";0;0;0;0;0;0;0.078169014084507;0;4.80740671595891e-17;2.77555756156289e-17;0;0;0
"1";41;"Bruchidae";2;1;1;2;1;1;0.52112676056338;0;0;5.55111512312578e-17;0.499998749999651;0;2
"1";42;"Chrysotoxum_sp.";0;0;0;0;0;0;0.078169014084507;0;4.80740671595891e-17;2.77555756156289e-17;0;0;0
"1";43;"Dilophus_sp.";2;1;1;2;1;1;0.52112676056338;0;0;5.55111512312578e-17;0.499998749999651;0;2
"1";44;"Diptera";0;0;0;0;0;0;0.078169014084507;0;4.80740671595891e-17;2.77555756156289e-17;0;0;0
"1";45;"Eupeodes_corollae";2;1;1;2;1;1;0.52112676056338;0;0;5.55111512312578e-17;0.499998749999651;0;2
"1";46;"Malachius_bipustulatus";0;0;0;0;0;0;0.078169014084507;0;4.80740671595891e-17;2.77555756156289e-17;0;0;0
"1";47;"Meligethes_sp.";0;0;0;0;0;0;0.078169014084507;0;4.80740671595891e-17;2.77555756156289e-17;0;0;0
"1";48;"Psilothrix_viridicoerulea";0;0;0;0;0;0;0.078169014084507;0;4.80740671595891e-17;2.77555756156289e-17;0;0;0
"1";49;"Scaeva_sp.";6;3;3;4;3;1;1;0;0;1;1;0;2
"1";50;"Sphaerophoria_scripta";0;0;0;0;0;0;0.078169014084507;0;4.80740671595891e-17;2.77555756156289e-17;0;0;0
"2";1;"A1 LEMA";2;1;1;1.14285714285714;0.142857142857143;1;0.0317620307826341;0;0.0365863030348765;0;0.0909084741459002;0;2
"2";2;"A5 LEMA";2;1;1;1.01612903225806;0.0161290322580645;1;0.0278290297239287;0;1;0;0.0909108605773592;0;2
"2";3;"A6 CHFU";0;0;0;0;0;0;0.0141193523045739;0;1.37186787660065e-17;0;0;0;0
"2";4;"B1 LEMA";6;3;3;2.36559139784946;1.36559139784946;1;0.089148172800367;0;0.506188989957722;0;0.363624391104896;0;4
"2";5;"B2 LEMA";2;1;1;1.03225806451613;0.032258064516129;1;0.0415387071432835;0;1;0;0.181821721154718;0;2
"2";6;"B3 LEMA";4;2;2;1.1989247311828;0.198924731182796;1;0.0582980158327647;0;0.677985421071744;0;0.272729505853538;0;4
"2";7;"B5 LEMA";2;1;1;1.03225806451613;0.032258064516129;1;0.0415387071432835;0;1;0;0.181821721154718;0;2
"2";8;"B6 LEMA";2;1;1;1.03225806451613;0.032258064516129;1;0.0415387071432835;0;1;0;0.181821721154718;0;2
"2";9;"C1 LEMA";2;1;1;1.03225806451613;0.032258064516129;1;0.0415387071432835;0;1;0;0.181821721154718;0;2
"2";10;"C3 CHFU";0;0;0;0;0;0;0.0141193523045739;0;1.37186787660065e-17;0;0;0;0
"2";11;"C3 LEMA";2;1;1;1.125;0.125;1;0.0288251764242449;0;0.0292335010367714;0;0.0909085370554606;0;2
"2";12;"C3 ME";0;0;0;0;0;0;0.0141193523045739;0;1.37186787660065e-17;0;0;0;0
"2";13;"C4 LEMA";2;1;1;1.16666666666667;0.166666666666667;1;0.0308786609940551;0;0.0339562632152327;0;0.0909077846988194;0;2
"2";14;"C5 LEMA";2;1;1;1.01612903225806;0.0161290322580645;1;0.0278290297239287;0;1;0;0.0909108605773592;0;2
"2";15;"C6 LEMA";4;2;2;1.23118279569892;0.231182795698925;1;0.0847646731887536;0;0.811233869065712;0;0.454552649990949;0;4
"2";16;"D1 LEMA";2;1;1;1.04838709677419;0.0483870967741935;1;0.0552483845626384;0;1;0;0.272732581732077;0;2
"2";17;"D2 CHFU";0;0;0;0;0;0;0.0141193523045739;0;1.37186787660065e-17;0;0;0;0
"2";18;"D2 LEMA";8;4;4;2.12576804915515;1.12576804915515;1;0.180822170806595;0;0.295754215860804;0;1;0;4
"2";19;"D3 CHFU";0;0;0;0;0;0;0.0141193523045739;0;1.37186787660065e-17;0;0;0;0
"2";20;"D3 LEMA";6;3;3;1.37403993855607;0.374039938556068;1;0.103360049149535;0;0.678423761041685;0;0.545459701154156;0;4
"2";21;"D4 ME";0;0;0;0;0;0;0.0141193523045739;0;1.37186787660065e-17;0;0;0;0
"2";22;"D5 LEMA";4;2;2;1.17511520737327;0.175115207373272;1;0.0591813856213438;0;0.678862101011626;0;0.272730195300618;0;4
"2";23;"D6 LEMA";8;4;4;3.39784946236559;2.39784946236559;1;0.154361041377551;0;0.509514432060934;2.78508547801031e-17;0.727251207343421;0;4
"2";24;"E1 LEMA";4;2;2;1.26344086021505;0.263440860215054;1;0.112184028027463;0;0.865167049332651;0;0.636374371145668;0;4
"2";25;"E2 CHFU";0;0;0;0;0;0;0.0141193523045739;0;1.37186787660065e-17;0;0;0;0
"2";26;"E2 LEMA";2;1;1;1.08064516129032;0.0806451612903226;1;0.0826677394013481;0;1;0;0.454554302886796;0;2
"2";27;"E3 LEMA";4;2;2;1.5;0.5;1;0.0494315909974636;0;0.0363879565368145;0;0.181814870822893;0;4
"2";28;"E3 ME";0;0;0;0;0;0;0.0141193523045739;0;1.37186787660065e-17;0;0;0;0
"2";29;"E4 LEMA";4;2;2;2.14285714285714;1.14285714285714;1;0.0685142547812476;0;0.0185924812591655;0;0.181803615033616;0;2
"2";30;"E4 ME";0;0;0;0;0;0;0.0141193523045739;0;1.37186787660065e-17;0;0;0;0
"2";31;"E5 LEMA";2;1;1;1.03225806451613;0.032258064516129;1;0.0415387071432835;0;1;0;0.181821721154718;0;2
"2";32;"F1 LEMA";6;3;3;1.56451612903226;0.564516129032258;1;0.104270300674883;0;0.678795985512272;0;0.54545831313233;0;4
"2";33;"F2 CHFU";0;0;0;0;0;0;0.0141193523045739;0;1.37186787660065e-17;0;0;0;0
"2";34;"F2 LEMA";4;2;2;1.18951612903226;0.189516129032258;1;0.0836638861016643;0;0.805846700207354;0;0.454551979364897;0;4
"2";35;"F3 LEMA";4;2;2;1.18279569892473;0.182795698924731;1;0.043635640930689;0;0.528084672664279;0;0.181820068258872;0;4
"2";36;"F4 LEMA";4;2;2;1.21505376344086;0.21505376344086;1;0.0710549957693987;0;0.76404233633214;0;0.36364178941359;0;4
"2";37;"F4 ME";0;0;0;0;0;0;0.0141193523045739;0;1.37186787660065e-17;0;0;0;0
"2";38;"F5 LEMA";6;3;3;1.30011520737327;0.300115207373272;1;0.0738872097410149;0;0.516454951017912;0;0.363638732356079;0;4
"2";39;"F6 LEMA";2;1;1;1.01612903225806;0.0161290322580645;1;0.0278290297239287;0;1;0;0.0909108605773592;0;2
"2";40;"Andrena_cinerea";8;4;4;2.90454545454545;1.90454545454545;1;0.138407756420433;0;1.09749430128052e-16;0.0292335010367713;-0.727285266403442;0;4
"2";41;"Bruchidae";0;0;0;0;0;0;0.0141193523045739;0;1.37186787660065e-17;0;0;0;0
"2";42;"Chrysotoxum_sp.";2;1;1;1.125;0.125;1;0.0305202129509387;0;5.48747150640259e-17;0.00410146502850045;-0.0909067039923048;0;2
"2";43;"Dilophus_sp.";12;6;6;3.43181818181818;2.43181818181818;1;0.145292646289908;0;3.29248290384156e-16;0.0365863030348764;-0.636375379882193;0;4
"2";44;"Diptera";2;1;1;1.5;0.5;1;0.0432379105866041;0;5.48747150640259e-17;0.000598659483454203;-0.0909057470522788;0;2
"2";45;"Eupeodes_corollae";2;1;1;1.25;0.25;1;0.0330633390246519;0;0;0.00814939208581743;-0.090907612992019;0;2
"2";46;"Malachius_bipustulatus";2;1;1;1.125;0.125;1;0.0305202129509387;0;5.48747150640259e-17;0.00410146502850045;-0.0909067039923048;0;2
"2";47;"Meligethes_sp.";12;6;6;2.75952380952381;1.75952380952381;1;0.111576079106544;0;2.19498860256104e-16;0.0561693453285576;-0.545470397900148;0;4
"2";48;"Psilothrix_viridicoerulea";46;23;23;19.1465367965368;18.1465367965368;1;1;0;8.77995441024415e-16;1;-5.63653941829755;0;4
"2";49;"Scaeva_sp.";10;5;5;2.84090909090909;1.84090909090909;1;0.118301002513985;0;0;0.0339562632152326;-0.545461859918609;0;4
"2";50;"Sphaerophoria_scripta";6;3;3;1.91666666666667;0.916666666666667;1;0.0688433911275157;0;1.09749430128052e-16;0.016606567745071;-0.272729413825372;0;4
"3";1;"A1 LEMA";0;0;0;0;0;0;0.0583163590623617;0;0;4.17368170901211e-17;0;0;0
"3";2;"A5 LEMA";0;0;0;0;0;0;0.0583163590623617;0;0;4.17368170901211e-17;0;0;0
"3";3;"A6 CHFU";0;0;0;0;0;0;0.0583163590623617;0;0;4.17368170901211e-17;0;0;0
"3";4;"B1 LEMA";0;0;0;0;0;0;0.0583163590623617;0;0;4.17368170901211e-17;0;0;0
"3";5;"B2 LEMA";0;0;0;0;0;0;0.0583163590623617;0;0;4.17368170901211e-17;0;0;0
"3";6;"B3 LEMA";0;0;0;0;0;0;0.0583163590623617;0;0;4.17368170901211e-17;0;0;0
"3";7;"B5 LEMA";0;0;0;0;0;0;0.0583163590623617;0;0;4.17368170901211e-17;0;0;0
"3";8;"B6 LEMA";0;0;0;0;0;0;0.0583163590623617;0;0;4.17368170901211e-17;0;0;0
"3";9;"C1 LEMA";0;0;0;0;0;0;0.0583163590623617;0;0;4.17368170901211e-17;0;0;0
"3";10;"C3 CHFU";0;0;0;0;0;0;0.0583163590623617;0;0;4.17368170901211e-17;0;0;0
"3";11;"C3 LEMA";0;0;0;0;0;0;0.0583163590623617;0;0;4.17368170901211e-17;0;0;0
"3";12;"C3 ME";6;3;3;2.72222222222222;1.72222222222222;1;0.543605837374522;0.444444444444445;0.524540935203799;1.66947268360485e-16;0.444451481269913;0;2
"3";13;"C4 LEMA";0;0;0;0;0;0;0.0583163590623617;0;0;4.17368170901211e-17;0;0;0
"3";14;"C5 LEMA";0;0;0;0;0;0;0.0583163590623617;0;0;4.17368170901211e-17;0;0;0
"3";15;"C6 LEMA";0;0;0;0;0;0;0.0583163590623617;0;0;4.17368170901211e-17;0;0;0
"3";16;"D1 LEMA";0;0;0;0;0;0;0.0583163590623617;0;0;4.17368170901211e-17;0;0;0
"3";17;"D2 CHFU";0;0;0;0;0;0;0.0583163590623617;0;0;4.17368170901211e-17;0;0;0
"3";18;"D2 LEMA";0;0;0;0;0;0;0.0583163590623617;0;0;4.17368170901211e-17;0;0;0
"3";19;"D3 CHFU";0;0;0;0;0;0;0.0583163590623617;0;0;4.17368170901211e-17;0;0;0
"3";20;"D3 LEMA";0;0;0;0;0;0;0.0583163590623617;0;0;4.17368170901211e-17;0;0;0
"3";21;"D4 ME";2;1;1;1.5;0.5;1;0.206959238906852;0.111111111111111;0.0579662050488411;8.34736341802423e-17;0.111115925768986;0;2
"3";22;"D5 LEMA";0;0;0;0;0;0;0.0583163590623617;0;0;4.17368170901211e-17;0;0;0
"3";23;"D6 LEMA";0;0;0;0;0;0;0.0583163590623617;0;0;4.17368170901211e-17;0;0;0
"3";24;"E1 LEMA";0;0;0;0;0;0;0.0583163590623617;0;0;4.17368170901211e-17;0;0;0
"3";25;"E2 CHFU";0;0;0;0;0;0;0.0583163590623617;0;0;4.17368170901211e-17;0;0;0
"3";26;"E2 LEMA";0;0;0;0;0;0;0.0583163590623617;0;0;4.17368170901211e-17;0;0;0
"3";27;"E3 LEMA";0;0;0;0;0;0;0.0583163590623617;0;0;4.17368170901211e-17;0;0;0
"3";28;"E3 ME";2;1;1;1.11111111111111;0.111111111111111;1;0.152760803506806;0.111111111111111;1;5.56490894534948e-17;0.111110370372685;0;2
"3";29;"E4 LEMA";0;0;0;0;0;0;0.0583163590623617;0;0;4.17368170901211e-17;0;0;0
"3";30;"E4 ME";2;1;1;1.44444444444444;0.444444444444444;1;0.436094136840139;0.444444444444444;1;8.34736341802423e-17;0.44444148149074;0;2
"3";31;"E5 LEMA";0;0;0;0;0;0;0.0583163590623617;0;0;4.17368170901211e-17;0;0;0
"3";32;"F1 LEMA";0;0;0;0;0;0;0.0583163590623617;0;0;4.17368170901211e-17;0;0;0
"3";33;"F2 CHFU";0;0;0;0;0;0;0.0583163590623617;0;0;4.17368170901211e-17;0;0;0
"3";34;"F2 LEMA";0;0;0;0;0;0;0.0583163590623617;0;0;4.17368170901211e-17;0;0;0
"3";35;"F3 LEMA";0;0;0;0;0;0;0.0583163590623617;0;0;4.17368170901211e-17;0;0;0
"3";36;"F4 LEMA";0;0;0;0;0;0;0.0583163590623617;0;0;4.17368170901211e-17;0;0;0
"3";37;"F4 ME";2;1;1;1.22222222222222;0.222222222222222;1;0.247205247951251;0.222222222222222;1;8.34736341802423e-17;0.22222074074537;0;2
"3";38;"F5 LEMA";0;0;0;0;0;0;0.0583163590623617;0;0;4.17368170901211e-17;0;0;0
"3";39;"F6 LEMA";0;0;0;0;0;0;0.0583163590623617;0;0;4.17368170901211e-17;0;0;0
"3";40;"Andrena_cinerea";0;0;0;0;0;0;0.0583163590623617;0;0;4.17368170901211e-17;0;0;0
"3";41;"Bruchidae";0;0;0;0;0;0;0.0583163590623617;0;0;4.17368170901211e-17;0;0;0
"3";42;"Chrysotoxum_sp.";0;0;0;0;0;0;0.0583163590623617;0;0;4.17368170901211e-17;0;0;0
"3";43;"Dilophus_sp.";2;1;1;1.25;0.25;1;0.173832599504447;0.111111111111111;0;0.0401975357663546;0.111112592527317;0;2
"3";44;"Diptera";8;4;4;4.5;3.5;1;1;1;0;1;1;0;2
"3";45;"Eupeodes_corollae";0;0;0;0;0;0;0.0583163590623617;0;0;4.17368170901211e-17;0;0;0
"3";46;"Malachius_bipustulatus";0;0;0;0;0;0;0.0583163590623617;0;0;4.17368170901211e-17;0;0;0
"3";47;"Meligethes_sp.";0;0;0;0;0;0;0.0583163590623617;0;0;4.17368170901211e-17;0;0;0
"3";48;"Psilothrix_viridicoerulea";4;2;2;2.25;1.25;1;0.349747952575272;0.222222222222222;0;0.0579662050488414;0.222230740491211;0;2
"3";49;"Scaeva_sp.";0;0;0;0;0;0;0.0583163590623617;0;0;4.17368170901211e-17;0;0;0
"3";50;"Sphaerophoria_scripta";0;0;0;0;0;0;0.0583163590623617;0;0;4.17368170901211e-17;0;0;0
"Aggr";1;"A1 LEMA";2;1;1;1.14285714285714;0.142857142857143;1;0.0309984285697751;0.0879133206051454;0.0412950900343434;0;0.0879105771470251;0;2
"Aggr";2;"A5 LEMA";2;1;1;1.01612903225806;0.0161290322580645;1;0.0227634904237008;0.00850580781241353;1;0;0.00850651231303815;0;2
"Aggr";3;"A6 CHFU";2;1;1;1.5;0.5;1;0.0641437009140937;0.0315184654767708;0.0392642642815551;0;0.0315270462517677;0;2
"Aggr";4;"B1 LEMA";6;3;3;2.36559139784946;1.36559139784946;1;0.077966130100251;0.023857110808826;0.505890296269294;2.78550890444934e-17;0.023867588596589;0;4
"Aggr";5;"B2 LEMA";2;1;1;1.03225806451613;0.032258064516129;1;0.0296183291333782;0.0170116156248271;1;0;0.0170130246260763;0;2
"Aggr";6;"B3 LEMA";4;2;2;1.1989247311828;0.198924731182796;1;0.045696678866735;0.0275177707837507;0.679754754760518;1.39275445222467e-17;0.0275220400433322;0;4
"Aggr";7;"B5 LEMA";2;1;1;1.03225806451613;0.032258064516129;1;0.0296183291333782;0.0170116156248271;1;0;0.0170130246260763;0;2
"Aggr";8;"B6 LEMA";2;1;1;1.03225806451613;0.032258064516129;1;0.0296183291333782;0.0170116156248271;1;0;0.0170130246260763;0;2
"Aggr";9;"C1 LEMA";2;1;1;1.03225806451613;0.032258064516129;1;0.0296183291333782;0.0170116156248271;1;0;0.0170130246260763;0;2
"Aggr";10;"C3 CHFU";2;1;1;2;1;1;0.0465145124339135;0.00466912958606884;0.00810953205380546;0;0.00467662127581975;0;2
"Aggr";11;"C3 LEMA";2;1;1;1.125;0.125;1;0.0284356123769447;0.00892165171818651;0.0272518235276914;6.96377226112335e-18;0.00892203859874597;0;2
"Aggr";12;"C3 ME";6;3;3;2.72222222222222;1.72222222222222;1;0.374148239535325;1;0.265687644578289;1.39275445222467e-17;1;0;4
"Aggr";13;"C4 LEMA";2;1;1;1.16666666666667;0.166666666666667;1;0.0319870014473802;0.0105061551589236;0.0392642642815551;0;0.0105090154172559;0;2
"Aggr";14;"C5 LEMA";2;1;1;1.01612903225806;0.0161290322580645;1;0.0227634904237008;0.00850580781241354;1;0;0.00850651231303815;0;2
"Aggr";15;"C6 LEMA";4;2;2;1.23118279569892;0.231182795698925;1;0.0560146198986662;0.0366985453070281;0.810478013014439;2.78550890444934e-17;0.0367023145184051;0;4
"Aggr";16;"D1 LEMA";2;1;1;1.04838709677419;0.0483870967741935;1;0.0364731678430557;0.0255174234372406;1;0;0.0255195369391145;0;2
"Aggr";17;"D2 CHFU";2;1;1;2;1;1;0.106057678093489;2.53934434778944e-16;0;0;5.09951588326232e-06;0;2
"Aggr";18;"D2 LEMA";8;4;4;2.12576804915515;1.12576804915515;1;0.145365874602522;0.256458478397388;0.296192141998972;0;0.25645989964415;0;4
"Aggr";19;"D3 CHFU";2;1;1;1.33333333333333;0.333333333333333;1;0.048065351180737;0.0210123103178473;0.0392642642815551;0;0.0210180308345118;0;2
"Aggr";20;"D3 LEMA";6;3;3;1.37403993855607;0.374039938556068;1;0.0744961331418416;0.132442707013723;0.680093225719317;1.39275445222467e-17;0.132445641816434;0;4
"Aggr";21;"D4 ME";2;1;1;1.5;0.5;1;0.228408651714023;0.26368004218482;1;0;0.263701881704183;0;2
"Aggr";22;"D5 LEMA";4;2;2;1.17511520737327;0.175115207373272;1;0.0447081059891299;0.104924936229972;0.680431696678115;2.78550890444934e-17;0.104923601773101;0;4
"Aggr";23;"D6 LEMA";8;4;4;3.39784946236559;2.39784946236559;1;0.125131245074949;0.0618220587103787;0.510777878923172;0;0.0618356828010368;0;4
"Aggr";24;"E1 LEMA";4;2;2;1.26344086021505;0.263440860215054;1;0.0697242973180211;0.0537101609318551;0.86462715215317;0;0.0537153391444814;0;4
"Aggr";25;"E2 CHFU";2;1;1;2;1;1;0.121537089704285;0.615393244236018;0.0412950900343434;0;0.615374040029176;0;2
"Aggr";26;"E2 LEMA";2;1;1;1.08064516129032;0.0806451612903226;1;0.0501828452624105;0.0425290390620677;1;0;0.0425325615651908;0;2
"Aggr";27;"E3 LEMA";4;2;2;1.5;0.5;1;0.0463372053069392;0.00485167965530401;0.0339208590477831;1.39275445222467e-17;0.00485420796094546;0;4
"Aggr";28;"E3 ME";2;1;1;1.11111111111111;0.111111111111111;1;0.0359642266295434;0.0604633567895815;0.0107277441394065;6.96377226112335e-18;0.0604620391333209;0;2
"Aggr";29;"E4 LEMA";4;2;2;2.14285714285714;1.14285714285714;1;0.211498602809455;0.632083531711378;0.026011417086875;0;0.632068929346913;0;4
"Aggr";30;"E4 ME";2;1;1;1.44444444444444;0.444444444444444;1;0.0961309513761033;0.241853427158326;0.0107277441394065;0;0.241848156533284;0;2
"Aggr";31;"E5 LEMA";2;1;1;1.03225806451613;0.032258064516129;1;0.0296183291333782;0.0170116156248271;1;0;0.0170130246260763;0;2
"Aggr";32;"F1 LEMA";6;3;3;1.56451612903226;0.564516129032258;1;0.0737565601456489;0.0388749109049582;0.677973619682594;2.78550890444934e-17;0.0388802572130981;0;4
"Aggr";33;"F2 CHFU";2;1;1;1.16666666666667;0.166666666666667;1;0.0319870014473802;0.0105061551589236;0.0392642642815551;0;0.0105090154172559;0;2
"Aggr";34;"F2 LEMA";4;2;2;1.18951612903226;0.189516129032258;1;0.0558549672156544;0.0429448829678407;0.805450364705538;2.78550890444934e-17;0.0429480878508986;0;4
"Aggr";35;"F3 LEMA";4;2;2;1.18279569892473;0.182795698924731;1;0.035450103769634;0.0111811218697875;0.526195032536097;0;0.0111827775792906;0;4
"Aggr";36;"F4 LEMA";4;2;2;1.21505376344086;0.21505376344086;1;0.0491597811889888;0.0281927374946145;0.763097516268048;0;0.0281958022053669;0;4
"Aggr";37;"F4 ME";2;1;1;1.22222222222222;0.222222222222222;1;0.0560198015450634;0.120926713579163;0.0107277441394065;6.96377226112335e-18;0.120924078266642;0;2
"Aggr";38;"F5 LEMA";6;3;3;1.30011520737327;0.300115207373272;1;0.0572350666520512;0.113846587948159;0.517136728390509;2.78550890444934e-17;0.113845640371847;0;4
"Aggr";39;"F6 LEMA";2;1;1;1.01612903225806;0.0161290322580645;1;0.0227634904237008;0.00850580781241354;1;0;0.00850651231303815;0;2
"Aggr";40;"Andrena_cinerea";8;4;4;2.90454545454545;1.90454545454545;1;0.117900806239259;0.107709376784958;1.13475032019285e-16;0.0272518235276915;0.107712528425646;0;4
"Aggr";41;"Bruchidae";2;1;1;2;1;1;0.106057678093489;2.59299246781316e-16;0;0;5.09951588326232e-06;0;2
"Aggr";42;"Chrysotoxum_sp.";2;1;1;1.125;0.125;1;0.0292038465032367;0.00512076935898033;0;0.00384725141113311;0.00512206168089097;0;2
"Aggr";43;"Dilophus_sp.";16;8;8;6.68181818181818;3.68181818181818;3;0.372806251730336;0.928690461532165;0;0.0412950900343435;0.92866817091039;0;4
"Aggr";44;"Diptera";10;5;5;6;4;2;0.424706292328659;0.821207722440455;0;0.0107277441394066;0.821195441890539;0;4
"Aggr";45;"Eupeodes_corollae";4;2;2;3.25;1.25;2;0.0720137899291532;0.00704618737832072;0;0.00810953205380549;0.00705496742447522;0;2
"Aggr";46;"Malachius_bipustulatus";2;1;1;1.125;0.125;1;0.0292038465032367;0.00512076935898033;0;0.00384725141113311;0.00512206168089097;0;2
"Aggr";47;"Meligethes_sp.";12;6;6;2.75952380952381;1.75952380952381;1;0.0895525647948223;0.0242239121403145;0;0.0523900650721941;0.0242301710439156;0;4
"Aggr";48;"Psilothrix_viridicoerulea";50;25;25;21.3965367965368;19.3965367965368;2;1;0.795839546069259;0;1;0.795910825032708;0;4
"Aggr";49;"Scaeva_sp.";16;8;8;6.84090909090909;4.84090909090909;2;0.22698846682386;0.0951290854248696;0;0.0392642642815551;0.0951533392489528;0;4
"Aggr";50;"Sphaerophoria_scripta";6;3;3;1.91666666666667;0.916666666666667;1;0.0626186126364095;0.00985306545303519;1.70212548028928e-16;0.0154516530233719;0.00985770780544758;0;4
