"Layer";"Node";"Label";"Degree";"DegreeIn";"DegreeOut";"Strength";"StrengthIn";"StrengthOut";"PageRank";"Eigenvector";"Hub";"Authority";"Katz";"Multiplexity";"Kcore"
"1";1;"A1 LEMA";0;0;0;0;0;0;0.027906692618386;1.04596612260316e-17;0;0;0;0;0
"1";2;"A2 CHFU";2;1;1;1.26923076923077;0.269230769230769;1;0.239802748651142;0.269230769230769;0.209315427506607;0;0.269228435163201;0;2
"1";3;"A2 LEMA";0;0;0;0;0;0;0.027906692618386;1.04596612260316e-17;0;0;0;0;0
"1";4;"A2 PUPA";0;0;0;0;0;0;0.027906692618386;1.04596612260316e-17;0;0;0;0;0
"1";5;"A3 CHFU";4;2;2;1.37179487179487;0.371794871794872;1;0.112064867728119;0.0769230769230783;0.11869896323328;0;0.0769243104608219;0;4
"1";6;"A3 LEMA";0;0;0;0;0;0;0.027906692618386;1.04596612260316e-17;0;0;0;0;0
"1";7;"A4 CHFU";4;2;2;1.09401709401709;0.094017094017094;1;0.105399779988145;0.0769230769230774;0.604657713753304;0;0.0769246746536243;0;4
"1";8;"A4 LEMA";0;0;0;0;0;0;0.027906692618386;1.04596612260316e-17;0;0;0;0;0
"1";9;"A5 CHFU";4;2;2;1.14957264957265;0.14957264957265;1;0.152622002210367;0.115384615384616;0.736438475835536;0;0.115388144283934;0;4
"1";10;"A5 LEMA";0;0;0;0;0;0;0.027906692618386;1.04596612260316e-17;0;0;0;0;0
"1";11;"A6 CHFU";6;3;3;1.42735042735043;0.427350427350427;1;0.159287089950341;0.115384615384617;0.412465975488853;0;0.115387780091132;0;4
"1";12;"B1 CHFU";2;1;1;1.05555555555556;0.0555555555555556;1;0.0751289148406082;0.0384615384615389;1;0;0.0384634696303099;0;2
"1";13;"B2 CHFU";4;2;2;1.48717948717949;0.487179487179487;1;0.197560699412435;0.192307692307692;0.168880515999639;0;0.192307296222151;0;4
"1";14;"B2 LEMA";0;0;0;0;0;0;0.027906692618386;1.04596612260316e-17;0;0;0;0;0
"1";15;"B2 PUPA";0;0;0;0;0;0;0.027906692618386;1.04596612260316e-17;0;0;0;0;0
"1";16;"B3 CHFU";2;1;1;1.33333333333333;0.333333333333333;1;0.0817940025805822;0.0384615384615399;0.0280824989599531;0;0.0384631054375075;0;2
"1";17;"B3 LEMA";0;0;0;0;0;0;0.027906692618386;1.04596612260316e-17;0;0;0;0;0
"1";18;"B3 PUPA";0;0;0;0;0;0;0.027906692618386;1.04596612260316e-17;0;0;0;0;0
"1";19;"B4 CHFU";2;1;1;1.05555555555556;0.0555555555555556;1;0.0751289148406082;0.0384615384615389;1;0;0.0384634696303099;0;2
"1";20;"B4 LEMA";0;0;0;0;0;0;0.027906692618386;1.04596612260316e-17;0;0;0;0;0
"1";21;"B4 PUPA";0;0;0;0;0;0;0.027906692618386;1.04596612260316e-17;0;0;0;0;0
"1";22;"B5 CHFU";6;3;3;1.70512820512821;0.705128205128205;1;0.211424906695529;0.153846153846149;0.0651050580219805;0;0.153850163062017;0;4
"1";23;"B5 LEMA";0;0;0;0;0;0;0.027906692618386;1.04596612260316e-17;0;0;0;0;0
"1";24;"B5 ME";0;0;0;0;0;0;0.027906692618386;1.04596612260316e-17;0;0;0;0;0
"1";25;"B5 PUPA";0;0;0;0;0;0;0.027906692618386;1.04596612260316e-17;0;0;0;0;0
"1";26;"B6 CHFU";2;1;1;1.16666666666667;0.166666666666667;1;0.0802450939812379;0.0384615384615363;0.0219819673047741;0;0.0384632409549048;0;2
"1";27;"B6 LEMA";0;0;0;0;0;0;0.027906692618386;1.04596612260316e-17;0;0;0;0;0
"1";28;"B6 PUPA";0;0;0;0;0;0;0.027906692618386;1.04596612260316e-17;0;0;0;0;0
"1";29;"C1 LEMA";0;0;0;0;0;0;0.027906692618386;1.04596612260316e-17;0;0;0;0;0
"1";30;"C2 CHFU";2;1;1;1.5;0.5;1;0.10626174781585;0.0384615384615393;0.016337629920027;0;0.0384676065799821;0;2
"1";31;"C2 LEMA";0;0;0;0;0;0;0.027906692618386;1.04596612260316e-17;0;0;0;0;0
"1";32;"C2 PUPA";0;0;0;0;0;0;0.027906692618386;1.04596612260316e-17;0;0;0;0;0
"1";33;"C3 CHFU";6;3;3;2.55555555555556;1.55555555555556;1;0.207441873737826;0.115384615384619;0.352562840516823;0;0.115393435285466;0;4
"1";34;"C3 LEMA";0;0;0;0;0;0;0.027906692618386;1.04596612260316e-17;0;0;0;0;0
"1";35;"C3 PUPA";0;0;0;0;0;0;0.027906692618386;1.04596612260316e-17;0;0;0;0;0
"1";36;"C4 CHFU";2;1;1;1.05555555555556;0.0555555555555556;1;0.0751289148406082;0.0384615384615389;1;0;0.0384634696303099;0;2
"1";37;"C4 LEMA";0;0;0;0;0;0;0.027906692618386;1.04596612260316e-17;0;0;0;0;0
"1";38;"C4 PUPA";0;0;0;0;0;0;0.027906692618386;1.04596612260316e-17;0;0;0;0;0
"1";39;"C5 ME";0;0;0;0;0;0;0.027906692618386;1.04596612260316e-17;0;0;0;0;0
"1";40;"C5 PUPA";0;0;0;0;0;0;0.027906692618386;1.04596612260316e-17;0;0;0;0;0
"1";41;"C6 CHFU";4;2;2;1.24786324786325;0.247863247863248;1;0.226483240578291;0.230769230769231;0.341096189588839;0;0.230769494746882;0;4
"1";42;"C6 PUPA";0;0;0;0;0;0;0.027906692618386;1.04596612260316e-17;0;0;0;0;0
"1";43;"D1 CHFU";2;1;1;2;1;1;0.186044617455906;0.1330589893337;0;0;0.133060617519088;0;2
"1";44;"D1 LEMA";0;0;0;0;0;0;0.027906692618386;1.04596612260316e-17;0;0;0;0;0
"1";45;"D2 CHFU";6;3;3;2.55555555555556;1.55555555555556;1;0.233419967636049;0.115384615384617;0.3435451408969;0;0.11539812154569;0;2
"1";46;"D2 LEMA";0;0;0;0;0;0;0.027906692618386;1.04596612260316e-17;0;0;0;0;0
"1";47;"D2 PUPA";0;0;0;0;0;0;0.027906692618386;1.04596612260316e-17;0;0;0;0;0
"1";48;"D3 CHFU";2;1;1;1.16666666666667;0.166666666666667;1;0.0802450939812379;0.0384615384615363;0.0219819673047741;0;0.0384632409549048;0;2
"1";49;"D3 LEMA";0;0;0;0;0;0;0.027906692618386;1.04596612260316e-17;0;0;0;0;0
"1";50;"D3 PUPA";0;0;0;0;0;0;0.027906692618386;1.04596612260316e-17;0;0;0;0;0
"1";51;"D4 LEMA";0;0;0;0;0;0;0.027906692618386;1.04596612260316e-17;0;0;0;0;0
"1";52;"D4 PUPA";0;0;0;0;0;0;0.027906692618386;1.04596612260316e-17;0;0;0;0;0
"1";53;"D5 CHFU";8;4;4;2.26068376068376;1.26068376068376;1;0.221460100780015;0.153846153846151;0.310245331565101;0;0.15385174614405;0;4
"1";54;"D5 LEMA";0;0;0;0;0;0;0.027906692618386;1.04596612260316e-17;0;0;0;0;0
"1";55;"D5 PUPA";0;0;0;0;0;0;0.027906692618386;1.04596612260316e-17;0;0;0;0;0
"1";56;"D6 CHFU";2;1;1;1.33333333333333;0.333333333333333;1;0.0764772388222888;0.0384615384615379;0.00714086997176637;0;0.0384624761288928;0;2
"1";57;"D6 LEMA";0;0;0;0;0;0;0.027906692618386;1.04596612260316e-17;0;0;0;0;0
"1";58;"D6 PUPA";0;0;0;0;0;0;0.027906692618386;1.04596612260316e-17;0;0;0;0;0
"1";59;"E1 CHFU";2;1;1;1.15384615384615;0.153846153846154;1;0.148990153208532;0.153846153846154;0.209315427506607;0;0.153844820093258;0;2
"1";60;"E1 LEMA";0;0;0;0;0;0;0.027906692618386;1.04596612260316e-17;0;0;0;0;0
"1";61;"E1 PUPA";0;0;0;0;0;0;0.027906692618386;1.04596612260316e-17;0;0;0;0;0
"1";62;"E2 CHFU";2;1;1;2;1;1;0.186044617455906;0.133061234310389;0;0;0.133060617519088;0;2
"1";63;"E2 LEMA";0;0;0;0;0;0;0.027906692618386;1.04596612260316e-17;0;0;0;0;0
"1";64;"E2 ME";0;0;0;0;0;0;0.027906692618386;1.04596612260316e-17;0;0;0;0;0
"1";65;"E2 PUPA";0;0;0;0;0;0;0.027906692618386;1.04596612260316e-17;0;0;0;0;0
"1";66;"E3 CHFU";2;1;1;1.05555555555556;0.0555555555555556;1;0.0751289148406082;0.0384615384615389;1;0;0.0384634696303099;0;2
"1";67;"E3 LEMA";0;0;0;0;0;0;0.027906692618386;1.04596612260316e-17;0;0;0;0;0
"1";68;"E3 PUPA";0;0;0;0;0;0;0.027906692618386;1.04596612260316e-17;0;0;0;0;0
"1";69;"E4 CHFU";4;2;2;1.61111111111111;0.611111111111111;1;0.180984489309227;0.115384615384618;0.68100514223862;0;0.115391421635878;0;4
"1";70;"E4 LEMA";0;0;0;0;0;0;0.027906692618386;1.04596612260316e-17;0;0;0;0;0
"1";71;"E5 CHFU";4;2;2;2.05555555555556;1.05555555555556;1;0.154754760964753;0.0769230769230791;0.516109739050459;0;0.0769293924856825;0;2
"1";72;"E5 LEMA";0;0;0;0;0;0;0.027906692618386;1.04596612260316e-17;0;0;0;0;0
"1";73;"E5 PUPA";0;0;0;0;0;0;0.027906692618386;1.04596612260316e-17;0;0;0;0;0
"1";74;"E6 LEMA";0;0;0;0;0;0;0.027906692618386;1.04596612260316e-17;0;0;0;0;0
"1";75;"E6 ME";0;0;0;0;0;0;0.027906692618386;1.04596612260316e-17;0;0;0;0;0
"1";76;"E6 PUPA";0;0;0;0;0;0;0.027906692618386;1.04596612260316e-17;0;0;0;0;0
"1";77;"F1 LEMA";0;0;0;0;0;0;0.027906692618386;1.04596612260316e-17;0;0;0;0;0
"1";78;"F1 PUPA";0;0;0;0;0;0;0.027906692618386;1.04596612260316e-17;0;0;0;0;0
"1";79;"F2 LEMA";0;0;0;0;0;0;0.027906692618386;1.04596612260316e-17;0;0;0;0;0
"1";80;"F2 PUPA";0;0;0;0;0;0;0.027906692618386;1.04596612260316e-17;0;0;0;0;0
"1";81;"F3 CHFU";2;1;1;1.16666666666667;0.166666666666667;1;0.0802450939812379;0.0384615384615363;0.0219819673047741;0;0.0384632409549048;0;2
"1";82;"F3 LEMA";0;0;0;0;0;0;0.027906692618386;1.04596612260316e-17;0;0;0;0;0
"1";83;"F3 PUPA";0;0;0;0;0;0;0.027906692618386;1.04596612260316e-17;0;0;0;0;0
"1";84;"F4 CHFU";2;1;1;1.05555555555556;0.0555555555555556;1;0.0751289148406082;0.0384615384615389;1;0;0.0384634696303099;0;2
"1";85;"F4 LEMA";0;0;0;0;0;0;0.027906692618386;1.04596612260316e-17;0;0;0;0;0
"1";86;"F4 PUPA";0;0;0;0;0;0;0.027906692618386;1.04596612260316e-17;0;0;0;0;0
"1";87;"F5 ME";0;0;0;0;0;0;0.027906692618386;1.04596612260316e-17;0;0;0;0;0
"1";88;"F5 PUPA";0;0;0;0;0;0;0.027906692618386;1.04596612260316e-17;0;0;0;0;0
"1";89;"F6 CHFU";2;1;1;1.11111111111111;0.111111111111111;1;0.12235113706283;0.0769230769230778;1;0;0.0769269392606197;0;2
"1";90;"F6 LEMA";0;0;0;0;0;0;0.027906692618386;1.04596612260316e-17;0;0;0;0;0
"1";91;"Andrena_cinerea";4;2;2;1.66666666666667;0.666666666666667;1;0.137960828815051;0.0769230769230794;4.022206070459e-17;0.043015426715859;0.0769284034283749;0;4
"1";92;"Bombyliidae";0;0;0;0;0;0;0.027906692618386;1.04596612260316e-17;0;0;0;0;0
"1";93;"Bruchidae";2;1;1;1.33333333333333;0.333333333333333;1;0.0940423501152664;0.038461538461539;0;0.0142977927706732;0.0384660993902165;0;2
"1";94;"Calliphoridae";2;1;1;1.25;0.25;1;0.0749669640341391;0.0384615384615375;0;0.00968393144902133;0.0384628845581908;0;2
"1";95;"Cantharidae";0;0;0;0;0;0;0.027906692618386;1.04596612260316e-17;0;0;0;0;0
"1";96;"Dilophus_sp.";30;15;15;10.75;9.75;1;1;0.692307692307701;0;1;0.692348046219865;0;4
"1";97;"Diptera";20;10;10;6.8;5.8;1;0.925932345689353;1;3.2177648563672e-16;0.209315427506607;1;0;4
"1";98;"Empididae";10;5;5;4.75;3.75;1;0.369447539031896;0.230769230769219;8.04441214091801e-17;0.0219819673047743;0.230780422927483;0;4
"1";99;"Episyrphus_balteatus";2;1;1;2;1;1;0.186044617455906;0.1330589893337;0;0;0.133060617519088;0;2
"1";100;"Eristalis_sp.";0;0;0;0;0;0;0.027906692618386;1.04596612260316e-17;0;0;0;0;0
"1";101;"Eucera_sp.";0;0;0;0;0;0;0.027906692618386;1.04596612260316e-17;0;0;0;0;0
"1";102;"Eupeodes_corollae";6;3;3;2.45;1.45;1;0.171425457190245;0.115384615384614;0;0.00714086997176631;0.11538725165302;0;4
"1";103;"Lasiocampa_trifolii";0;0;0;0;0;0;0.027906692618386;1.04596612260316e-17;0;0;0;0;0
"1";104;"Lomatia_sp.";4;2;2;2.33333333333333;1.33333333333333;1;0.184364835758739;0.0769230769230783;0;0.016337629920027;0.076934651900308;0;2
"1";105;"Malachius_bipustulatus";0;0;0;0;0;0;0.027906692618386;1.04596612260316e-17;0;0;0;0;0
"1";106;"Meligethes_sp.";0;0;0;0;0;0;0.027906692618386;1.04596612260316e-17;0;0;0;0;0
"1";107;"Mordellidae";0;0;0;0;0;0;0.027906692618386;1.04596612260316e-17;0;0;0;0;0
"1";108;"Musca_sp.";2;1;1;1.5;0.5;1;0.0936774660284062;0.0384615384615398;0;0.0322194781009182;0.0384649768989664;0;2
"1";109;"Nemotelus_sp.";0;0;0;0;0;0;0.027906692618386;1.04596612260316e-17;0;0;0;0;0
"1";110;"Odontomyia_sp.";2;1;1;1.33333333333333;0.333333333333333;1;0.0866818901774367;0.0384615384615401;0;0.0146730948346093;0.0384645373190961;0;2
"1";111;"Oedemeridae";0;0;0;0;0;0;0.027906692618386;1.04596612260316e-17;0;0;0;0;0
"1";112;"Psilothrix_viridicoerulea";0;0;0;0;0;0;0.027906692618386;1.04596612260316e-17;0;0;0;0;0
"1";113;"Scaeva_sp.";6;3;3;2.83333333333333;1.83333333333333;1;0.190190505748928;0.115384615384619;0;0.0280824989599532;0.115389139597743;0;4
"1";114;"Sphaerophoria_scripta";2;1;1;2;1;1;0.186044617455906;0.133061234310389;0;0;0.133060617519088;0;2
"1";115;"Thymelicus_sp.";0;0;0;0;0;0;0.027906692618386;1.04596612260316e-17;0;0;0;0;0
"2";1;"A1 LEMA";6;3;3;1.29015151515152;0.290151515151515;1;0.111216103626026;0.1;0.318410857454761;8.47157614620308e-17;0.0999996102551595;0;6
"2";2;"A2 CHFU";0;0;0;0;0;0;0.0209451729471839;0;3.33366356969608e-17;1.41192935770051e-17;0;0;0
"2";3;"A2 LEMA";4;2;2;1.19166666666667;0.191666666666667;1;0.0885750426767464;0.075;0.424151509219361;5.64771743080205e-17;0.074999802474444;0;4
"2";4;"A2 PUPA";0;0;0;0;0;0;0.0209451729471839;0;3.33366356969608e-17;1.41192935770051e-17;0;0;0
"2";5;"A3 CHFU";0;0;0;0;0;0;0.0209451729471839;0;3.33366356969608e-17;1.41192935770051e-17;0;0;0
"2";6;"A3 LEMA";6;3;3;2.13888888888889;1.13888888888889;1;0.109980909359966;0.075;0.0768170996214474;8.47157614620308e-17;0.0750014581378169;0;4
"2";7;"A4 CHFU";0;0;0;0;0;0;0.0209451729471839;0;3.33366356969608e-17;1.41192935770051e-17;0;0;0
"2";8;"A4 LEMA";4;2;2;1.16785714285714;0.167857142857143;1;0.064494657440343;0.05;0.525044258325301;5.64771743080205e-17;0.049999605293927;0;4
"2";9;"A5 CHFU";0;0;0;0;0;0;0.0209451729471839;0;3.33366356969608e-17;1.41192935770051e-17;0;0;0
"2";10;"A5 LEMA";4;2;2;1.21666666666667;0.216666666666667;1;0.109825042676746;0.0999999999999999;0.568113631914521;7.05964678850257e-17;0.0999995832671429;0;4
"2";11;"A6 CHFU";0;0;0;0;0;0;0.0209451729471839;0;3.33366356969608e-17;1.41192935770051e-17;0;0;0
"2";12;"B1 CHFU";0;0;0;0;0;0;0.0209451729471839;0;3.33366356969608e-17;1.41192935770051e-17;0;0;0
"2";13;"B2 CHFU";0;0;0;0;0;0;0.0209451729471839;0;3.33366356969608e-17;1.41192935770051e-17;0;0;0
"2";14;"B2 LEMA";6;3;3;1.32070707070707;0.320707070707071;1;0.111521439164728;0.1;0.0913209419705582;7.05964678850257e-17;0.0999996484475176;0;6
"2";15;"B2 PUPA";0;0;0;0;0;0;0.0209451729471839;0;3.33366356969608e-17;1.41192935770051e-17;0;0;0
"2";16;"B3 CHFU";0;0;0;0;0;0;0.0209451729471839;0;3.33366356969608e-17;1.41192935770051e-17;0;0;0
"2";17;"B3 LEMA";8;4;4;1.38932178932179;0.389321789321789;1;0.17863193779668;0.175;0.597759976339416;1.12954348616041e-16;0.174999407407765;0;6
"2";18;"B3 PUPA";0;0;0;0;0;0;0.0209451729471839;0;3.33366356969608e-17;1.41192935770051e-17;0;0;0
"2";19;"B4 CHFU";0;0;0;0;0;0;0.0209451729471839;0;3.33366356969608e-17;1.41192935770051e-17;0;0;0
"2";20;"B4 LEMA";4;2;2;1.30952380952381;0.30952380952381;1;0.107910664056451;0.1;0.0812523827100418;5.64771743080205e-17;0.0999992814563994;0;4
"2";21;"B4 PUPA";0;0;0;0;0;0;0.0209451729471839;0;3.33366356969608e-17;1.41192935770051e-17;0;0;0
"2";22;"B5 CHFU";0;0;0;0;0;0;0.0209451729471839;0;3.33366356969608e-17;1.41192935770051e-17;0;0;0
"2";23;"B5 LEMA";12;6;6;3.11829004329004;2.11829004329004;1;0.280355895412394;0.275;0.314549280603488;1.41192935770051e-16;0.274999290642585;0;6
"2";24;"B5 ME";0;0;0;0;0;0;0.0209451729471839;0;3.33366356969608e-17;1.41192935770051e-17;0;0;0
"2";25;"B5 PUPA";0;0;0;0;0;0;0.0209451729471839;0;3.33366356969608e-17;1.41192935770051e-17;0;0;0
"2";26;"B6 CHFU";0;0;0;0;0;0;0.0209451729471839;0;3.33366356969608e-17;1.41192935770051e-17;0;0;0
"2";27;"B6 LEMA";2;1;1;1.025;0.025;1;0.0421951729471839;0.025;1;2.82385871540103e-17;0.0249997807926989;0;2
"2";28;"B6 PUPA";0;0;0;0;0;0;0.0209451729471839;0;3.33366356969608e-17;1.41192935770051e-17;0;0;0
"2";29;"C1 LEMA";2;1;1;1.09090909090909;0.0909090909090909;1;0.0438606708542143;0.025;0.0687080829950019;4.23578807310154e-17;0.024999909310794;0;2
"2";30;"C2 CHFU";0;0;0;0;0;0;0.0209451729471839;0;3.33366356969608e-17;1.41192935770051e-17;0;0;0
"2";31;"C2 LEMA";10;5;5;1.47265512265512;0.472655122655123;1;0.195905425750857;0.2;0.54333302519223;8.47157614620308e-17;0.199998686808747;0;6
"2";32;"C2 PUPA";0;0;0;0;0;0;0.0209451729471839;0;3.33366356969608e-17;1.41192935770051e-17;0;0;0
"2";33;"C3 CHFU";0;0;0;0;0;0;0.0209451729471839;0;3.33366356969608e-17;1.41192935770051e-17;0;0;0
"2";34;"C3 LEMA";2;1;1;1.15;0.15;1;0.148445172947184;0.15;1;2.11789403655077e-17;0.149998684756194;0;2
"2";35;"C3 PUPA";0;0;0;0;0;0;0.0209451729471839;0;3.33366356969608e-17;1.41192935770051e-17;0;0;0
"2";36;"C4 CHFU";0;0;0;0;0;0;0.0209451729471839;0;3.33366356969608e-17;1.41192935770051e-17;0;0;0
"2";37;"C4 LEMA";8;4;4;1.4754329004329;0.4754329004329;1;0.194576161963481;0.2;0.424214701729396;1.41192935770051e-16;0.19999853314529;0;6
"2";38;"C4 PUPA";0;0;0;0;0;0;0.0209451729471839;0;3.33366356969608e-17;1.41192935770051e-17;0;0;0
"2";39;"C5 ME";0;0;0;0;0;0;0.0209451729471839;0;3.33366356969608e-17;1.41192935770051e-17;0;0;0
"2";40;"C5 PUPA";0;0;0;0;0;0;0.0209451729471839;0;3.33366356969608e-17;1.41192935770051e-17;0;0;0
"2";41;"C6 CHFU";0;0;0;0;0;0;0.0209451729471839;0;3.33366356969608e-17;1.41192935770051e-17;0;0;0
"2";42;"C6 PUPA";0;0;0;0;0;0;0.0209451729471839;0;3.33366356969608e-17;1.41192935770051e-17;0;0;0
"2";43;"D1 CHFU";0;0;0;0;0;0;0.0209451729471839;0;3.33366356969608e-17;1.41192935770051e-17;0;0;0
"2";44;"D1 LEMA";6;3;3;1.27896825396825;0.278968253968254;1;0.113521775428353;0.1;0.301813022361024;8.47157614620308e-17;0.0999999747039315;0;4
"2";45;"D2 CHFU";0;0;0;0;0;0;0.0209451729471839;0;3.33366356969608e-17;1.41192935770051e-17;0;0;0
"2";46;"D2 LEMA";6;3;3;2.59523809523809;1.5952380952381;1;0.193018930053787;0.15;0.0575561167176776;8.47157614620308e-17;0.150003151785188;0;4
"2";47;"D2 PUPA";0;0;0;0;0;0;0.0209451729471839;0;3.33366356969608e-17;1.41192935770051e-17;0;0;0
"2";48;"D3 CHFU";0;0;0;0;0;0;0.0209451729471839;0;3.33366356969608e-17;1.41192935770051e-17;0;0;0
"2";49;"D3 LEMA";2;1;1;1.025;0.025;1;0.0421951729471839;0.025;1;2.82385871540103e-17;0.0249997807926989;0;2
"2";50;"D3 PUPA";0;0;0;0;0;0;0.0209451729471839;0;3.33366356969608e-17;1.41192935770051e-17;0;0;0
"2";51;"D4 LEMA";4;2;2;1.10833333333333;0.108333333333333;1;0.0653851078119652;0.05;0.568113631914521;5.64771743080205e-17;0.0499997916335714;0;4
"2";52;"D4 PUPA";0;0;0;0;0;0;0.0209451729471839;0;3.33366356969608e-17;1.41192935770051e-17;0;0;0
"2";53;"D5 CHFU";0;0;0;0;0;0;0.0209451729471839;0;3.33366356969608e-17;1.41192935770051e-17;0;0;0
"2";54;"D5 LEMA";2;1;1;1.14285714285714;0.142857142857143;1;0.0491611043509475;0.025;0.02397141331772;3.52982339425128e-17;0.0250005559411183;0;2
"2";55;"D5 PUPA";0;0;0;0;0;0;0.0209451729471839;0;3.33366356969608e-17;1.41192935770051e-17;0;0;0
"2";56;"D6 CHFU";0;0;0;0;0;0;0.0209451729471839;0;3.33366356969608e-17;1.41192935770051e-17;0;0;0
"2";57;"D6 LEMA";2;1;1;1.025;0.025;1;0.0421951729471839;0.025;1;2.82385871540103e-17;0.0249997807926989;0;2
"2";58;"D6 PUPA";0;0;0;0;0;0;0.0209451729471839;0;3.33366356969608e-17;1.41192935770051e-17;0;0;0
"2";59;"E1 CHFU";0;0;0;0;0;0;0.0209451729471839;0;3.33366356969608e-17;1.41192935770051e-17;0;0;0
"2";60;"E1 LEMA";2;1;1;1.025;0.025;1;0.0421951729471839;0.025;1;2.82385871540103e-17;0.0249997807926989;0;2
"2";61;"E1 PUPA";0;0;0;0;0;0;0.0209451729471839;0;3.33366356969608e-17;1.41192935770051e-17;0;0;0
"2";62;"E2 CHFU";0;0;0;0;0;0;0.0209451729471839;0;3.33366356969608e-17;1.41192935770051e-17;0;0;0
"2";63;"E2 LEMA";6;3;3;2.08055555555556;1.08055555555556;1;0.107425561568816;0.075;0.368005999551664;8.47157614620308e-17;0.0750011130690073;0;4
"2";64;"E2 ME";0;0;0;0;0;0;0.0209451729471839;0;3.33366356969608e-17;1.41192935770051e-17;0;0;0
"2";65;"E2 PUPA";0;0;0;0;0;0;0.0209451729471839;0;3.33366356969608e-17;1.41192935770051e-17;0;0;0
"2";66;"E3 CHFU";0;0;0;0;0;0;0.0209451729471839;0;3.33366356969608e-17;1.41192935770051e-17;0;0;0
"2";67;"E3 LEMA";2;1;1;1.025;0.025;1;0.0421951729471839;0.025;1;2.82385871540103e-17;0.0249997807926989;0;2
"2";68;"E3 PUPA";0;0;0;0;0;0;0.0209451729471839;0;3.33366356969608e-17;1.41192935770051e-17;0;0;0
"2";69;"E4 CHFU";0;0;0;0;0;0;0.0209451729471839;0;3.33366356969608e-17;1.41192935770051e-17;0;0;0
"2";70;"E4 LEMA";4;2;2;1.1984126984127;0.198412698412698;1;0.0647999929790455;0.05;0.0708644273568953;8.47157614620308e-17;0.0499996434862852;0;4
"2";71;"E5 CHFU";0;0;0;0;0;0;0.0209451729471839;0;3.33366356969608e-17;1.41192935770051e-17;0;0;0
"2";72;"E5 LEMA";2;1;1;1.025;0.025;1;0.0421951729471839;0.025;1;2.82385871540103e-17;0.0249997807926989;0;2
"2";73;"E5 PUPA";0;0;0;0;0;0;0.0209451729471839;0;3.33366356969608e-17;1.41192935770051e-17;0;0;0
"2";74;"E6 LEMA";2;1;1;1.14285714285714;0.142857142857143;1;0.0491611043509475;0.025;0.02397141331772;3.52982339425128e-17;0.0250005559411183;0;2
"2";75;"E6 ME";0;0;0;0;0;0;0.0209451729471839;0;3.33366356969608e-17;1.41192935770051e-17;0;0;0
"2";76;"E6 PUPA";0;0;0;0;0;0;0.0209451729471839;0;3.33366356969608e-17;1.41192935770051e-17;0;0;0
"2";77;"F1 LEMA";2;1;1;1.09090909090909;0.0909090909090909;1;0.0438606708542143;0.025;0.0687080829950019;4.23578807310154e-17;0.024999909310794;0;2
"2";78;"F1 PUPA";0;0;0;0;0;0;0.0209451729471839;0;3.33366356969608e-17;1.41192935770051e-17;0;0;0
"2";79;"F2 LEMA";4;2;2;1.10833333333333;0.108333333333333;1;0.0653851078119652;0.05;0.568113631914521;5.64771743080205e-17;0.0499997916335714;0;4
"2";80;"F2 PUPA";0;0;0;0;0;0;0.0209451729471839;0;3.33366356969608e-17;1.41192935770051e-17;0;0;0
"2";81;"F3 CHFU";0;0;0;0;0;0;0.0209451729471839;0;3.33366356969608e-17;1.41192935770051e-17;0;0;0
"2";82;"F3 LEMA";2;1;1;1.05555555555556;0.0555555555555556;1;0.0425005084858865;0.025;0.091640338063188;2.82385871540103e-17;0.0249998189850571;0;2
"2";83;"F3 PUPA";0;0;0;0;0;0;0.0209451729471839;0;3.33366356969608e-17;1.41192935770051e-17;0;0;0
"2";84;"F4 CHFU";0;0;0;0;0;0;0.0209451729471839;0;3.33366356969608e-17;1.41192935770051e-17;0;0;0
"2";85;"F4 LEMA";6;3;3;1.71590909090909;0.715909090909091;1;0.177373237856184;0.175;0.726008381852953;1.12954348616041e-16;0.174998967073316;0;4
"2";86;"F4 PUPA";0;0;0;0;0;0;0.0209451729471839;0;3.33366356969608e-17;1.41192935770051e-17;0;0;0
"2";87;"F5 ME";0;0;0;0;0;0;0.0209451729471839;0;3.33366356969608e-17;1.41192935770051e-17;0;0;0
"2";88;"F5 PUPA";0;0;0;0;0;0;0.0209451729471839;0;3.33366356969608e-17;1.41192935770051e-17;0;0;0
"2";89;"F6 CHFU";0;0;0;0;0;0;0.0209451729471839;0;3.33366356969608e-17;1.41192935770051e-17;0;0;0
"2";90;"F6 LEMA";2;1;1;2;1;1;0.139634486314559;0.123164351735616;6.66732713939217e-17;2.82385871540103e-17;0.123170795628131;0;2
"2";91;"Andrena_cinerea";12;6;6;2.68181818181818;1.68181818181818;1;0.183642813473075;0.175;4.44488475959478e-16;0.0500885166506027;0.174999289793538;0;6
"2";92;"Bombyliidae";0;0;0;0;0;0;0.0209451729471839;0;3.33366356969608e-17;1.41192935770051e-17;0;0;0
"2";93;"Bruchidae";0;0;0;0;0;0;0.0209451729471839;0;3.33366356969608e-17;1.41192935770051e-17;0;0;0
"2";94;"Calliphoridae";0;0;0;0;0;0;0.0209451729471839;0;3.33366356969608e-17;1.41192935770051e-17;0;0;0
"2";95;"Cantharidae";0;0;0;0;0;0;0.0209451729471839;0;3.33366356969608e-17;1.41192935770051e-17;0;0;0
"2";96;"Dilophus_sp.";22;11;11;5.58225108225108;4.58225108225108;1;0.456465929054878;0.45;1.77795390383791e-16;0.091640338063188;0.450000010023172;0;6
"2";97;"Diptera";2;1;1;1.33333333333333;0.333333333333333;1;0.0513824153916818;0.025;6.66732713939217e-17;0.0123776605918022;0.0250005315886109;0;2
"2";98;"Empididae";0;0;0;0;0;0;0.0209451729471839;0;3.33366356969608e-17;1.41192935770051e-17;0;0;0
"2";99;"Episyrphus_balteatus";0;0;0;0;0;0;0.0209451729471839;0;3.33366356969608e-17;1.41192935770051e-17;0;0;0
"2";100;"Eristalis_sp.";0;0;0;0;0;0;0.0209451729471839;0;3.33366356969608e-17;1.41192935770051e-17;0;0;0
"2";101;"Eucera_sp.";0;0;0;0;0;0;0.0209451729471839;0;3.33366356969608e-17;1.41192935770051e-17;0;0;0
"2";102;"Eupeodes_corollae";0;0;0;0;0;0;0.0209451729471839;0;3.33366356969608e-17;1.41192935770051e-17;0;0;0
"2";103;"Lasiocampa_trifolii";0;0;0;0;0;0;0.0209451729471839;0;3.33366356969608e-17;1.41192935770051e-17;0;0;0
"2";104;"Lomatia_sp.";0;0;0;0;0;0;0.0209451729471839;0;3.33366356969608e-17;1.41192935770051e-17;0;0;0
"2";105;"Malachius_bipustulatus";4;2;2;1.23376623376623;0.233766233766234;1;0.0641472164752238;0.0499999999999999;1.33346542787843e-16;0.0133505899756725;0.049999575885858;0;4
"2";106;"Meligethes_sp.";18;9;9;4.62662337662338;3.62662337662338;1;0.296553502326275;0.275;5.33386171151373e-16;0.0687080829950018;0.275000520715985;0;6
"2";107;"Mordellidae";2;1;1;1.09090909090909;0.0909090909090909;1;0.0426090375926871;0.025;1.55570966585817e-16;0.00288536617692164;0.0249997974870577;0;2
"2";108;"Musca_sp.";2;1;1;1.33333333333333;0.333333333333333;1;0.0521064305991742;0.025;6.66732713939217e-17;0.0025836969721127;0.0250006466103973;0;2
"2";109;"Nemotelus_sp.";2;1;1;2;1;1;0.139634486314559;0.123164351735616;6.66732713939217e-17;2.82385871540103e-17;0.123170795628131;0;2
"2";110;"Odontomyia_sp.";2;1;1;1.16666666666667;0.166666666666667;1;0.0482895213714704;0.025;1.33346542787843e-16;0.000967932694822235;0.0250004805769378;0;2
"2";111;"Oedemeridae";10;5;5;3.89285714285714;2.89285714285714;1;0.232366493913348;0.175;3.55590780767582e-16;0.0239714133177199;0.175004409923971;0;4
"2";112;"Psilothrix_viridicoerulea";40;20;20;13.6001082251082;12.6001082251082;1;1;1;1.06677234230275e-15;1;1;0;6
"2";113;"Scaeva_sp.";0;0;0;0;0;0;0.0209451729471839;0;3.33366356969608e-17;1.41192935770051e-17;0;0;0
"2";114;"Sphaerophoria_scripta";18;9;9;4.45833333333333;3.45833333333333;1;0.327387315738088;0.3;5.33386171151373e-16;0.136227263829041;0.300001898401498;0;6
"2";115;"Thymelicus_sp.";0;0;0;0;0;0;0.0209451729471839;0;3.33366356969608e-17;1.41192935770051e-17;0;0;0
"3";1;"A1 LEMA";0;0;0;0;0;0;0.102777777777778;2.48462129172405e-17;0;4.16333634234434e-17;0;0;0
"3";2;"A2 CHFU";0;0;0;0;0;0;0.102777777777778;2.48462129172405e-17;0;4.16333634234434e-17;0;0;0
"3";3;"A2 LEMA";0;0;0;0;0;0;0.102777777777778;2.48462129172405e-17;0;4.16333634234434e-17;0;0;0
"3";4;"A2 PUPA";0;0;0;0;0;0;0.102777777777778;2.48462129172405e-17;0;4.16333634234434e-17;0;0;0
"3";5;"A3 CHFU";0;0;0;0;0;0;0.102777777777778;2.48462129172405e-17;0;4.16333634234434e-17;0;0;0
"3";6;"A3 LEMA";0;0;0;0;0;0;0.102777777777778;2.48462129172405e-17;0;4.16333634234434e-17;0;0;0
"3";7;"A4 CHFU";0;0;0;0;0;0;0.102777777777778;2.48462129172405e-17;0;4.16333634234434e-17;0;0;0
"3";8;"A4 LEMA";0;0;0;0;0;0;0.102777777777778;2.48462129172405e-17;0;4.16333634234434e-17;0;0;0
"3";9;"A5 CHFU";0;0;0;0;0;0;0.102777777777778;2.48462129172405e-17;0;4.16333634234434e-17;0;0;0
"3";10;"A5 LEMA";0;0;0;0;0;0;0.102777777777778;2.48462129172405e-17;0;4.16333634234434e-17;0;0;0
"3";11;"A6 CHFU";0;0;0;0;0;0;0.102777777777778;2.48462129172405e-17;0;4.16333634234434e-17;0;0;0
"3";12;"B1 CHFU";0;0;0;0;0;0;0.102777777777778;2.48462129172405e-17;0;4.16333634234434e-17;0;0;0
"3";13;"B2 CHFU";0;0;0;0;0;0;0.102777777777778;2.48462129172405e-17;0;4.16333634234434e-17;0;0;0
"3";14;"B2 LEMA";0;0;0;0;0;0;0.102777777777778;2.48462129172405e-17;0;4.16333634234434e-17;0;0;0
"3";15;"B2 PUPA";0;0;0;0;0;0;0.102777777777778;2.48462129172405e-17;0;4.16333634234434e-17;0;0;0
"3";16;"B3 CHFU";0;0;0;0;0;0;0.102777777777778;2.48462129172405e-17;0;4.16333634234434e-17;0;0;0
"3";17;"B3 LEMA";0;0;0;0;0;0;0.102777777777778;2.48462129172405e-17;0;4.16333634234434e-17;0;0;0
"3";18;"B3 PUPA";0;0;0;0;0;0;0.102777777777778;2.48462129172405e-17;0;4.16333634234434e-17;0;0;0
"3";19;"B4 CHFU";0;0;0;0;0;0;0.102777777777778;2.48462129172405e-17;0;4.16333634234434e-17;0;0;0
"3";20;"B4 LEMA";0;0;0;0;0;0;0.102777777777778;2.48462129172405e-17;0;4.16333634234434e-17;0;0;0
"3";21;"B4 PUPA";0;0;0;0;0;0;0.102777777777778;2.48462129172405e-17;0;4.16333634234434e-17;0;0;0
"3";22;"B5 CHFU";0;0;0;0;0;0;0.102777777777778;2.48462129172405e-17;0;4.16333634234434e-17;0;0;0
"3";23;"B5 LEMA";0;0;0;0;0;0;0.102777777777778;2.48462129172405e-17;0;4.16333634234434e-17;0;0;0
"3";24;"B5 ME";4;2;2;3;2;1;1;1;0;1;1;0;2
"3";25;"B5 PUPA";0;0;0;0;0;0;0.102777777777778;2.48462129172405e-17;0;4.16333634234434e-17;0;0;0
"3";26;"B6 CHFU";0;0;0;0;0;0;0.102777777777778;2.48462129172405e-17;0;4.16333634234434e-17;0;0;0
"3";27;"B6 LEMA";0;0;0;0;0;0;0.102777777777778;2.48462129172405e-17;0;4.16333634234434e-17;0;0;0
"3";28;"B6 PUPA";0;0;0;0;0;0;0.102777777777778;2.48462129172405e-17;0;4.16333634234434e-17;0;0;0
"3";29;"C1 LEMA";0;0;0;0;0;0;0.102777777777778;2.48462129172405e-17;0;4.16333634234434e-17;0;0;0
"3";30;"C2 CHFU";0;0;0;0;0;0;0.102777777777778;2.48462129172405e-17;0;4.16333634234434e-17;0;0;0
"3";31;"C2 LEMA";0;0;0;0;0;0;0.102777777777778;2.48462129172405e-17;0;4.16333634234434e-17;0;0;0
"3";32;"C2 PUPA";0;0;0;0;0;0;0.102777777777778;2.48462129172405e-17;0;4.16333634234434e-17;0;0;0
"3";33;"C3 CHFU";0;0;0;0;0;0;0.102777777777778;2.48462129172405e-17;0;4.16333634234434e-17;0;0;0
"3";34;"C3 LEMA";0;0;0;0;0;0;0.102777777777778;2.48462129172405e-17;0;4.16333634234434e-17;0;0;0
"3";35;"C3 PUPA";0;0;0;0;0;0;0.102777777777778;2.48462129172405e-17;0;4.16333634234434e-17;0;0;0
"3";36;"C4 CHFU";0;0;0;0;0;0;0.102777777777778;2.48462129172405e-17;0;4.16333634234434e-17;0;0;0
"3";37;"C4 LEMA";0;0;0;0;0;0;0.102777777777778;2.48462129172405e-17;0;4.16333634234434e-17;0;0;0
"3";38;"C4 PUPA";0;0;0;0;0;0;0.102777777777778;2.48462129172405e-17;0;4.16333634234434e-17;0;0;0
"3";39;"C5 ME";2;1;1;2;1;1;0.685185185185185;0;1.57009245868378e-16;1.94289029309402e-16;0.66666555555229;0;2
"3";40;"C5 PUPA";0;0;0;0;0;0;0.102777777777778;2.48462129172405e-17;0;4.16333634234434e-17;0;0;0
"3";41;"C6 CHFU";0;0;0;0;0;0;0.102777777777778;2.48462129172405e-17;0;4.16333634234434e-17;0;0;0
"3";42;"C6 PUPA";0;0;0;0;0;0;0.102777777777778;2.48462129172405e-17;0;4.16333634234434e-17;0;0;0
"3";43;"D1 CHFU";0;0;0;0;0;0;0.102777777777778;2.48462129172405e-17;0;4.16333634234434e-17;0;0;0
"3";44;"D1 LEMA";0;0;0;0;0;0;0.102777777777778;2.48462129172405e-17;0;4.16333634234434e-17;0;0;0
"3";45;"D2 CHFU";0;0;0;0;0;0;0.102777777777778;2.48462129172405e-17;0;4.16333634234434e-17;0;0;0
"3";46;"D2 LEMA";0;0;0;0;0;0;0.102777777777778;2.48462129172405e-17;0;4.16333634234434e-17;0;0;0
"3";47;"D2 PUPA";0;0;0;0;0;0;0.102777777777778;2.48462129172405e-17;0;4.16333634234434e-17;0;0;0
"3";48;"D3 CHFU";0;0;0;0;0;0;0.102777777777778;2.48462129172405e-17;0;4.16333634234434e-17;0;0;0
"3";49;"D3 LEMA";0;0;0;0;0;0;0.102777777777778;2.48462129172405e-17;0;4.16333634234434e-17;0;0;0
"3";50;"D3 PUPA";0;0;0;0;0;0;0.102777777777778;2.48462129172405e-17;0;4.16333634234434e-17;0;0;0
"3";51;"D4 LEMA";0;0;0;0;0;0;0.102777777777778;2.48462129172405e-17;0;4.16333634234434e-17;0;0;0
"3";52;"D4 PUPA";0;0;0;0;0;0;0.102777777777778;2.48462129172405e-17;0;4.16333634234434e-17;0;0;0
"3";53;"D5 CHFU";0;0;0;0;0;0;0.102777777777778;2.48462129172405e-17;0;4.16333634234434e-17;0;0;0
"3";54;"D5 LEMA";0;0;0;0;0;0;0.102777777777778;2.48462129172405e-17;0;4.16333634234434e-17;0;0;0
"3";55;"D5 PUPA";0;0;0;0;0;0;0.102777777777778;2.48462129172405e-17;0;4.16333634234434e-17;0;0;0
"3";56;"D6 CHFU";0;0;0;0;0;0;0.102777777777778;2.48462129172405e-17;0;4.16333634234434e-17;0;0;0
"3";57;"D6 LEMA";0;0;0;0;0;0;0.102777777777778;2.48462129172405e-17;0;4.16333634234434e-17;0;0;0
"3";58;"D6 PUPA";0;0;0;0;0;0;0.102777777777778;2.48462129172405e-17;0;4.16333634234434e-17;0;0;0
"3";59;"E1 CHFU";0;0;0;0;0;0;0.102777777777778;2.48462129172405e-17;0;4.16333634234434e-17;0;0;0
"3";60;"E1 LEMA";0;0;0;0;0;0;0.102777777777778;2.48462129172405e-17;0;4.16333634234434e-17;0;0;0
"3";61;"E1 PUPA";0;0;0;0;0;0;0.102777777777778;2.48462129172405e-17;0;4.16333634234434e-17;0;0;0
"3";62;"E2 CHFU";0;0;0;0;0;0;0.102777777777778;2.48462129172405e-17;0;4.16333634234434e-17;0;0;0
"3";63;"E2 LEMA";0;0;0;0;0;0;0.102777777777778;2.48462129172405e-17;0;4.16333634234434e-17;0;0;0
"3";64;"E2 ME";4;2;2;2;1;1;0.818981481481482;0;1.17756934401283e-15;5.55111512312578e-17;0.833331111104095;0;2
"3";65;"E2 PUPA";0;0;0;0;0;0;0.102777777777778;2.48462129172405e-17;0;4.16333634234434e-17;0;0;0
"3";66;"E3 CHFU";0;0;0;0;0;0;0.102777777777778;2.48462129172405e-17;0;4.16333634234434e-17;0;0;0
"3";67;"E3 LEMA";0;0;0;0;0;0;0.102777777777778;2.48462129172405e-17;0;4.16333634234434e-17;0;0;0
"3";68;"E3 PUPA";0;0;0;0;0;0;0.102777777777778;2.48462129172405e-17;0;4.16333634234434e-17;0;0;0
"3";69;"E4 CHFU";0;0;0;0;0;0;0.102777777777778;2.48462129172405e-17;0;4.16333634234434e-17;0;0;0
"3";70;"E4 LEMA";0;0;0;0;0;0;0.102777777777778;2.48462129172405e-17;0;4.16333634234434e-17;0;0;0
"3";71;"E5 CHFU";0;0;0;0;0;0;0.102777777777778;2.48462129172405e-17;0;4.16333634234434e-17;0;0;0
"3";72;"E5 LEMA";0;0;0;0;0;0;0.102777777777778;2.48462129172405e-17;0;4.16333634234434e-17;0;0;0
"3";73;"E5 PUPA";0;0;0;0;0;0;0.102777777777778;2.48462129172405e-17;0;4.16333634234434e-17;0;0;0
"3";74;"E6 LEMA";0;0;0;0;0;0;0.102777777777778;2.48462129172405e-17;0;4.16333634234434e-17;0;0;0
"3";75;"E6 ME";2;1;1;1.5;0.5;1;0.46087962962963;0;1.17756934401283e-15;2.77555756156289e-17;0.416665555552047;0;2
"3";76;"E6 PUPA";0;0;0;0;0;0;0.102777777777778;2.48462129172405e-17;0;4.16333634234434e-17;0;0;0
"3";77;"F1 LEMA";0;0;0;0;0;0;0.102777777777778;2.48462129172405e-17;0;4.16333634234434e-17;0;0;0
"3";78;"F1 PUPA";0;0;0;0;0;0;0.102777777777778;2.48462129172405e-17;0;4.16333634234434e-17;0;0;0
"3";79;"F2 LEMA";0;0;0;0;0;0;0.102777777777778;2.48462129172405e-17;0;4.16333634234434e-17;0;0;0
"3";80;"F2 PUPA";0;0;0;0;0;0;0.102777777777778;2.48462129172405e-17;0;4.16333634234434e-17;0;0;0
"3";81;"F3 CHFU";0;0;0;0;0;0;0.102777777777778;2.48462129172405e-17;0;4.16333634234434e-17;0;0;0
"3";82;"F3 LEMA";0;0;0;0;0;0;0.102777777777778;2.48462129172405e-17;0;4.16333634234434e-17;0;0;0
"3";83;"F3 PUPA";0;0;0;0;0;0;0.102777777777778;2.48462129172405e-17;0;4.16333634234434e-17;0;0;0
"3";84;"F4 CHFU";0;0;0;0;0;0;0.102777777777778;2.48462129172405e-17;0;4.16333634234434e-17;0;0;0
"3";85;"F4 LEMA";0;0;0;0;0;0;0.102777777777778;2.48462129172405e-17;0;4.16333634234434e-17;0;0;0
"3";86;"F4 PUPA";0;0;0;0;0;0;0.102777777777778;2.48462129172405e-17;0;4.16333634234434e-17;0;0;0
"3";87;"F5 ME";2;1;1;1.5;0.5;1;0.46087962962963;0;1.17756934401283e-15;2.77555756156289e-17;0.416665555552048;0;2
"3";88;"F5 PUPA";0;0;0;0;0;0;0.102777777777778;2.48462129172405e-17;0;4.16333634234434e-17;0;0;0
"3";89;"F6 CHFU";0;0;0;0;0;0;0.102777777777778;2.48462129172405e-17;0;4.16333634234434e-17;0;0;0
"3";90;"F6 LEMA";0;0;0;0;0;0;0.102777777777778;2.48462129172405e-17;0;4.16333634234434e-17;0;0;0
"3";91;"Andrena_cinerea";4;2;2;2.5;1.5;1;0.842592592592593;0;0;1.11022302462516e-16;0.833332777776317;0;2
"3";92;"Bombyliidae";0;0;0;0;0;0;0.102777777777778;2.48462129172405e-17;0;4.16333634234434e-17;0;0;0
"3";93;"Bruchidae";0;0;0;0;0;0;0.102777777777778;2.48462129172405e-17;0;4.16333634234434e-17;0;0;0
"3";94;"Calliphoridae";0;0;0;0;0;0;0.102777777777778;2.48462129172405e-17;0;4.16333634234434e-17;0;0;0
"3";95;"Cantharidae";4;2;2;2.5;1.5;1;0.842592592592593;0;0;1.11022302462516e-16;0.833332777776317;0;2
"3";96;"Dilophus_sp.";2;1;1;1.5;0.5;1;0.527777777777778;0.5;1;0;0.499998333327778;0;2
"3";97;"Diptera";0;0;0;0;0;0;0.102777777777778;2.48462129172405e-17;0;4.16333634234434e-17;0;0;0
"3";98;"Empididae";0;0;0;0;0;0;0.102777777777778;2.48462129172405e-17;0;4.16333634234434e-17;0;0;0
"3";99;"Episyrphus_balteatus";0;0;0;0;0;0;0.102777777777778;2.48462129172405e-17;0;4.16333634234434e-17;0;0;0
"3";100;"Eristalis_sp.";0;0;0;0;0;0;0.102777777777778;2.48462129172405e-17;0;4.16333634234434e-17;0;0;0
"3";101;"Eucera_sp.";0;0;0;0;0;0;0.102777777777778;2.48462129172405e-17;0;4.16333634234434e-17;0;0;0
"3";102;"Eupeodes_corollae";0;0;0;0;0;0;0.102777777777778;2.48462129172405e-17;0;4.16333634234434e-17;0;0;0
"3";103;"Lasiocampa_trifolii";0;0;0;0;0;0;0.102777777777778;2.48462129172405e-17;0;4.16333634234434e-17;0;0;0
"3";104;"Lomatia_sp.";0;0;0;0;0;0;0.102777777777778;2.48462129172405e-17;0;4.16333634234434e-17;0;0;0
"3";105;"Malachius_bipustulatus";0;0;0;0;0;0;0.102777777777778;2.48462129172405e-17;0;4.16333634234434e-17;0;0;0
"3";106;"Meligethes_sp.";0;0;0;0;0;0;0.102777777777778;2.48462129172405e-17;0;4.16333634234434e-17;0;0;0
"3";107;"Mordellidae";0;0;0;0;0;0;0.102777777777778;2.48462129172405e-17;0;4.16333634234434e-17;0;0;0
"3";108;"Musca_sp.";2;1;1;2;1;1;0.685185185185185;0;1.57009245868378e-16;1.94289029309402e-16;0.66666555555229;0;2
"3";109;"Nemotelus_sp.";0;0;0;0;0;0;0.102777777777778;2.48462129172405e-17;0;4.16333634234434e-17;0;0;0
"3";110;"Odontomyia_sp.";0;0;0;0;0;0;0.102777777777778;2.48462129172405e-17;0;4.16333634234434e-17;0;0;0
"3";111;"Oedemeridae";0;0;0;0;0;0;0.102777777777778;2.48462129172405e-17;0;4.16333634234434e-17;0;0;0
"3";112;"Psilothrix_viridicoerulea";0;0;0;0;0;0;0.102777777777778;2.48462129172405e-17;0;4.16333634234434e-17;0;0;0
"3";113;"Scaeva_sp.";0;0;0;0;0;0;0.102777777777778;2.48462129172405e-17;0;4.16333634234434e-17;0;0;0
"3";114;"Sphaerophoria_scripta";2;1;1;1.5;0.5;1;0.527777777777778;0.5;1;0;0.499998333327778;0;2
"3";115;"Thymelicus_sp.";0;0;0;0;0;0;0.102777777777778;2.48462129172405e-17;0;4.16333634234434e-17;0;0;0
"4";1;"A1 LEMA";0;0;0;0;0;0;0.023620436876833;0;0;0;0;0;0
"4";2;"A2 CHFU";0;0;0;0;0;0;0.023620436876833;0;0;0;0;0;0
"4";3;"A2 LEMA";0;0;0;0;0;0;0.023620436876833;0;0;0;0;0;0
"4";4;"A2 PUPA";2;1;1;1.33333333333333;0.333333333333333;1;0.0622460559656467;0.024390243902439;0.0191555046332074;0;0.0243920832773097;0;2
"4";5;"A3 CHFU";0;0;0;0;0;0;0.023620436876833;0;0;0;0;0;0
"4";6;"A3 LEMA";0;0;0;0;0;0;0.023620436876833;0;0;0;0;0;0
"4";7;"A4 CHFU";0;0;0;0;0;0;0.023620436876833;0;0;0;0;0;0
"4";8;"A4 LEMA";0;0;0;0;0;0;0.023620436876833;0;0;0;0;0;0
"4";9;"A5 CHFU";0;0;0;0;0;0;0.023620436876833;0;0;0;0;0;0
"4";10;"A5 LEMA";0;0;0;0;0;0;0.023620436876833;0;0;0;0;0;0
"4";11;"A6 CHFU";0;0;0;0;0;0;0.023620436876833;0;0;0;0;0;0
"4";12;"B1 CHFU";0;0;0;0;0;0;0.023620436876833;0;0;0;0;0;0
"4";13;"B2 CHFU";0;0;0;0;0;0;0.023620436876833;0;0;0;0;0;0
"4";14;"B2 LEMA";0;0;0;0;0;0;0.023620436876833;0;0;0;0;0;0
"4";15;"B2 PUPA";6;3;3;1.29166666666667;0.291666666666667;1;0.125560633486721;0.121951219512195;0.109423634981563;0;0.12194989926596;0;6
"4";16;"B3 CHFU";0;0;0;0;0;0;0.023620436876833;0;0;0;0;0;0
"4";17;"B3 LEMA";0;0;0;0;0;0;0.023620436876833;0;0;0;0;0;0
"4";18;"B3 PUPA";6;3;3;1.62872628726287;0.628726287262873;1;0.136936638910633;0.121951219512195;0.647550461927743;0;0.121950851925918;0;4
"4";19;"B4 CHFU";0;0;0;0;0;0;0.023620436876833;0;0;0;0;0;0
"4";20;"B4 LEMA";0;0;0;0;0;0;0.023620436876833;0;0;0;0;0;0
"4";21;"B4 PUPA";6;3;3;1.14244579945799;0.142445799457995;1;0.0860037674737764;0.073170731707317;0.420653608610916;0;0.0731700514550944;0;6
"4";22;"B5 CHFU";0;0;0;0;0;0;0.023620436876833;0;0;0;0;0;0
"4";23;"B5 LEMA";0;0;0;0;0;0;0.023620436876833;0;0;0;0;0;0
"4";24;"B5 ME";0;0;0;0;0;0;0.023620436876833;0;0;0;0;0;0
"4";25;"B5 PUPA";2;1;1;1.02439024390244;0.024390243902439;1;0.0443521441939062;0.024390243902439;1;0;0.0243900350130822;0;2
"4";26;"B6 CHFU";0;0;0;0;0;0;0.023620436876833;0;0;0;0;0;0
"4";27;"B6 LEMA";0;0;0;0;0;0;0.023620436876833;0;0;0;0;0;0
"4";28;"B6 PUPA";2;1;1;1.0625;0.0625;1;0.0457222220865084;0.024390243902439;0.0661869655550309;0;0.024390121117746;0;2
"4";29;"C1 LEMA";0;0;0;0;0;0;0.023620436876833;0;0;0;0;0;0
"4";30;"C2 CHFU";0;0;0;0;0;0;0.023620436876833;0;0;0;0;0;0
"4";31;"C2 LEMA";0;0;0;0;0;0;0.023620436876833;0;0;0;0;0;0
"4";32;"C2 PUPA";4;2;2;1.07994579945799;0.0799457994579946;1;0.0639019822641009;0.0487804878048781;0.597886930138859;0;0.0487799303373485;0;4
"4";33;"C3 CHFU";0;0;0;0;0;0;0.023620436876833;0;0;0;0;0;0
"4";34;"C3 LEMA";0;0;0;0;0;0;0.023620436876833;0;0;0;0;0;0
"4";35;"C3 PUPA";6;3;3;1.47967479674797;0.479674796747967;1;0.26394037717037;0.292682926829268;0.576314763009434;0;0.292679538610594;0;6
"4";36;"C4 CHFU";0;0;0;0;0;0;0.023620436876833;0;0;0;0;0;0
"4";37;"C4 LEMA";0;0;0;0;0;0;0.023620436876833;0;0;0;0;0;0
"4";38;"C4 PUPA";4;2;2;1.07994579945799;0.0799457994579946;1;0.0639019822641009;0.048780487804878;0.597886930138859;0;0.0487799303373485;0;4
"4";39;"C5 ME";0;0;0;0;0;0;0.023620436876833;0;0;0;0;0;0
"4";40;"C5 PUPA";4;2;2;1.48611111111111;0.486111111111111;1;0.195330824275275;0.195121951219512;0.0985836892357025;0;0.195120517355008;0;4
"4";41;"C6 CHFU";0;0;0;0;0;0;0.023620436876833;0;0;0;0;0;0
"4";42;"C6 PUPA";2;1;1;1.02439024390244;0.024390243902439;1;0.0443521441939062;0.024390243902439;1;0;0.0243900350130822;0;2
"4";43;"D1 CHFU";0;0;0;0;0;0;0.023620436876833;0;0;0;0;0;0
"4";44;"D1 LEMA";0;0;0;0;0;0;0.023620436876833;0;0;0;0;0;0
"4";45;"D2 CHFU";0;0;0;0;0;0;0.023620436876833;0;0;0;0;0;0
"4";46;"D2 LEMA";0;0;0;0;0;0;0.023620436876833;0;0;0;0;0;0
"4";47;"D2 PUPA";4;2;2;1.23983739837398;0.239837398373984;1;0.144465073038637;0.146341463414634;0.597886930138859;0;0.146339791012045;0;4
"4";48;"D3 CHFU";0;0;0;0;0;0;0.023620436876833;0;0;0;0;0;0
"4";49;"D3 LEMA";0;0;0;0;0;0;0.023620436876833;0;0;0;0;0;0
"4";50;"D3 PUPA";8;4;4;2.04878048780488;1.04878048780488;1;0.265130031801107;0.292682926829268;0.263722702578986;0;0.292679464424669;0;6
"4";51;"D4 LEMA";0;0;0;0;0;0;0.023620436876833;0;0;0;0;0;0
"4";52;"D4 PUPA";2;1;1;1.07317073170732;0.0731707317073171;1;0.0858155588280525;0.0731707317073171;1;0;0.0731701050392467;0;2
"4";53;"D5 CHFU";0;0;0;0;0;0;0.023620436876833;0;0;0;0;0;0
"4";54;"D5 LEMA";0;0;0;0;0;0;0.023620436876833;0;0;0;0;0;0
"4";55;"D5 PUPA";4;2;2;1.10433604336043;0.104336043360434;1;0.0841772455711505;0.0731707317073171;0.703161730586673;0;0.0731699508792652;0;4
"4";56;"D6 CHFU";0;0;0;0;0;0;0.023620436876833;0;0;0;0;0;0
"4";57;"D6 LEMA";0;0;0;0;0;0;0.023620436876833;0;0;0;0;0;0
"4";58;"D6 PUPA";12;6;6;2.87178184281843;1.87178184281843;1;0.256679346441706;0.24390243902439;0.351468811953212;0;0.243901970705763;0;6
"4";59;"E1 CHFU";0;0;0;0;0;0;0.023620436876833;0;0;0;0;0;0
"4";60;"E1 LEMA";0;0;0;0;0;0;0.023620436876833;0;0;0;0;0;0
"4";61;"E1 PUPA";6;3;3;1.74661246612466;0.746612466124661;1;0.140696776431705;0.097560975609756;0.286949050256608;0;0.0975640824208023;0;4
"4";62;"E2 CHFU";0;0;0;0;0;0;0.023620436876833;0;0;0;0;0;0
"4";63;"E2 LEMA";0;0;0;0;0;0;0.023620436876833;0;0;0;0;0;0
"4";64;"E2 ME";0;0;0;0;0;0;0.023620436876833;0;0;0;0;0;0
"4";65;"E2 PUPA";4;2;2;1.54878048780488;0.548780487804878;1;0.0966550935233652;0.0731707317073171;0.680659483120333;0;0.0731709215885696;0;4
"4";66;"E3 CHFU";0;0;0;0;0;0;0.023620436876833;0;0;0;0;0;0
"4";67;"E3 LEMA";0;0;0;0;0;0;0.023620436876833;0;0;0;0;0;0
"4";68;"E3 PUPA";4;2;2;1.12872628726287;0.128726287262873;1;0.105365396898247;0.097560975609756;0.79894346506943;0;0.097560000363513;0;4
"4";69;"E4 CHFU";0;0;0;0;0;0;0.023620436876833;0;0;0;0;0;0
"4";70;"E4 LEMA";0;0;0;0;0;0;0.023620436876833;0;0;0;0;0;0
"4";71;"E5 CHFU";0;0;0;0;0;0;0.023620436876833;0;0;0;0;0;0
"4";72;"E5 LEMA";0;0;0;0;0;0;0.023620436876833;0;0;0;0;0;0
"4";73;"E5 PUPA";2;1;1;2;1;1;0.157469579178887;0.143559563784782;0;0;0.143553636969086;0;2
"4";74;"E6 LEMA";0;0;0;0;0;0;0.023620436876833;0;0;0;0;0;0
"4";75;"E6 ME";0;0;0;0;0;0;0.023620436876833;0;0;0;0;0;0
"4";76;"E6 PUPA";2;1;1;1.0625;0.0625;1;0.0457222220865084;0.024390243902439;0.0661869655550309;0;0.024390121117746;0;2
"4";77;"F1 LEMA";0;0;0;0;0;0;0.023620436876833;0;0;0;0;0;0
"4";78;"F1 PUPA";2;1;1;1.07317073170732;0.0731707317073171;1;0.0858155588280525;0.0731707317073171;1;0;0.0731701050392467;0;2
"4";79;"F2 LEMA";0;0;0;0;0;0;0.023620436876833;0;0;0;0;0;0
"4";80;"F2 PUPA";4;2;2;2.04878048780488;1.04878048780488;1;0.112177241962179;0.073170731707317;0.675507238426327;0;0.0731722443860226;0;2
"4";81;"F3 CHFU";0;0;0;0;0;0;0.023620436876833;0;0;0;0;0;0
"4";82;"F3 LEMA";0;0;0;0;0;0;0.023620436876833;0;0;0;0;0;0
"4";83;"F3 PUPA";6;3;3;2.16666666666667;1.16666666666667;1;0.123794885629508;0.0975609756097562;0.104455018175371;0;0.0975612848578071;0;4
"4";84;"F4 CHFU";0;0;0;0;0;0;0.023620436876833;0;0;0;0;0;0
"4";85;"F4 LEMA";0;0;0;0;0;0;0.023620436876833;0;0;0;0;0;0
"4";86;"F4 PUPA";4;2;2;1.12872628726287;0.128726287262873;1;0.104908952888224;0.0975609756097561;0.777371297940005;0;0.0975599858923474;0;4
"4";87;"F5 ME";0;0;0;0;0;0;0.023620436876833;0;0;0;0;0;0
"4";88;"F5 PUPA";2;1;1;1.125;0.125;1;0.0678240072961839;0.048780487804878;0.0661869655550309;0;0.0487802422354919;0;2
"4";89;"F6 CHFU";0;0;0;0;0;0;0.023620436876833;0;0;0;0;0;0
"4";90;"F6 LEMA";0;0;0;0;0;0;0.023620436876833;0;0;0;0;0;0
"4";91;"Andrena_cinerea";2;1;1;2;1;1;0.157469579178887;0.143559563784782;0;0;0.143553636969086;0;2
"4";92;"Bombyliidae";36;18;18;12.15;11.15;1;1;1;0;1;1;0;6
"4";93;"Bruchidae";0;0;0;0;0;0;0.023620436876833;0;0;0;0;0;0
"4";94;"Calliphoridae";0;0;0;0;0;0;0.023620436876833;0;0;0;0;0;0
"4";95;"Cantharidae";2;1;1;1.33333333333333;0.333333333333333;1;0.055403988766117;0.024390243902439;0;0.0265217152789802;0.0243909827333161;0;2
"4";96;"Dilophus_sp.";2;1;1;1.25;0.25;1;0.0499268500731034;0.024390243902439;0;0.00307582890373056;0.024390436195332;0;2
"4";97;"Diptera";0;0;0;0;0;0;0.023620436876833;0;0;0;0;0;0
"4";98;"Empididae";0;0;0;0;0;0;0.023620436876833;0;0;0;0;0;0
"4";99;"Episyrphus_balteatus";0;0;0;0;0;0;0.023620436876833;0;0;0;0;0;0
"4";100;"Eristalis_sp.";4;2;2;2.5;1.5;1;0.136325714431107;0.0731707317073171;0;0.0191555046332074;0.0731755460510201;0;2
"4";101;"Eucera_sp.";16;8;8;3.66666666666667;2.66666666666667;1;0.4043306977448;0.439024390243902;0;0.109485191760018;0.439020810027543;0;6
"4";102;"Eupeodes_corollae";0;0;0;0;0;0;0.023620436876833;0;0;0;0;0;0
"4";103;"Lasiocampa_trifolii";24;12;12;4.5;3.5;1;0.413996570898242;0.439024390243902;1.66339131178274e-16;0.195773860277717;0.439021070511127;0;6
"4";104;"Lomatia_sp.";0;0;0;0;0;0;0.023620436876833;0;0;0;0;0;0
"4";105;"Malachius_bipustulatus";0;0;0;0;0;0;0.023620436876833;0;0;0;0;0;0
"4";106;"Meligethes_sp.";2;1;1;1.1;0.1;1;0.045438181324378;0.024390243902439;0;0.00413980275701272;0.0243900967222426;0;2
"4";107;"Mordellidae";0;0;0;0;0;0;0.023620436876833;0;0;0;0;0;0
"4";108;"Musca_sp.";4;2;2;1.53333333333333;0.533333333333333;1;0.0742852753232608;0.048780487804878;4.15847827945684e-17;0.041978449360998;0.0487807553959948;0;4
"4";109;"Nemotelus_sp.";0;0;0;0;0;0;0.023620436876833;0;0;0;0;0;0
"4";110;"Odontomyia_sp.";0;0;0;0;0;0;0.023620436876833;0;0;0;0;0;0
"4";111;"Oedemeridae";0;0;0;0;0;0;0.023620436876833;0;0;0;0;0;0
"4";112;"Psilothrix_viridicoerulea";4;2;2;1.18333333333333;0.183333333333333;1;0.0642182252436231;0.048780487804878;0;0.00672836807227761;0.0487799278194421;0;4
"4";113;"Scaeva_sp.";0;0;0;0;0;0;0.023620436876833;0;0;0;0;0;0
"4";114;"Sphaerophoria_scripta";0;0;0;0;0;0;0.023620436876833;0;0;0;0;0;0
"4";115;"Thymelicus_sp.";14;7;7;5.78333333333333;4.78333333333333;1;0.416033603946832;0.390243902439024;1.66339131178274e-16;0.0661869655550312;0.390244404791613;0;6
"Aggr";1;"A1 LEMA";6;3;3;1.29015151515152;0.290151515151515;1;0.04671299902719;0.0481584522420691;0.180572907773172;0;0.0481581922151095;0;6
"Aggr";2;"A2 CHFU";2;1;1;1.26923076923077;0.269230769230769;1;0.0555271697822793;0.0157080696340507;0.136007857336569;0;0.0157101032574196;0;2
"Aggr";3;"A2 LEMA";4;2;2;1.19166666666667;0.191666666666667;1;0.0428456218397492;0.0717090701118921;0.242333015260503;0;0.0717074048539141;0;4
"Aggr";4;"A2 PUPA";2;1;1;1.33333333333333;0.333333333333333;1;0.0499299258629804;0.000842842106867659;0.000459198840535164;0;0.000843742597766472;0;2
"Aggr";5;"A3 CHFU";4;2;2;1.37179487179487;0.371794871794872;1;0.0488861754047131;0.00415226136181488;0.0760266395945976;0;0.00415349137894241;0;4
"Aggr";6;"A3 LEMA";6;3;3;2.13888888888889;1.13888888888889;1;0.0666415281202436;0.122747873264951;0.385497802563317;0;0.12275220087557;0;4
"Aggr";7;"A4 CHFU";4;2;2;1.09401709401709;0.094017094017094;1;0.0321869520401919;0.0351354266375341;0.568003928668284;0;0.0351354488674919;0;4
"Aggr";8;"A4 LEMA";4;2;2;1.16785714285714;0.167857142857143;1;0.031327966521264;0.0459311701155948;0.311938613510946;0;0.0459300948490932;0;4
"Aggr";9;"A5 CHFU";4;2;2;1.14957264957265;0.14957264957265;1;0.0414599181998356;0.0680268433273467;0.71200261911219;0;0.0680265972696382;0;4
"Aggr";10;"A5 LEMA";4;2;2;1.21666666666667;0.216666666666667;1;0.0487127783572237;0.076175378461443;0.304650545971228;0;0.0761738879524153;0;4
"Aggr";11;"A6 CHFU";6;3;3;1.42735042735043;0.427350427350427;1;0.0581591415643567;0.0370436780516275;0.384017759729732;0;0.0370446397810887;0;4
"Aggr";12;"B1 CHFU";2;1;1;1.05555555555556;0.0555555555555556;1;0.0267514213899034;0.0328914166898126;1;0;0.0328911484021463;0;2
"Aggr";13;"B2 CHFU";4;2;2;1.48717948717949;0.487179487179487;1;0.0634528705387513;0.00936743115256018;0.109424053616227;0;0.00936949901637342;0;4
"Aggr";14;"B2 LEMA";6;3;3;1.32070707070707;0.320707070707071;1;0.0501188086693591;0.0765835605823307;0.307672123247321;0;0.0765828575187545;0;6
"Aggr";15;"B2 PUPA";6;3;3;1.29166666666667;0.291666666666667;1;0.136993675054411;0.0266455581207613;0.0104869643540465;0;0.0266465504469422;0;6
"Aggr";16;"B3 CHFU";2;1;1;1.33333333333333;0.333333333333333;1;0.0434506447544246;0.00190825141409335;0.0160454218526264;0;0.00190919091359675;0;2
"Aggr";17;"B3 LEMA";8;4;4;1.38932178932179;0.389321789321789;1;0.0750639164068021;0.0604344236373724;0.435616455344187;0;0.0604354579093809;0;6
"Aggr";18;"B3 PUPA";6;3;3;1.62872628726287;0.628726287262873;1;0.116769624805935;0.0395442028038165;0.0220759133354369;0;0.0395480388102069;0;4
"Aggr";19;"B4 CHFU";2;1;1;1.05555555555556;0.0555555555555556;1;0.0267514213899034;0.0328914166898126;1;0;0.0328911484021463;0;2
"Aggr";20;"B4 LEMA";4;2;2;1.30952380952381;0.30952380952381;1;0.0532797084827204;0.140139111835482;0.783068522229622;0;0.140137056957031;0;4
"Aggr";21;"B4 PUPA";6;3;3;1.14244579945799;0.142445799457995;1;0.0835863216766485;0.0090590755901577;0.0116704616764823;0;0.00905991696332523;0;6
"Aggr";22;"B5 CHFU";6;3;3;1.70512820512821;0.705128205128205;1;0.102617223521263;0.00433979586046413;0.0402995046449332;0;0.0043426524833813;0;4
"Aggr";23;"B5 LEMA";12;6;6;3.11829004329004;2.11829004329004;1;0.123686329770405;0.210908327472859;0.437035708526941;0;0.210907337993804;0;6
"Aggr";24;"B5 ME";4;2;2;3;2;1;0.301391906655935;0.995502070990674;0.558848976919527;0;0.99548620177111;0;4
"Aggr";25;"B5 PUPA";2;1;1;1.02439024390244;0.024390243902439;1;0.0382101625473329;0.00215794022457655;0.0201870718129936;0;0.00215824168051252;0;2
"Aggr";26;"B6 CHFU";2;1;1;1.16666666666667;0.166666666666667;1;0.0452139276969486;0.000852197275534294;0.0110506612541532;0;0.00085302743152243;0;2
"Aggr";27;"B6 LEMA";2;1;1;1.025;0.025;1;0.0233456117477343;0.00446630834955091;0.491603138103402;0;0.0044664830985012;0;2
"Aggr";28;"B6 PUPA";2;1;1;1.0625;0.0625;1;0.0408286175772858;0.00194829108247799;0.00380141582914591;0;0.00194865731200222;0;2
"Aggr";29;"C1 LEMA";2;1;1;1.09090909090909;0.0909090909090909;1;0.0242871463469839;0.00503538150567376;0.0564952695751155;0;0.0050356241194509;0;2
"Aggr";30;"C2 CHFU";2;1;1;1.5;0.5;1;0.0598462589950706;0.00286809219486867;0.0109637590006023;0;0.0028693859258605;0;2
"Aggr";31;"C2 LEMA";10;5;5;1.47265512265512;0.472655122655123;1;0.0747610983960629;0.130878274240905;0.409109983093284;0;0.1308767775439;0;6
"Aggr";32;"C2 PUPA";4;2;2;1.07994579945799;0.0799457994579946;1;0.0602361593296225;0.00711078450767971;0.0156049846001506;0;0.00711125965132301;0;4
"Aggr";33;"C3 CHFU";6;3;3;2.55555555555556;1.55555555555556;1;0.0784857346957652;0.208987506374251;0.381426252854442;0;0.208983115465063;0;4
"Aggr";34;"C3 LEMA";2;1;1;1.15;0.15;1;0.0526813943351071;0.0267978500973055;0.491603138103402;0;0.0267988985910072;0;2
"Aggr";35;"C3 PUPA";6;3;3;1.47967479674797;0.479674796747967;1;0.284130037001281;0.0545003717058221;0.0170753968439028;0;0.0545028307736975;0;6
"Aggr";36;"C4 CHFU";2;1;1;1.05555555555556;0.0555555555555556;1;0.0267514213899034;0.0328914166898126;1;0;0.0328911484021463;0;2
"Aggr";37;"C4 LEMA";8;4;4;1.4754329004329;0.4754329004329;1;0.0776898691518682;0.158573418389808;0.582947346600476;0;0.158572130371985;0;6
"Aggr";38;"C4 PUPA";4;2;2;1.07994579945799;0.0799457994579946;1;0.0602361593296225;0.00711078450767972;0.0156049846001506;0;0.00711125965132301;0;4
"Aggr";39;"C5 ME";2;1;1;2;1;1;0.0476185569145925;0.0562350756939674;0.0387954538508965;0;0.0562405915957177;0;2
"Aggr";40;"C5 PUPA";4;2;2;1.48611111111111;0.486111111111111;1;0.201631422876995;0.0215954350610743;0.00560678621868628;0;0.0215979798136343;0;4
"Aggr";41;"C6 CHFU";4;2;2;1.24786324786325;0.247863247863248;1;0.0539290746413459;0.0441114664284203;0.280006547780474;0;0.0441126507288746;0;4
"Aggr";42;"C6 PUPA";2;1;1;1.02439024390244;0.024390243902439;1;0.0382101625473329;0.00215794022457655;0.0201870718129936;0;0.00215824168051252;0;2
"Aggr";43;"D1 CHFU";2;1;1;2;1;1;0.116523034868398;0;0;0;2.67495805488106e-06;0;2
"Aggr";44;"D1 LEMA";6;3;3;1.27896825396825;0.278968253968254;1;0.059926721897298;0.0748915337728585;0.629502625880998;0;0.0748915328965726;0;4
"Aggr";45;"D2 CHFU";6;3;3;2.55555555555556;1.55555555555556;1;0.110615910560397;0.0404903756942208;0.340320426037623;0;0.0404929091598294;0;2
"Aggr";46;"D2 LEMA";6;3;3;2.59523809523809;1.5952380952381;1;0.114880070411612;0.112139011396673;0.0544371122641172;0;0.112138506672595;0;4
"Aggr";47;"D2 PUPA";4;2;2;1.23983739837398;0.239837398373984;1;0.145751567528348;0.0213323535230391;0.0156049846001506;0;0.021333778953969;0;4
"Aggr";48;"D3 CHFU";2;1;1;1.16666666666667;0.166666666666667;1;0.0452139276969486;0.000852197275534295;0.0110506612541532;0;0.00085302743152243;0;2
"Aggr";49;"D3 LEMA";2;1;1;1.025;0.025;1;0.0233456117477343;0.00446630834955091;0.491603138103402;0;0.0044664830985012;0;2
"Aggr";50;"D3 PUPA";8;4;4;2.04878048780488;1.04878048780488;1;0.398098137995809;0.165834196860835;0.056029575086685;0;0.165838943755116;0;6
"Aggr";51;"D4 LEMA";4;2;2;1.10833333333333;0.108333333333333;1;0.0330956167937418;0.0380876892307215;0.304650545971228;0;0.0380869439762077;0;4
"Aggr";52;"D4 PUPA";2;1;1;1.07317073170732;0.0731707317073171;1;0.0796735771814793;0.00647382067372966;0.0201870718129936;0;0.00647472504153755;0;2
"Aggr";53;"D5 CHFU";8;4;4;2.26068376068376;1.26068376068376;1;0.0912635990268211;0.0394440884225619;0.288352919833128;0;0.0394463200267489;0;4
"Aggr";54;"D5 LEMA";2;1;1;1.14285714285714;0.142857142857143;1;0.0355136330605361;0.0046423920436824;0.0264073654205867;0;0.00464275299377891;0;2
"Aggr";55;"D5 PUPA";4;2;2;1.10433604336043;0.104336043360434;1;0.0843363190383107;0.0132139462855042;0.019092896662768;0;0.0132145922870887;0;4
"Aggr";56;"D6 CHFU";2;1;1;1.33333333333333;0.333333333333333;1;0.0417107479375973;0.000391391361674025;0.00308883873485804;0;0.000392297154990784;0;2
"Aggr";57;"D6 LEMA";2;1;1;1.025;0.025;1;0.0233456117477343;0.00446630834955091;0.491603138103402;0;0.0044664830985012;0;2
"Aggr";58;"D6 PUPA";12;6;6;2.87178184281843;1.87178184281843;1;0.389383242812208;0.170884967594047;0.064799131435456;0;0.170893351158402;0;6
"Aggr";59;"E1 CHFU";2;1;1;1.15384615384615;0.153846153846154;1;0.0392205778314138;0.00897603979088614;0.136007857336569;0;0.00897720186138264;0;2
"Aggr";60;"E1 LEMA";2;1;1;1.025;0.025;1;0.0233456117477343;0.00446630834955091;0.491603138103402;0;0.0044664830985012;0;2
"Aggr";61;"E1 PUPA";6;3;3;1.74661246612466;0.746612466124661;1;0.128507552986679;0.012741690274663;0.00950250396409514;0;0.0127438358021091;0;4
"Aggr";62;"E2 CHFU";2;1;1;2;1;1;0.134478515782349;0.403456570574047;0.117697953839054;0;0.403445530532477;0;2
"Aggr";63;"E2 LEMA";6;3;3;2.08055555555556;1.08055555555556;1;0.173942374814879;0.0957019836801234;0.54253699847999;0;0.0957094435996346;0;4
"Aggr";64;"E2 ME";4;2;2;2;1;1;0.0692757363121709;0.166036438489599;0.0680174569528834;0;0.166032662417687;0;4
"Aggr";65;"E2 PUPA";4;2;2;1.54878048780488;0.548780487804878;1;0.0740119207065725;0.0324334182961368;0.0263898658256278;0;0.0324367791588839;0;4
"Aggr";66;"E3 CHFU";2;1;1;1.05555555555556;0.0555555555555556;1;0.0267514213899034;0.0328914166898126;1;0;0.0328911484021463;0;2
"Aggr";67;"E3 LEMA";2;1;1;1.025;0.025;1;0.0233456117477343;0.00446630834955091;0.491603138103402;0;0.0044664830985012;0;2
"Aggr";68;"E3 PUPA";4;2;2;1.12872628726287;0.128726287262873;1;0.101699573963769;0.0114266649568328;0.0178960282065721;0;0.011427743012348;0;4
"Aggr";69;"E4 CHFU";4;2;2;1.61111111111111;0.611111111111111;1;0.063962629256901;0.210909849560779;0.710758029639497;0;0.210904937931365;0;4
"Aggr";70;"E4 LEMA";4;2;2;1.1984126984127;0.198412698412698;1;0.0347337761634331;0.0743562784558565;0.566137044459245;0;0.0743547601527383;0;4
"Aggr";71;"E5 CHFU";4;2;2;2.05555555555556;1.05555555555556;1;0.0568915230742361;0.0891264923837801;0.519397726925448;0;0.089131739997864;0;4
"Aggr";72;"E5 LEMA";2;1;1;1.025;0.025;1;0.0233456117477343;0.00446630834955091;0.491603138103402;0;0.0044664830985012;0;2
"Aggr";73;"E5 PUPA";2;1;1;2;1;1;0.0733549386449675;0.290254032362308;0.132274088918491;0;0.290245282254144;0;2
"Aggr";74;"E6 LEMA";2;1;1;1.14285714285714;0.142857142857143;1;0.0355136330605361;0.0046423920436824;0.0264073654205867;0;0.00464275299377891;0;2
"Aggr";75;"E6 ME";2;1;1;1.5;0.5;1;0.0454166969376136;0.145127016181154;0.132274088918491;0;0.145122641127072;0;2
"Aggr";76;"E6 PUPA";2;1;1;1.0625;0.0625;1;0.0408286175772858;0.00194829108247799;0.00380141582914591;0;0.00194865731200222;0;2
"Aggr";77;"F1 LEMA";2;1;1;1.09090909090909;0.0909090909090909;1;0.0242871463469839;0.00503538150567376;0.0564952695751155;0;0.0050356241194509;0;2
"Aggr";78;"F1 PUPA";2;1;1;1.07317073170732;0.0731707317073171;1;0.0796735771814793;0.00647382067372964;0.0201870718129936;0;0.00647472504153755;0;2
"Aggr";79;"F2 LEMA";4;2;2;1.10833333333333;0.108333333333333;1;0.0330956167937418;0.0380876892307215;0.304650545971228;0;0.0380869439762077;0;4
"Aggr";80;"F2 PUPA";4;2;2;2.04878048780488;1.04878048780488;1;0.106659948613521;0.0461347250660424;0.0147116562044213;0;0.0461365259422548;0;4
"Aggr";81;"F3 CHFU";2;1;1;1.16666666666667;0.166666666666667;1;0.0452139276969486;0.00085219727553429;0.0110506612541532;0;0.00085302743152243;0;2
"Aggr";82;"F3 LEMA";2;1;1;1.05555555555556;0.0555555555555556;1;0.0267514213899034;0.0328914166898126;1;0;0.0328911484021463;0;2
"Aggr";83;"F3 PUPA";6;3;3;2.16666666666667;1.16666666666667;1;0.257206741233945;0.614794476372432;0.261207997527985;0;0.614789907061571;0;6
"Aggr";84;"F4 CHFU";2;1;1;1.05555555555556;0.0555555555555556;1;0.0267514213899034;0.0328914166898126;1;0;0.0328911484021463;0;2
"Aggr";85;"F4 LEMA";6;3;3;1.71590909090909;0.715909090909091;1;0.0686564048100872;0.0315163216001133;0.360364203961779;0;0.0315180024430636;0;4
"Aggr";86;"F4 PUPA";4;2;2;1.12872628726287;0.128726287262873;1;0.105068026355384;0.0153718865100807;0.0193664404503244;0;0.0153728339676012;0;4
"Aggr";87;"F5 ME";2;1;1;1.5;0.5;1;0.041337494604817;0.0209094223084446;0.00376082498727649;0;0.0209100212906149;0;2
"Aggr";88;"F5 PUPA";2;1;1;1.125;0.125;1;0.0641787799243117;0.00389658216495598;0.00380141582914591;0;0.00389731462400444;0;2
"Aggr";89;"F6 CHFU";2;1;1;1.11111111111111;0.111111111111111;1;0.0360243875495471;0.0657828333796252;1;0;0.0657822968042925;0;2
"Aggr";90;"F6 LEMA";2;1;1;2;1;1;0.116523034868398;0;0;0;2.67495805488106e-06;0;2
"Aggr";91;"Andrena_cinerea";22;11;11;8.84848484848485;4.84848484848485;4;0.262948157245684;0.490256293068782;6.153697499251e-17;0.13227408891849;0.490244572830667;0;6
"Aggr";92;"Bombyliidae";36;18;18;12.15;11.15;1;1;0.149440455413271;0;0.0201870718129922;0.149460983047346;0;6
"Aggr";93;"Bruchidae";2;1;1;1.33333333333333;0.333333333333333;1;0.048819629889039;0.00799071491331407;9.34856964492581e-18;0.00999751911226805;0.00799149873580705;0;2
"Aggr";94;"Calliphoridae";2;1;1;1.25;0.25;1;0.0368719700234593;0.00583817376715333;7.21051011017136e-18;0.00635316074179301;0.00583871850416994;0;2
"Aggr";95;"Cantharidae";6;3;3;3.83333333333333;1.83333333333333;2;0.112277832350858;0.0706345113466129;2.6345061450359e-18;0.00376082498727642;0.0706353979018244;0;4
"Aggr";96;"Dilophus_sp.";56;28;28;19.0822510822511;15.0822510822511;4;0.78547478058158;1;3.72705803468674e-16;1;1;0;6
"Aggr";97;"Diptera";22;11;11;8.13333333333333;6.13333333333333;2;0.332526580958826;0.0985469167482948;0;0.136007857336569;0.098558817344202;0;4
"Aggr";98;"Empididae";10;5;5;4.75;3.75;1;0.195779805647215;0.00863647076045267;0;0.011050661254153;0.00864312705656375;0;4
"Aggr";99;"Episyrphus_balteatus";2;1;1;2;1;1;0.116523034868398;0;0;0;2.67495805488106e-06;0;2
"Aggr";100;"Eristalis_sp.";4;2;2;2.5;1.5;1;0.114534602233132;0.00427083107434088;0;0.000459198840535142;0.00427359352638514;0;2
"Aggr";101;"Eucera_sp.";16;8;8;3.66666666666667;2.66666666666667;1;0.537764806035627;0.27052850657865;0;0.0169045463623164;0.270530678713265;0;6
"Aggr";102;"Eupeodes_corollae";6;3;3;2.45;1.45;1;0.0855257389670737;0.00198324974042679;0;0.003088838734858;0.00198601618499378;0;4
"Aggr";103;"Lasiocampa_trifolii";24;12;12;4.5;3.5;1;0.466432873036721;0.15058166480975;0;0.0110228973873072;0.15058660808346;0;6
"Aggr";104;"Lomatia_sp.";4;2;2;2.33333333333333;1.33333333333333;1;0.0996889500348491;0.00968875599206608;0;0.0109637590006023;0.00969138005111294;0;2
"Aggr";105;"Malachius_bipustulatus";4;2;2;1.23376623376623;0.233766233766234;1;0.0353728844134835;0.0140171603154318;4.32714687674576e-17;0.00803846764032942;0.0140173641528151;0;4
"Aggr";106;"Meligethes_sp.";20;10;10;5.72662337662338;3.72662337662338;2;0.176224946550506;0.0935556414556544;0;0.0564952695751154;0.093559241496217;0;6
"Aggr";107;"Mordellidae";2;1;1;1.09090909090909;0.0909090909090909;1;0.0270360352579729;0.0113515751164275;1.58272772907681e-16;0.00350146443371844;0.0113515075521534;0;2
"Aggr";108;"Musca_sp.";10;5;5;6.36666666666667;2.36666666666667;4;0.141835772632154;0.0949843815287752;1.95887440403945e-16;0.0387954538508965;0.0949928049106984;0;4
"Aggr";109;"Nemotelus_sp.";2;1;1;2;1;1;0.116523034868398;0;0;0;2.67495805488106e-06;0;2
"Aggr";110;"Odontomyia_sp.";4;2;2;2.5;0.5;2;0.0559907567023715;0.0523086037838171;1.99977387231698e-16;0.0120046696448364;0.0523077100028359;0;4
"Aggr";111;"Oedemeridae";10;5;5;3.89285714285714;2.89285714285714;1;0.148524993896394;0.0548889304671831;0;0.0264073654205866;0.0548919038175579;0;4
"Aggr";112;"Psilothrix_viridicoerulea";44;22;22;14.7834415584416;12.7834415584416;2;0.552202966350547;0.301754398701312;0;0.491603138103402;0.301767379597523;0;6
"Aggr";113;"Scaeva_sp.";6;3;3;2.83333333333333;1.83333333333333;1;0.0916665512617581;0.00966944979440181;0;0.0160454218526264;0.00967246389869713;0;4
"Aggr";114;"Sphaerophoria_scripta";22;11;11;7.95833333333333;4.95833333333333;3;0.412941390183844;0.681462100953613;5.56375426960258e-16;0.117697953839054;0.681448424920542;0;6
"Aggr";115;"Thymelicus_sp.";14;7;7;5.78333333333333;4.78333333333333;1;0.439532467708725;0.052652468936444;0;0.00380141582914561;0.0526610496498307;0;6
