"Layer";"Node";"Label";"Strength";"StrengthIn";"StrengthOut";"Degree";"DegreeIn";"DegreeOut";"PageRank";"Eigenvector";"Hub";"Authority";"Katz";"Multiplexity";"Kcore"
"1-Multi";1;"A1 LEMA";1.1531007751938;0.153100775193798;1;4;2;2;0.132409636287484;1;0.778658582837545;0;0.0120022669730113;0.333333333333333;4
"1-Multi";2;"A2 CHFU";1.65;0.65;1;4;2;2;0.179611434841131;1;0;0;1.43947019144553e-05;0.333333333333333;2
"1-Multi";3;"A2 LEMA";1.23643410852713;0.236434108527132;1;4;2;2;0.130861440847928;1;0.77148425913448;0;0.010338176220295;0.333333333333333;4
"1-Multi";4;"A3 CHFU";1.33333333333333;0.333333333333333;1;2;1;1;0.0944414890693349;1;1.51857178614443e-05;0;0.0108073695408834;0.333333333333333;2
"1-Multi";5;"A3 LEMA";1.35658914728682;0.356589147286822;1;4;2;2;0.0971932714474301;1;0.520896475916224;0;0.00706318178516432;0.333333333333333;4
"1-Multi";6;"A4 LEMA";1.37984496124031;0.37984496124031;1;4;2;2;0.117804198098337;1;0.674026645433367;0;0.00728703856745975;0.333333333333333;2
"1-Multi";7;"A5 LEMA";1.08333333333333;0.0833333333333333;1;2;1;1;0.0751768094783048;1;0.114634331350179;0;0.017398797624662;0.333333333333333;2
"1-Multi";8;"A6 LEMA";1.52325581395349;0.523255813953488;1;6;3;3;0.11847574005811;1;0.375909996123457;0;0.00828959939470836;0.333333333333333;4
"1-Multi";9;"B1 CHFU";2;1;1;2;1;1;0.151222197930174;1;0;0;1.43947019144553e-05;0.333333333333333;2
"1-Multi";10;"B1 LEMA";2.25;1.25;1;4;2;2;0.131086606057152;1;0.00760927798141994;0;0.0165176706869691;0.333333333333333;2
"1-Multi";11;"B2 CHFU";2.66666666666667;1.66666666666667;1;4;2;2;0.193263022308744;1;0.000213847971215202;0;0.0270353234866504;0.333333333333333;2
"1-Multi";12;"B2 LEMA";1.37984496124031;0.37984496124031;1;6;3;3;0.126762812856431;1;0.530352855159668;0;0.0824851458568865;0.333333333333333;4
"1-Multi";13;"B2 ME";2;1;1;2;1;1;0.154768616356676;1;0;3.21991942798835e-07;0.00289933083781754;0.333333333333333;2
"1-Multi";14;"B5 LEMA";1.02325581395349;0.0232558139534884;1;2;1;1;0.0714237543713424;1;0.999999999999999;0;0.0102034234224611;0.333333333333333;2
"1-Multi";15;"C1 LEMA";2.02325581395349;1.02325581395349;1;4;2;2;0.112557311135994;1;0.513193298073026;0;0.0712593606782948;0.333333333333333;2
"1-Multi";16;"C2 LEMA";1.08333333333333;0.0833333333333333;1;2;1;1;0.0751768094720779;1;0.114634331350179;0;0.017398797624662;0.333333333333333;2
"1-Multi";17;"C3 LEMA";1.18992248062015;0.189922480620155;1;4;2;2;0.0927062229810353;1;0.542968518268961;0;0.0104729290181288;0.333333333333333;4
"1-Multi";18;"C4 CHFU";1.25;0.25;1;2;1;1;0.0932175000693968;1;0;0;1.43947019144553e-05;0.333333333333333;2
"1-Multi";19;"C4 LEMA";2.16666666666667;1.16666666666667;1;4;2;2;0.165306795686682;1;0.0113405436408498;0;0.000869695282734102;0.333333333333333;2
"1-Multi";20;"C5 CHFU";1.5;0.5;1;2;1;1;0.134088854710177;1;0;0;1.43947019144553e-05;0.333333333333333;2
"1-Multi";21;"C5 LEMA";2.33333333333333;1.33333333333333;1;6;3;3;0.145902699338616;1;0.0436273892871424;0;0.016867442661861;0.333333333333333;4
"1-Multi";22;"D1 LEMA";1.5;0.5;1;2;1;1;0.11070112610533;1;0.000601150981600019;0;0.000285121708011215;0.333333333333333;2
"1-Multi";23;"D2 LEMA";1.02325581395349;0.0232558139534884;1;2;1;1;0.0714237543638874;1;1;0;0.0102034234224611;0.333333333333333;2
"1-Multi";24;"D2 ME";2;1;1;2;1;1;0.110259489105154;1;0;0.00223796370638059;0.141394803157292;0.333333333333333;2
"1-Multi";25;"D3 LEMA";2.48643410852713;1.48643410852713;1;8;4;4;0.220110341141212;1;0.46420694631813;0;0.0105113556860418;0.333333333333333;4
"1-Multi";26;"D4 LEMA";1.25;0.25;1;2;1;1;0.083268160083121;1;0.0138232709077661;0;0.00310973189646122;0.333333333333333;2
"1-Multi";27;"D5 LEMA";1.85658914728682;0.856589147286822;1;10;5;5;0.172228418760383;1;0.251237518125663;0;0.00907546554104966;0.333333333333333;4
"1-Multi";28;"E1 LEMA";1.09302325581395;0.0930232558139535;1;2;1;1;0.128656581176622;1;1;0;0.0102034234224611;0.333333333333333;2
"1-Multi";29;"E2 CHFU";1.2;0.2;1;2;1;1;0.0955431128103234;1;0;0;1.43947019144553e-05;0.333333333333333;2
"1-Multi";30;"E2 LEMA";1.46317829457364;0.463178294573643;1;6;3;3;0.143289989218305;1;0.437116619910335;0;0.127077649681448;0.333333333333333;4
"1-Multi";31;"E3 LEMA";1.48643410852713;0.486434108527132;1;6;3;3;0.160022153817833;1;0.620158179311196;0;0.0132875995688593;0.333333333333333;4
"1-Multi";32;"E3 ME";2;1;1;2;1;1;0.141171475799959;1;0;0.00302169818108905;0.335177908915995;0.333333333333333;2
"1-Multi";33;"E4 LEMA";1.09302325581395;0.0930232558139535;1;2;1;1;0.128656581180643;1;1;0;0.0102034234224611;0.333333333333333;2
"1-Multi";34;"E5 CHFU";1.2;0.2;1;2;1;1;0.0955431128179284;1;0;0;1.43947019144553e-05;0.333333333333333;2
"1-Multi";35;"E5 LEMA";1.12984496124031;0.12984496124031;1;4;2;2;0.113332027348192;1;0.70487811045006;0;0.0126018814898614;0.333333333333333;4
"1-Multi";36;"E6 LEMA";1.06976744186047;0.0697674418604651;1;2;1;1;0.109578972237984;1;1;0;0.0102034234224611;0.333333333333333;2
"1-Multi";37;"F1 LEMA";1.91666666666667;0.916666666666667;1;6;3;3;0.129977545503052;1;0.0496916649407122;0;0.164756823278088;0.333333333333333;4
"1-Multi";38;"F2 LEMA";1.08333333333333;0.0833333333333333;1;2;1;1;0.0751768094738034;1;0.114634331350179;0;0.017398797624662;0.333333333333333;2
"1-Multi";39;"F3 LEMA";1.6531007751938;0.653100775193798;1;6;3;3;0.157252410438445;1;0.625563578312271;0;0.018410991888416;0.333333333333333;4
"1-Multi";40;"F4 CHFU";1.2;0.2;1;2;1;1;0.0955431128120841;1;0;0;1.43947019144553e-05;0.333333333333333;2
"1-Multi";41;"F4 LEMA";1.25;0.25;1;2;1;1;0.083268160092105;1;0.0138232709077661;0;0.00310973189646122;0.333333333333333;2
"1-Multi";42;"F5 LEMA";1.04651162790698;0.0465116279069767;1;2;1;1;0.0905013633000778;1;0.999999999999999;0;0.0102034234224611;0.333333333333333;2
"1-Multi";43;"F6 LEMA";1.41666666666667;0.416666666666667;1;4;2;2;0.0964858393320464;1;0.0251641220594041;0;0.161938297465972;0.333333333333333;4
"1-Multi";44;"Andrena_cinerea";1.83333333333333;0.833333333333333;1;4;2;2;0.13126037659696;1;0;0.0220799363000994;0.00209082933428706;0.333333333333333;2
"1-Multi";45;"Anthaxia_semicuprea";2.03333333333333;1.03333333333333;1;6;3;3;0.125848667075097;1;0;0.0417929518324482;0.00565088667931309;0.333333333333333;4
"1-Multi";46;"Chrysomelidae";1.14285714285714;0.142857142857143;1;2;1;1;0.0748362846108965;1;0;0.00635669061878874;0.00729336346748216;0.333333333333333;2
"1-Multi";47;"Dilophus_sp.";9.38571428571429;7.38571428571429;2;28;14;14;0.53209975873451;1;0;0.114634331350177;0.0250905347821173;0.666666666666667;4
"1-Multi";48;"Diptera";6;4;2;10;5;5;0.32044873136428;1;0;0.0013939764931884;0.011707089715971;0.666666666666667;2
"1-Multi";49;"Empididae";5.46666666666667;3.06666666666667;2.4;10;5;5;0.340331306066347;1;3.35913551517944e-06;1.51857178612821e-05;0.0197454230474887;0.666666666666667;2
"1-Multi";50;"Eupeodes_corollae";4.53333333333333;2.53333333333333;2;10;5;5;0.271000367371187;1;0;0.0148538600180597;0.0361751876046582;0.666666666666667;4
"1-Multi";51;"Melyridae";2.5;1.5;1;4;2;2;0.172203267167035;1;0;0.000601150981599875;0.000404808634419583;0.333333333333333;2
"1-Multi";52;"Mordellidae";3.34285714285714;2.34285714285714;1;8;4;4;0.180412793326415;1;0;0.0138232709077659;0.0044781635145481;0.333333333333333;4
"1-Multi";53;"Musca_sp.";7.1;3.3;3.8;8;4;4;0.236873576497818;1;0.0233472406232231;0.026386596146053;0.394694902970003;0.666666666666667;2
"1-Multi";54;"Odontomyia_sp.";2.73333333333333;1.73333333333333;1;12;6;6;0.185126620522238;1;0;0.0859370365379217;0.0154852422928374;0.333333333333333;4
"1-Multi";55;"Oedemeridae";1.5;0.5;1;2;1;1;0.093226545161919;1;0;0.000364695944779867;0.011458357445646;0.333333333333333;2
"1-Multi";56;"Psilothrix_viridicoerulea";14.3952380952381;13.3952380952381;1;40;20;20;1;1;0;1;0.0147079372064054;0.333333333333333;4
"1-Multi";57;"Scaeva_sp.";1.45;0.45;1;4;2;2;0.0933510165297303;1;0;0.0131835602111734;0.0635119751110806;0.333333333333333;4
"1-Multi";58;"Sphaerophoria_scripta";10.3833333333333;5.18333333333333;5.2;20;10;10;0.500552775710501;1;0.0315234399572723;0.0360855565786707;1;1;4
"2-Multi";1;"A1 LEMA";1.1531007751938;0.153100775193798;1;4;2;2;0.132409636287484;1;0.778658582837545;0;0.0120022669730113;0.333333333333333;4
"2-Multi";2;"A2 CHFU";1.65;0.65;1;4;2;2;0.179611434841131;1;0;0;1.43947019144553e-05;0.333333333333333;2
"2-Multi";3;"A2 LEMA";1.23643410852713;0.236434108527132;1;4;2;2;0.130861440847928;1;0.77148425913448;0;0.010338176220295;0.333333333333333;4
"2-Multi";4;"A3 CHFU";1.33333333333333;0.333333333333333;1;2;1;1;0.0944414890693349;1;1.51857178614443e-05;0;0.0108073695408834;0.333333333333333;2
"2-Multi";5;"A3 LEMA";1.35658914728682;0.356589147286822;1;4;2;2;0.0971932714474301;1;0.520896475916224;0;0.00706318178516432;0.333333333333333;4
"2-Multi";6;"A4 LEMA";1.37984496124031;0.37984496124031;1;4;2;2;0.117804198098337;1;0.674026645433367;0;0.00728703856745975;0.333333333333333;2
"2-Multi";7;"A5 LEMA";1.08333333333333;0.0833333333333333;1;2;1;1;0.0751768094783048;1;0.114634331350179;0;0.017398797624662;0.333333333333333;2
"2-Multi";8;"A6 LEMA";1.52325581395349;0.523255813953488;1;6;3;3;0.11847574005811;1;0.375909996123457;0;0.00828959939470836;0.333333333333333;4
"2-Multi";9;"B1 CHFU";2;1;1;2;1;1;0.151222197930174;1;0;0;1.43947019144553e-05;0.333333333333333;2
"2-Multi";10;"B1 LEMA";2.25;1.25;1;4;2;2;0.131086606057152;1;0.00760927798141994;0;0.0165176706869691;0.333333333333333;2
"2-Multi";11;"B2 CHFU";2.66666666666667;1.66666666666667;1;4;2;2;0.193263022308744;1;0.000213847971215202;0;0.0270353234866504;0.333333333333333;2
"2-Multi";12;"B2 LEMA";1.37984496124031;0.37984496124031;1;6;3;3;0.126762812856431;1;0.530352855159668;0;0.0824851458568865;0.333333333333333;4
"2-Multi";13;"B2 ME";2;1;1;2;1;1;0.154768616356676;1;0;3.21991942798835e-07;0.00289933083781754;0.333333333333333;2
"2-Multi";14;"B5 LEMA";1.02325581395349;0.0232558139534884;1;2;1;1;0.0714237543713424;1;0.999999999999999;0;0.0102034234224611;0.333333333333333;2
"2-Multi";15;"C1 LEMA";2.02325581395349;1.02325581395349;1;4;2;2;0.112557311135994;1;0.513193298073026;0;0.0712593606782948;0.333333333333333;2
"2-Multi";16;"C2 LEMA";1.08333333333333;0.0833333333333333;1;2;1;1;0.0751768094720779;1;0.114634331350179;0;0.017398797624662;0.333333333333333;2
"2-Multi";17;"C3 LEMA";1.18992248062015;0.189922480620155;1;4;2;2;0.0927062229810353;1;0.542968518268961;0;0.0104729290181288;0.333333333333333;4
"2-Multi";18;"C4 CHFU";1.25;0.25;1;2;1;1;0.0932175000693968;1;0;0;1.43947019144553e-05;0.333333333333333;2
"2-Multi";19;"C4 LEMA";2.16666666666667;1.16666666666667;1;4;2;2;0.165306795686682;1;0.0113405436408498;0;0.000869695282734102;0.333333333333333;2
"2-Multi";20;"C5 CHFU";1.5;0.5;1;2;1;1;0.134088854710177;1;0;0;1.43947019144553e-05;0.333333333333333;2
"2-Multi";21;"C5 LEMA";2.33333333333333;1.33333333333333;1;6;3;3;0.145902699338616;1;0.0436273892871424;0;0.016867442661861;0.333333333333333;4
"2-Multi";22;"D1 LEMA";1.5;0.5;1;2;1;1;0.11070112610533;1;0.000601150981600019;0;0.000285121708011215;0.333333333333333;2
"2-Multi";23;"D2 LEMA";1.02325581395349;0.0232558139534884;1;2;1;1;0.0714237543638874;1;1;0;0.0102034234224611;0.333333333333333;2
"2-Multi";24;"D2 ME";2;1;1;2;1;1;0.110259489105154;1;0;0.00223796370638059;0.141394803157292;0.333333333333333;2
"2-Multi";25;"D3 LEMA";2.48643410852713;1.48643410852713;1;8;4;4;0.220110341141212;1;0.46420694631813;0;0.0105113556860418;0.333333333333333;4
"2-Multi";26;"D4 LEMA";1.25;0.25;1;2;1;1;0.083268160083121;1;0.0138232709077661;0;0.00310973189646122;0.333333333333333;2
"2-Multi";27;"D5 LEMA";1.85658914728682;0.856589147286822;1;10;5;5;0.172228418760383;1;0.251237518125663;0;0.00907546554104966;0.333333333333333;4
"2-Multi";28;"E1 LEMA";1.09302325581395;0.0930232558139535;1;2;1;1;0.128656581176622;1;1;0;0.0102034234224611;0.333333333333333;2
"2-Multi";29;"E2 CHFU";1.2;0.2;1;2;1;1;0.0955431128103234;1;0;0;1.43947019144553e-05;0.333333333333333;2
"2-Multi";30;"E2 LEMA";1.46317829457364;0.463178294573643;1;6;3;3;0.143289989218305;1;0.437116619910335;0;0.127077649681448;0.333333333333333;4
"2-Multi";31;"E3 LEMA";1.48643410852713;0.486434108527132;1;6;3;3;0.160022153817833;1;0.620158179311196;0;0.0132875995688593;0.333333333333333;4
"2-Multi";32;"E3 ME";2;1;1;2;1;1;0.141171475799959;1;0;0.00302169818108905;0.335177908915995;0.333333333333333;2
"2-Multi";33;"E4 LEMA";1.09302325581395;0.0930232558139535;1;2;1;1;0.128656581180643;1;1;0;0.0102034234224611;0.333333333333333;2
"2-Multi";34;"E5 CHFU";1.2;0.2;1;2;1;1;0.0955431128179284;1;0;0;1.43947019144553e-05;0.333333333333333;2
"2-Multi";35;"E5 LEMA";1.12984496124031;0.12984496124031;1;4;2;2;0.113332027348192;1;0.70487811045006;0;0.0126018814898614;0.333333333333333;4
"2-Multi";36;"E6 LEMA";1.06976744186047;0.0697674418604651;1;2;1;1;0.109578972237984;1;1;0;0.0102034234224611;0.333333333333333;2
"2-Multi";37;"F1 LEMA";1.91666666666667;0.916666666666667;1;6;3;3;0.129977545503052;1;0.0496916649407122;0;0.164756823278088;0.333333333333333;4
"2-Multi";38;"F2 LEMA";1.08333333333333;0.0833333333333333;1;2;1;1;0.0751768094738034;1;0.114634331350179;0;0.017398797624662;0.333333333333333;2
"2-Multi";39;"F3 LEMA";1.6531007751938;0.653100775193798;1;6;3;3;0.157252410438445;1;0.625563578312271;0;0.018410991888416;0.333333333333333;4
"2-Multi";40;"F4 CHFU";1.2;0.2;1;2;1;1;0.0955431128120841;1;0;0;1.43947019144553e-05;0.333333333333333;2
"2-Multi";41;"F4 LEMA";1.25;0.25;1;2;1;1;0.083268160092105;1;0.0138232709077661;0;0.00310973189646122;0.333333333333333;2
"2-Multi";42;"F5 LEMA";1.04651162790698;0.0465116279069767;1;2;1;1;0.0905013633000778;1;0.999999999999999;0;0.0102034234224611;0.333333333333333;2
"2-Multi";43;"F6 LEMA";1.41666666666667;0.416666666666667;1;4;2;2;0.0964858393320464;1;0.0251641220594041;0;0.161938297465972;0.333333333333333;4
"2-Multi";44;"Andrena_cinerea";1.83333333333333;0.833333333333333;1;4;2;2;0.13126037659696;1;0;0.0220799363000994;0.00209082933428706;0.333333333333333;2
"2-Multi";45;"Anthaxia_semicuprea";2.03333333333333;1.03333333333333;1;6;3;3;0.125848667075097;1;0;0.0417929518324482;0.00565088667931309;0.333333333333333;4
"2-Multi";46;"Chrysomelidae";1.14285714285714;0.142857142857143;1;2;1;1;0.0748362846108965;1;0;0.00635669061878874;0.00729336346748216;0.333333333333333;2
"2-Multi";47;"Dilophus_sp.";9.38571428571429;7.38571428571429;2;28;14;14;0.53209975873451;1;0;0.114634331350177;0.0250905347821173;0.666666666666667;4
"2-Multi";48;"Diptera";6;4;2;10;5;5;0.32044873136428;1;0;0.0013939764931884;0.011707089715971;0.666666666666667;2
"2-Multi";49;"Empididae";5.46666666666667;3.06666666666667;2.4;10;5;5;0.340331306066347;1;3.35913551517944e-06;1.51857178612821e-05;0.0197454230474887;0.666666666666667;2
"2-Multi";50;"Eupeodes_corollae";4.53333333333333;2.53333333333333;2;10;5;5;0.271000367371187;1;0;0.0148538600180597;0.0361751876046582;0.666666666666667;4
"2-Multi";51;"Melyridae";2.5;1.5;1;4;2;2;0.172203267167035;1;0;0.000601150981599875;0.000404808634419583;0.333333333333333;2
"2-Multi";52;"Mordellidae";3.34285714285714;2.34285714285714;1;8;4;4;0.180412793326415;1;0;0.0138232709077659;0.0044781635145481;0.333333333333333;4
"2-Multi";53;"Musca_sp.";7.1;3.3;3.8;8;4;4;0.236873576497818;1;0.0233472406232231;0.026386596146053;0.394694902970003;0.666666666666667;2
"2-Multi";54;"Odontomyia_sp.";2.73333333333333;1.73333333333333;1;12;6;6;0.185126620522238;1;0;0.0859370365379217;0.0154852422928374;0.333333333333333;4
"2-Multi";55;"Oedemeridae";1.5;0.5;1;2;1;1;0.093226545161919;1;0;0.000364695944779867;0.011458357445646;0.333333333333333;2
"2-Multi";56;"Psilothrix_viridicoerulea";14.3952380952381;13.3952380952381;1;40;20;20;1;1;0;1;0.0147079372064054;0.333333333333333;4
"2-Multi";57;"Scaeva_sp.";1.45;0.45;1;4;2;2;0.0933510165297303;1;0;0.0131835602111734;0.0635119751110806;0.333333333333333;4
"2-Multi";58;"Sphaerophoria_scripta";10.3833333333333;5.18333333333333;5.2;20;10;10;0.500552775710501;1;0.0315234399572723;0.0360855565786707;1;1;4
"3-Multi";1;"A1 LEMA";1.1531007751938;0.153100775193798;1;4;2;2;0.132409636287484;1;0.778658582837545;0;0.0120022669730113;0.333333333333333;4
"3-Multi";2;"A2 CHFU";1.65;0.65;1;4;2;2;0.179611434841131;1;0;0;1.43947019144553e-05;0.333333333333333;2
"3-Multi";3;"A2 LEMA";1.23643410852713;0.236434108527132;1;4;2;2;0.130861440847928;1;0.77148425913448;0;0.010338176220295;0.333333333333333;4
"3-Multi";4;"A3 CHFU";1.33333333333333;0.333333333333333;1;2;1;1;0.0944414890693349;1;1.51857178614443e-05;0;0.0108073695408834;0.333333333333333;2
"3-Multi";5;"A3 LEMA";1.35658914728682;0.356589147286822;1;4;2;2;0.0971932714474301;1;0.520896475916224;0;0.00706318178516432;0.333333333333333;4
"3-Multi";6;"A4 LEMA";1.37984496124031;0.37984496124031;1;4;2;2;0.117804198098337;1;0.674026645433367;0;0.00728703856745975;0.333333333333333;2
"3-Multi";7;"A5 LEMA";1.08333333333333;0.0833333333333333;1;2;1;1;0.0751768094783048;1;0.114634331350179;0;0.017398797624662;0.333333333333333;2
"3-Multi";8;"A6 LEMA";1.52325581395349;0.523255813953488;1;6;3;3;0.11847574005811;1;0.375909996123457;0;0.00828959939470836;0.333333333333333;4
"3-Multi";9;"B1 CHFU";2;1;1;2;1;1;0.151222197930174;1;0;0;1.43947019144553e-05;0.333333333333333;2
"3-Multi";10;"B1 LEMA";2.25;1.25;1;4;2;2;0.131086606057152;1;0.00760927798141994;0;0.0165176706869691;0.333333333333333;2
"3-Multi";11;"B2 CHFU";2.66666666666667;1.66666666666667;1;4;2;2;0.193263022308744;1;0.000213847971215202;0;0.0270353234866504;0.333333333333333;2
"3-Multi";12;"B2 LEMA";1.37984496124031;0.37984496124031;1;6;3;3;0.126762812856431;1;0.530352855159668;0;0.0824851458568865;0.333333333333333;4
"3-Multi";13;"B2 ME";2;1;1;2;1;1;0.154768616356676;1;0;3.21991942798835e-07;0.00289933083781754;0.333333333333333;2
"3-Multi";14;"B5 LEMA";1.02325581395349;0.0232558139534884;1;2;1;1;0.0714237543713424;1;0.999999999999999;0;0.0102034234224611;0.333333333333333;2
"3-Multi";15;"C1 LEMA";2.02325581395349;1.02325581395349;1;4;2;2;0.112557311135994;1;0.513193298073026;0;0.0712593606782948;0.333333333333333;2
"3-Multi";16;"C2 LEMA";1.08333333333333;0.0833333333333333;1;2;1;1;0.0751768094720779;1;0.114634331350179;0;0.017398797624662;0.333333333333333;2
"3-Multi";17;"C3 LEMA";1.18992248062015;0.189922480620155;1;4;2;2;0.0927062229810353;1;0.542968518268961;0;0.0104729290181288;0.333333333333333;4
"3-Multi";18;"C4 CHFU";1.25;0.25;1;2;1;1;0.0932175000693968;1;0;0;1.43947019144553e-05;0.333333333333333;2
"3-Multi";19;"C4 LEMA";2.16666666666667;1.16666666666667;1;4;2;2;0.165306795686682;1;0.0113405436408498;0;0.000869695282734102;0.333333333333333;2
"3-Multi";20;"C5 CHFU";1.5;0.5;1;2;1;1;0.134088854710177;1;0;0;1.43947019144553e-05;0.333333333333333;2
"3-Multi";21;"C5 LEMA";2.33333333333333;1.33333333333333;1;6;3;3;0.145902699338616;1;0.0436273892871424;0;0.016867442661861;0.333333333333333;4
"3-Multi";22;"D1 LEMA";1.5;0.5;1;2;1;1;0.11070112610533;1;0.000601150981600019;0;0.000285121708011215;0.333333333333333;2
"3-Multi";23;"D2 LEMA";1.02325581395349;0.0232558139534884;1;2;1;1;0.0714237543638874;1;1;0;0.0102034234224611;0.333333333333333;2
"3-Multi";24;"D2 ME";2;1;1;2;1;1;0.110259489105154;1;0;0.00223796370638059;0.141394803157292;0.333333333333333;2
"3-Multi";25;"D3 LEMA";2.48643410852713;1.48643410852713;1;8;4;4;0.220110341141212;1;0.46420694631813;0;0.0105113556860418;0.333333333333333;4
"3-Multi";26;"D4 LEMA";1.25;0.25;1;2;1;1;0.083268160083121;1;0.0138232709077661;0;0.00310973189646122;0.333333333333333;2
"3-Multi";27;"D5 LEMA";1.85658914728682;0.856589147286822;1;10;5;5;0.172228418760383;1;0.251237518125663;0;0.00907546554104966;0.333333333333333;4
"3-Multi";28;"E1 LEMA";1.09302325581395;0.0930232558139535;1;2;1;1;0.128656581176622;1;1;0;0.0102034234224611;0.333333333333333;2
"3-Multi";29;"E2 CHFU";1.2;0.2;1;2;1;1;0.0955431128103234;1;0;0;1.43947019144553e-05;0.333333333333333;2
"3-Multi";30;"E2 LEMA";1.46317829457364;0.463178294573643;1;6;3;3;0.143289989218305;1;0.437116619910335;0;0.127077649681448;0.333333333333333;4
"3-Multi";31;"E3 LEMA";1.48643410852713;0.486434108527132;1;6;3;3;0.160022153817833;1;0.620158179311196;0;0.0132875995688593;0.333333333333333;4
"3-Multi";32;"E3 ME";2;1;1;2;1;1;0.141171475799959;1;0;0.00302169818108905;0.335177908915995;0.333333333333333;2
"3-Multi";33;"E4 LEMA";1.09302325581395;0.0930232558139535;1;2;1;1;0.128656581180643;1;1;0;0.0102034234224611;0.333333333333333;2
"3-Multi";34;"E5 CHFU";1.2;0.2;1;2;1;1;0.0955431128179284;1;0;0;1.43947019144553e-05;0.333333333333333;2
"3-Multi";35;"E5 LEMA";1.12984496124031;0.12984496124031;1;4;2;2;0.113332027348192;1;0.70487811045006;0;0.0126018814898614;0.333333333333333;4
"3-Multi";36;"E6 LEMA";1.06976744186047;0.0697674418604651;1;2;1;1;0.109578972237984;1;1;0;0.0102034234224611;0.333333333333333;2
"3-Multi";37;"F1 LEMA";1.91666666666667;0.916666666666667;1;6;3;3;0.129977545503052;1;0.0496916649407122;0;0.164756823278088;0.333333333333333;4
"3-Multi";38;"F2 LEMA";1.08333333333333;0.0833333333333333;1;2;1;1;0.0751768094738034;1;0.114634331350179;0;0.017398797624662;0.333333333333333;2
"3-Multi";39;"F3 LEMA";1.6531007751938;0.653100775193798;1;6;3;3;0.157252410438445;1;0.625563578312271;0;0.018410991888416;0.333333333333333;4
"3-Multi";40;"F4 CHFU";1.2;0.2;1;2;1;1;0.0955431128120841;1;0;0;1.43947019144553e-05;0.333333333333333;2
"3-Multi";41;"F4 LEMA";1.25;0.25;1;2;1;1;0.083268160092105;1;0.0138232709077661;0;0.00310973189646122;0.333333333333333;2
"3-Multi";42;"F5 LEMA";1.04651162790698;0.0465116279069767;1;2;1;1;0.0905013633000778;1;0.999999999999999;0;0.0102034234224611;0.333333333333333;2
"3-Multi";43;"F6 LEMA";1.41666666666667;0.416666666666667;1;4;2;2;0.0964858393320464;1;0.0251641220594041;0;0.161938297465972;0.333333333333333;4
"3-Multi";44;"Andrena_cinerea";1.83333333333333;0.833333333333333;1;4;2;2;0.13126037659696;1;0;0.0220799363000994;0.00209082933428706;0.333333333333333;2
"3-Multi";45;"Anthaxia_semicuprea";2.03333333333333;1.03333333333333;1;6;3;3;0.125848667075097;1;0;0.0417929518324482;0.00565088667931309;0.333333333333333;4
"3-Multi";46;"Chrysomelidae";1.14285714285714;0.142857142857143;1;2;1;1;0.0748362846108965;1;0;0.00635669061878874;0.00729336346748216;0.333333333333333;2
"3-Multi";47;"Dilophus_sp.";9.38571428571429;7.38571428571429;2;28;14;14;0.53209975873451;1;0;0.114634331350177;0.0250905347821173;0.666666666666667;4
"3-Multi";48;"Diptera";6;4;2;10;5;5;0.32044873136428;1;0;0.0013939764931884;0.011707089715971;0.666666666666667;2
"3-Multi";49;"Empididae";5.46666666666667;3.06666666666667;2.4;10;5;5;0.340331306066347;1;3.35913551517944e-06;1.51857178612821e-05;0.0197454230474887;0.666666666666667;2
"3-Multi";50;"Eupeodes_corollae";4.53333333333333;2.53333333333333;2;10;5;5;0.271000367371187;1;0;0.0148538600180597;0.0361751876046582;0.666666666666667;4
"3-Multi";51;"Melyridae";2.5;1.5;1;4;2;2;0.172203267167035;1;0;0.000601150981599875;0.000404808634419583;0.333333333333333;2
"3-Multi";52;"Mordellidae";3.34285714285714;2.34285714285714;1;8;4;4;0.180412793326415;1;0;0.0138232709077659;0.0044781635145481;0.333333333333333;4
"3-Multi";53;"Musca_sp.";7.1;3.3;3.8;8;4;4;0.236873576497818;1;0.0233472406232231;0.026386596146053;0.394694902970003;0.666666666666667;2
"3-Multi";54;"Odontomyia_sp.";2.73333333333333;1.73333333333333;1;12;6;6;0.185126620522238;1;0;0.0859370365379217;0.0154852422928374;0.333333333333333;4
"3-Multi";55;"Oedemeridae";1.5;0.5;1;2;1;1;0.093226545161919;1;0;0.000364695944779867;0.011458357445646;0.333333333333333;2
"3-Multi";56;"Psilothrix_viridicoerulea";14.3952380952381;13.3952380952381;1;40;20;20;1;1;0;1;0.0147079372064054;0.333333333333333;4
"3-Multi";57;"Scaeva_sp.";1.45;0.45;1;4;2;2;0.0933510165297303;1;0;0.0131835602111734;0.0635119751110806;0.333333333333333;4
"3-Multi";58;"Sphaerophoria_scripta";10.3833333333333;5.18333333333333;5.2;20;10;10;0.500552775710501;1;0.0315234399572723;0.0360855565786707;1;1;4
"Aggr";1;"A1 LEMA";1.1531007751938;0.153100775193798;1;4;2;2;0.0977454071746283;0.0155024552169482;0.79117512673321;0;0.0406098330869878;0;4
"Aggr";2;"A2 CHFU";1.65;0.65;1;4;2;2;0.116304901183123;0.0360062498624249;0.0603766185900871;0;0.0915256333690553;0;4
"Aggr";3;"A2 LEMA";1.23643410852713;0.236434108527132;1;4;2;2;0.100672695218647;0.00950759040392207;0.771455557642464;0;0.0237219396228867;0;4
"Aggr";4;"A3 CHFU";1.33333333333333;0.333333333333333;1;2;1;1;0.0609328594771248;0.225611799954618;0.00105867967069049;0;0.371265915318769;0;2
"Aggr";5;"A3 LEMA";1.35658914728682;0.356589147286822;1;4;2;2;0.0660787589069177;0.00333819805747693;0.520913019909701;0;0.0168525192301398;0;4
"Aggr";6;"A4 LEMA";1.37984496124031;0.37984496124031;1;4;2;2;0.0882043058769812;0.00491976637085738;0.673997541165178;0;0.01644125138097;0;2
"Aggr";7;"A5 LEMA";1.08333333333333;0.0833333333333333;1;2;1;1;0.0384430815938621;0.0085805239936376;0.16470050693284;0;0.0930599871052036;0;2
"Aggr";8;"A6 LEMA";1.52325581395349;0.523255813953488;1;6;3;3;0.0883537733188373;0.00592385723807306;0.375882756796419;0;0.0197378172363597;0;4
"Aggr";9;"B1 CHFU";2;1;1;2;1;1;0.133781531528891;0.0624199296252054;0.0172666943121444;0;0.137296572446259;0;2
"Aggr";10;"B1 LEMA";2.25;1.25;1;4;2;2;0.100192487268669;0.0202413188072842;0.00884448747630455;0;0.0890486199740064;0;2
"Aggr";11;"B2 CHFU";2.66666666666667;1.66666666666667;1;4;2;2;0.179150445619444;0.862525339395031;0.0134541558007933;0;0.473121697072115;0;2
"Aggr";12;"B2 LEMA";1.37984496124031;0.37984496124031;1;6;3;3;0.0936352670070539;0.0757505699104268;0.531016834657714;0;0.187148642664027;0;4
"Aggr";13;"B2 ME";2;1;1;2;1;1;0.144607867979067;0.6768353998639;0.00105867967069051;0;0.371265915318769;0;2
"Aggr";14;"B5 LEMA";1.02325581395349;0.0232558139534884;1;2;1;1;0.0388627970865209;0.00230731040772599;0.999999999999999;0;0.0231264484142492;0;2
"Aggr";15;"C1 LEMA";2.02325581395349;1.02325581395349;1;4;2;2;0.0869573472007864;0.00399665724975163;0.513554122787363;0;0.0200413511684976;0;2
"Aggr";16;"C2 LEMA";1.08333333333333;0.0833333333333333;1;2;1;1;0.0384430815936195;0.00858052399368504;0.16470050693284;0;0.0930599871052036;0;2
"Aggr";17;"C3 LEMA";1.18992248062015;0.189922480620155;1;4;2;2;0.0611378114981939;0.0048929695883703;0.542911115284929;0;0.0243174308315243;0;4
"Aggr";18;"C4 CHFU";1.25;0.25;1;2;1;1;0.0771385343290719;0.0257415719809979;0.16470050693284;0;0.0930599871052036;0;2
"Aggr";19;"C4 LEMA";2.16666666666667;1.16666666666667;1;4;2;2;0.141864669463103;0.000716769415064769;0.0112944024670422;0;0.00180922120761502;0;2
"Aggr";20;"C5 CHFU";1.5;0.5;1;2;1;1;0.135181713431827;0.05148314396205;0.16470050693284;0;0.0930599871052036;0;2
"Aggr";21;"C5 LEMA";2.33333333333333;1.33333333333333;1;6;3;3;0.165030542804696;0.049847201103508;0.0633939585545651;0;0.107038338684148;0;4
"Aggr";22;"D1 LEMA";1.5;0.5;1;2;1;1;0.08271653560234;0.000106478304411511;0.000596181438549519;0;0.000547585100818425;0;2
"Aggr";23;"D2 LEMA";1.02325581395349;0.0232558139534884;1;2;1;1;0.0388627970862422;0.00230731040778048;1;0;0.0231264484142492;0;2
"Aggr";24;"D2 ME";2;1;1;2;1;1;0.0671899053400979;0.00168934684206609;0.0271082455747254;0;0.016956253922746;0;2
"Aggr";25;"D3 LEMA";2.48643410852713;1.48643410852713;1;8;4;4;0.184973007136647;0.0268735874301158;0.478595491745212;0;0.0407243594147006;0;4
"Aggr";26;"D4 LEMA";1.25;0.25;1;2;1;1;0.0516523200704161;0.00103190023361065;0.0142386930770245;0;0.0109077275649896;0;2
"Aggr";27;"D5 LEMA";1.85658914728682;0.856589147286822;1;10;5;5;0.140258464531118;0.0155362814653055;0.261317494079825;0;0.0326362332758544;0;4
"Aggr";28;"E1 LEMA";1.09302325581395;0.0930232558139535;1;2;1;1;0.0981651226669521;0.00922924163110206;1;0;0.0231264484142492;0;2
"Aggr";29;"E2 CHFU";1.2;0.2;1;2;1;1;0.0386785386531386;0.00513233894069916;0.00821467441871057;0;0.0907584565009811;0;2
"Aggr";30;"E2 LEMA";1.46317829457364;0.463178294573643;1;6;3;3;0.103437992611101;0.150295724637845;0.448238144610968;0;0.298595881018264;0;4
"Aggr";31;"E3 LEMA";1.48643410852713;0.486434108527132;1;6;3;3;0.129344239294304;0.0251125728102342;0.6206177849764;0;0.0464368661875611;0;4
"Aggr";32;"E3 ME";2;1;1;2;1;1;0.0954754371171246;0.411301739485824;0.0382451080609987;0;0.676833260578809;0;2
"Aggr";33;"E4 LEMA";1.09302325581395;0.0930232558139535;1;2;1;1;0.098165122667149;0.00922924163106359;1;0;0.0231264484142492;0;2
"Aggr";34;"E5 CHFU";1.2;0.2;1;2;1;1;0.0386785386533238;0.00513233894066291;0.00821467441871066;0;0.0907584565009811;0;2
"Aggr";35;"E5 LEMA";1.12984496124031;0.12984496124031;1;4;2;2;0.0779779653140108;0.0131951448092488;0.72156683564428;0;0.0464376279779007;0;4
"Aggr";36;"E6 LEMA";1.06976744186047;0.0697674418604651;1;2;1;1;0.0783976808068683;0.00692193122329832;1;0;0.0231264484142492;0;2
"Aggr";37;"F1 LEMA";1.91666666666667;0.916666666666667;1;6;3;3;0.0889185651629137;0.155773744933743;0.0637129498268164;0;0.386848550997823;0;4
"Aggr";38;"F2 LEMA";1.08333333333333;0.0833333333333333;1;2;1;1;0.0384430815935055;0.00858052399370732;0.16470050693284;0;0.0930599871052036;0;2
"Aggr";39;"F3 LEMA";1.6531007751938;0.653100775193798;1;6;3;3;0.122760863446404;0.0255950963284944;0.635672316637053;0;0.0526214056152848;0;4
"Aggr";40;"F4 CHFU";1.2;0.2;1;2;1;1;0.038678538653164;0.00513233894069418;0.00821467441871064;0;0.0907584565009811;0;2
"Aggr";41;"F4 LEMA";1.25;0.25;1;2;1;1;0.0516523200705568;0.00103190023358314;0.0142386930770245;0;0.0109077275649896;0;2
"Aggr";42;"F5 LEMA";1.04651162790698;0.0465116279069767;1;2;1;1;0.0586302389462918;0.00461462081559089;1;0;0.0231264484142492;0;2
"Aggr";43;"F6 LEMA";1.41666666666667;0.416666666666667;1;4;2;2;0.0604969129501992;0.0841552723206185;0.0277559011865716;0;0.407064916512534;0;4
"Aggr";44;"Andrena_cinerea";1.83333333333333;0.833333333333333;1;4;2;2;0.104379059746989;0.00135252480316735;0;0.0219926234955345;0.00453028743577366;0;2
"Aggr";45;"Anthaxia_semicuprea";2.03333333333333;1.03333333333333;1;6;3;3;0.096056335838892;0.00456929845839425;0;0.0418260398194013;0.0156228038898577;0;4
"Aggr";46;"Chrysomelidae";1.14285714285714;0.142857142857143;1;2;1;1;0.0415563632358987;0.00259842789886055;0;0.00652873527377902;0.0275680415206795;0;2
"Aggr";47;"Dilophus_sp.";9.38571428571428;7.38571428571429;2;28;14;14;0.546288744496766;0.152128993171528;0;0.164700506932839;0.137487325009731;0;4
"Aggr";48;"Diptera";6;4;2;10;5;5;0.23039039325547;0.0379142324834228;0;0.00821467441871079;0.134086862179003;0;4
"Aggr";49;"Empididae";4.66666666666667;2.66666666666667;2;6;3;3;0.295323559415521;1;0;0.00105867967069018;0.548530704768846;0;2
"Aggr";50;"Eupeodes_corollae";4.53333333333333;2.53333333333333;2;10;5;5;0.269849826593871;0.0922232046931775;0;0.0172666943121439;0.202845945023146;0;4
"Aggr";51;"Melyridae";2.5;1.5;1;4;2;2;0.149696895009418;0.00031463574279223;0;0.000596181438549424;0.000802206063145896;0;2
"Aggr";52;"Mordellidae";3.34285714285714;2.34285714285714;1;8;4;4;0.153209246325105;0.00609838216901357;0;0.0142386930770245;0.0161090976186336;0;4
"Aggr";53;"Musca_sp.";3.5;1.5;2;4;2;2;0.11316364732463;0.00249594929926441;0;0.0271082455747253;0.0250456674919605;0;2
"Aggr";54;"Odontomyia_sp.";2.73333333333333;1.73333333333333;1;12;6;6;0.157235395842401;0.0229213115725423;0;0.0858222305698571;0.0376813021680157;0;4
"Aggr";55;"Oedemeridae";1.5;0.5;1;2;1;1;0.0616771623155936;0.0068500205543043;0;0.000422280640464649;0.0602752846637621;0;2
"Aggr";56;"Psilothrix_viridicoerulea";14.3952380952381;13.3952380952381;1;40;20;20;1;0.146585635967811;0;1;0.0341619994617509;0;4
"Aggr";57;"Scaeva_sp.";1.45;0.45;1;4;2;2;0.0588598971093128;0.0298230296866634;0;0.0136610762524276;0.148727553730993;0;4
"Aggr";58;"Sphaerophoria_scripta";5.98333333333333;2.98333333333333;3;12;6;6;0.269576759623835;0.607683551375233;0;0.0382451080609982;1;0;4
