"Layer";"Node";"Label";"Strength";"StrengthIn";"StrengthOut";"Degree";"DegreeIn";"DegreeOut";"PageRank";"Eigenvector";"Hub";"Authority";"Katz";"Multiplexity";"Kcore"
"1-Multi";1;"A1 LEMA";1.29015151515152;0.290151515151515;1;6;3;3;0.0783260785802504;0.0238340019264477;0.326041595759095;5.74869312039225e-05;0.0380049642022202;0.25;6
"1-Multi";2;"A2 CHFU";1.26923076923077;0.269230769230769;1;2;1;1;0.0910288741068419;0.00541916443611727;0.00713849890405324;0.000133758143634244;0.0126254864930758;0.25;2
"1-Multi";3;"A2 LEMA";1.19166666666667;0.191666666666667;1;4;2;2;0.0680479838937425;0.0371023266899396;0.442114373582899;0.000108426848624062;0.075365738214453;0.25;4
"1-Multi";4;"A2 PUPA";1.33333333333333;0.333333333333333;1;2;1;1;0.0636068602384451;4.9797234659483e-05;1.92941018304747e-07;7.82904328009781e-07;9.0625064356392e-05;0.25;2
"1-Multi";5;"A3 CHFU";1.37179487179487;0.371794871794872;1;4;2;2;0.0699413093382789;0.0015180648295495;0.0040420207769723;2.24954641355511e-05;0.00946718905468895;0.25;4
"1-Multi";6;"A3 LEMA";2.13888888888889;1.13888888888889;1;6;3;3;0.0844731763047871;0.0577207088752015;0.0956251013637997;0.000288708795643915;0.135818094048488;0.25;4
"1-Multi";7;"A4 CHFU";1.09401709401709;0.094017094017094;1;4;2;2;0.063017038622952;0.0112967127666389;0.0287447408238575;0.000275700394018655;0.043309824747672;0.25;4
"1-Multi";8;"A4 LEMA";1.16785714285714;0.167857142857143;1;4;2;2;0.0609792292641479;0.00979900689388064;0.529765576988739;4.45708777134386e-05;0.0489479531204995;0.25;4
"1-Multi";9;"A5 CHFU";1.14957264957265;0.14957264957265;1;4;2;2;0.0746659372076708;0.0218192591852823;0.0359468214637918;0.000532292481803675;0.0535379374992041;0.25;4
"1-Multi";10;"A5 LEMA";1.21666666666667;0.216666666666667;1;4;2;2;0.0763127371098562;0.0390154398991616;0.581585780187175;0.000108791476158226;0.0600523101605244;0.25;4
"1-Multi";11;"A6 CHFU";1.42735042735043;0.427350427350427;1;6;3;3;0.0815902079229976;0.0120406112481768;0.0194783414325354;0.00027908755192069;0.0309761803705487;0.25;4
"1-Multi";12;"B1 CHFU";1.05555555555556;0.0555555555555556;1;2;1;1;0.0564069162781845;0.0105225464186308;0.0503509827436612;0.00025659208778513;0.0739941630022682;0.25;2
"1-Multi";13;"B2 CHFU";1.48717948717949;0.487179487179487;1;4;2;2;0.0881587993833475;0.00326160811502226;0.00574838704739649;7.75535695349914e-05;0.0105962914691158;0.25;4
"1-Multi";14;"B2 LEMA";1.32070707070707;0.320707070707071;1;6;3;3;0.077882301099505;0.0348507710968247;0.106021990190223;0.000187510717525838;0.060996119444649;0.25;6
"1-Multi";15;"B2 PUPA";1.29166666666667;0.291666666666667;1;6;3;3;0.0995003514173538;0.0013269080900319;3.31115299818813e-06;0.000103367769636745;0.000271068938774574;0.25;6
"1-Multi";16;"B3 CHFU";1.33333333333333;0.333333333333333;1;2;1;1;0.0633311869935112;0.000743898481531601;0.000945542649891638;3.3871579020989e-06;0.00630889161630206;0.25;2
"1-Multi";17;"B3 LEMA";1.38932178932179;0.389321789321789;1;8;4;4;0.107603157533243;0.0249875806816939;0.60217521249563;0.0001351701076911;0.027645268449098;0.25;6
"1-Multi";18;"B3 PUPA";1.62872628726287;0.628726287262873;1;6;3;3;0.100862805156191;0.00199240257028384;8.64988400043923e-06;6.40189678433537e-05;0.0060196097156558;0.25;4
"1-Multi";19;"B4 CHFU";1.05555555555556;0.0555555555555556;1;2;1;1;0.0564069162781844;0.010522546418628;0.0503509827436613;0.00025659208778515;0.0739941630022682;0.25;2
"1-Multi";20;"B4 LEMA";1.30952380952381;0.30952380952381;1;4;2;2;0.0761774032541404;0.0466755408235118;0.104823971787754;0.000435371491747095;0.100503455286906;0.25;4
"1-Multi";21;"B4 PUPA";1.14244579945799;0.142445799457995;1;6;3;3;0.077306699302779;0.000460062121616387;4.21866098530442e-06;3.19981029606588e-05;0.000356063125862596;0.25;6
"1-Multi";22;"B5 CHFU";1.70512820512821;0.705128205128205;1;6;3;3;0.106334042342554;0.00162355241238318;0.00217022300405838;2.21987638121355e-05;0.00527866399169121;0.25;4
"1-Multi";23;"B5 LEMA";3.11829004329004;2.11829004329004;1;12;6;6;0.147076386356118;0.0665189067048488;0.324144217673598;0.000551575272097308;0.0526298347816075;0.25;6
"1-Multi";24;"B5 ME";3;2;1;4;2;2;0.157437640666558;0.373454869860014;0.00241075726174941;0.0392556782822283;0.15556764053243;0.25;2
"1-Multi";25;"B5 PUPA";1.02439024390244;0.024390243902439;1;2;1;1;0.0553822569718702;0.000106239960183599;7.95056661840509e-06;3.79576962979975e-06;0.00055554349155636;0.25;2
"1-Multi";26;"B6 CHFU";1.16666666666667;0.166666666666667;1;2;1;1;0.0637608226902213;0.000342221670709243;0.000677226745704796;9.8505648875463e-07;0.00300482905020669;0.25;2
"1-Multi";27;"B6 LEMA";1.025;0.025;1;2;1;1;0.0530227709095793;0.00191311320923518;1;3.64627534087701e-07;0.0141120259987388;0.25;2
"1-Multi";28;"B6 PUPA";1.0625;0.0625;1;2;1;1;0.0563482853384105;0.000106834374429815;7.26982974213259e-07;1.61809925728347e-05;0.000122622410118474;0.25;2
"1-Multi";29;"C1 LEMA";1.09090909090909;0.0909090909090909;1;2;1;1;0.0536533682827597;0.0021631409884203;0.070497411331016;1.54559656251509e-06;0.0159576182439159;0.25;2
"1-Multi";30;"C2 CHFU";1.5;0.5;1;2;1;1;0.0737685621521065;0.0011393228045677;0.000636249658166029;7.52105833817432e-06;0.00801809296220403;0.25;2
"1-Multi";31;"C2 LEMA";1.47265512265512;0.472655122655123;1;10;5;5;0.110002421729234;0.0482259766299702;0.551640212925919;0.00023162988127912;0.046032355471487;0.25;6
"1-Multi";32;"C2 PUPA";1.07994579945799;0.0799457994579946;1;4;2;2;0.0657164316578348;0.000353227747188772;5.96449999102266e-06;1.58171103878228e-05;0.000472783483734657;0.25;4
"1-Multi";33;"C3 CHFU";2.55555555555556;1.55555555555556;1;6;3;3;0.10410789462337;0.0351298540184264;0.0187325620554488;0.00168157858195286;0.0550097824387292;0.25;4
"1-Multi";34;"C3 LEMA";1.15;0.15;1;2;1;1;0.0943465369901466;0.0114786792553499;1;2.18776520489235e-06;0.0141120259987388;0.25;2
"1-Multi";35;"C3 PUPA";1.47967479674797;0.479674796747967;1;6;3;3;0.171347413043837;0.00267778045335357;6.36031235987727e-06;0.000147315305652489;0.000465287164471789;0.25;6
"1-Multi";36;"C4 CHFU";1.05555555555556;0.0555555555555556;1;2;1;1;0.0564069162781844;0.0105225464186269;0.0503509827436613;0.000256592087785159;0.0739941630022682;0.25;2
"1-Multi";37;"C4 LEMA";1.4754329004329;0.4754329004329;1;8;4;4;0.109867013491776;0.0545780214396286;0.436224162310254;0.000438010970911869;0.0575384396734694;0.25;6
"1-Multi";38;"C4 PUPA";1.07994579945799;0.0799457994579946;1;4;2;2;0.0657164316578343;0.000353227747179977;5.96449999133387e-06;1.58171103878883e-05;0.000472783483734657;0.25;4
"1-Multi";39;"C5 ME";2;1;1;2;1;1;0.0646392251965765;0.0221527965528924;0.000118797198958484;0.00050874131109166;0.279696929026694;0.25;2
"1-Multi";40;"C5 PUPA";1.48611111111111;0.486111111111111;1;4;2;2;0.134967972935062;0.00113498182054902;1.53984557195853e-06;0.000121128636953279;0.000189472676567094;0.25;4
"1-Multi";41;"C6 CHFU";1.24786324786325;0.247863247863248;1;4;2;2;0.0894575280020244;0.0143933781587144;0.014340579543988;0.000352133618952434;0.0228535992446079;0.25;4
"1-Multi";42;"C6 PUPA";1.02439024390244;0.024390243902439;1;2;1;1;0.0553822569718701;0.000106239960176449;7.9505666186342e-06;3.79576962985249e-06;0.00055554349155636;0.25;2
"1-Multi";43;"D1 CHFU";2;1;1;2;1;1;0.108165209425863;0;0;0;7.47626483132112e-06;0.25;2
"1-Multi";44;"D1 LEMA";1.27896825396825;0.278968253968254;1;6;3;3;0.0817345230309766;0.0300149824452046;0.316162663465726;0.000262919042382192;0.060324957468002;0.25;4
"1-Multi";45;"D2 CHFU";2.55555555555556;1.55555555555556;1;6;3;3;0.114394014336921;0.0134796000726835;0.0171866277911242;0.000293445584276615;0.0316001077886424;0.25;2
"1-Multi";46;"D2 LEMA";2.5952380952381;1.5952380952381;1;6;3;3;0.118222939633799;0.0464755511078191;0.0669935931650584;0.00015657776010551;0.0473442441858863;0.25;4
"1-Multi";47;"D2 PUPA";1.23983739837398;0.239837398373984;1;4;2;2;0.107633259586573;0.00105968324155857;5.96449999100675e-06;4.74513311634929e-05;0.000472783483734657;0.25;4
"1-Multi";48;"D3 CHFU";1.16666666666667;0.166666666666667;1;2;1;1;0.0637608226902215;0.000342221670716588;0.000677226745704617;9.8505648869913e-07;0.00300482905020669;0.25;2
"1-Multi";49;"D3 LEMA";1.025;0.025;1;2;1;1;0.0530227709095787;0.00191311320921974;1;3.64627534201303e-07;0.0141120259987388;0.25;2
"1-Multi";50;"D3 PUPA";2.04878048780488;1.04878048780488;1;8;4;4;0.190265447323905;0.00749384986142521;5.41322132137111e-06;0.0108411887763254;0.000538678870051005;0.25;6
"1-Multi";51;"D4 LEMA";1.10833333333333;0.108333333333333;1;4;2;2;0.0605353774016609;0.0195077199495939;0.581585780187174;5.43957380790264e-05;0.0600523101605244;0.25;4
"1-Multi";52;"D4 PUPA";1.07317073170732;0.0731707317073171;1;2;1;1;0.0766307355286776;0.000318719880520721;7.95056661896092e-06;1.13873088895879e-05;0.00055554349155636;0.25;2
"1-Multi";53;"D5 CHFU";2.26068376068376;1.26068376068376;1;8;4;4;0.104308295554737;0.0129485202928928;0.0146330961747571;0.000307414170324078;0.0249283862256878;0.25;4
"1-Multi";54;"D5 LEMA";1.14285714285714;0.142857142857143;1;2;1;1;0.057827818344126;0.00224210447675278;0.0248074984138811;1.77758713609899e-06;0.0150345099363608;0.25;2
"1-Multi";55;"D5 PUPA";1.10433604336043;0.104336043360434;1;4;2;2;0.0766203081242909;0.000645605697435666;7.15427202570999e-06;3.70837611262266e-05;0.000490375060658067;0.25;4
"1-Multi";56;"D6 CHFU";1.33333333333333;0.333333333333333;1;2;1;1;0.0617183100042752;0.000164942722937299;0.0001879396207715;1.12034460128289e-06;0.00247951137327562;0.25;2
"1-Multi";57;"D6 LEMA";1.025;0.025;1;2;1;1;0.0530227709095793;0.00191311320923375;1;3.64627534097661e-07;0.0141120259987388;0.25;2
"1-Multi";58;"D6 PUPA";2.87178184281843;1.87178184281843;1;12;6;6;0.188818029584052;0.00754201717920085;4.02106348876825e-06;0.0134592886148931;0.000716070398801626;0.25;6
"1-Multi";59;"E1 CHFU";1.15384615384615;0.153846153846154;1;2;1;1;0.0711985070725381;0.00309666539207973;0.00713849890405283;7.64332249337647e-05;0.0126254864930758;0.25;2
"1-Multi";60;"E1 LEMA";1.025;0.025;1;2;1;1;0.0530227709095787;0.00191311320921703;1;3.64627534221638e-07;0.0141120259987388;0.25;2
"1-Multi";61;"E1 PUPA";1.74661246612466;0.746612466124661;1;6;3;3;0.103693753935847;0.000638960206586761;3.47453287370695e-06;3.48538001523216e-05;0.000274207954782657;0.25;4
"1-Multi";62;"E2 CHFU";2;1;1;2;1;1;0.122212046665503;0.194504179837166;0.0118793683378873;0.0068569081004038;0.0844387924091069;0.25;2
"1-Multi";63;"E2 LEMA";2.08055555555556;1.08055555555556;1;6;3;3;0.120504418764013;0.0227058220128697;0.377562703118798;0.000485046277674308;0.0476344917118218;0.25;4
"1-Multi";64;"E2 ME";2;1;1;4;2;2;0.0931781187926496;0.021821271268346;0.000460472980007765;0.00335704292936942;0.0613983472541979;0.25;2
"1-Multi";65;"E2 PUPA";1.54878048780488;0.548780487804878;1;4;2;2;0.0799043911918229;0.00163917482310008;1.04401400064934e-05;4.82018574555175e-05;0.0097174938702699;0.25;4
"1-Multi";66;"E3 CHFU";1.05555555555556;0.0555555555555556;1;2;1;1;0.0564069162781837;0.0105225464186303;0.0503509827436612;0.000256592087785134;0.0739941630022682;0.25;2
"1-Multi";67;"E3 LEMA";1.025;0.025;1;2;1;1;0.0530227709095788;0.00191311320922485;1;3.64627534163446e-07;0.0141120259987388;0.25;2
"1-Multi";68;"E3 PUPA";1.12872628726287;0.128726287262873;1;4;2;2;0.0869649102146429;0.000565707667538009;6.95753330488946e-06;2.34086496475218e-05;0.000514163487645509;0.25;4
"1-Multi";69;"E4 CHFU";1.61111111111111;0.611111111111111;1;4;2;2;0.0913897828623738;0.0396721043636786;0.0353020003785375;0.00172525302466874;0.0701107076508907;0.25;4
"1-Multi";70;"E4 LEMA";1.1984126984127;0.198412698412698;1;4;2;2;0.0605354517834031;0.0208157760642845;0.0897263658509945;0.000174594664035151;0.0949302636053572;0.25;4
"1-Multi";71;"E5 CHFU";2.05555555555556;1.05555555555556;1;4;2;2;0.0841757194463154;0.0313153828496815;0.0259741092521098;0.000445905226154235;0.103464444028562;0.25;2
"1-Multi";72;"E5 LEMA";1.025;0.025;1;2;1;1;0.0530227709095792;0.00191311320922952;1;3.64627534128757e-07;0.0141120259987388;0.25;2
"1-Multi";73;"E5 PUPA";2;1;1;2;1;1;0.0957705523680321;0.00842352038703079;4.91159082333116e-05;0.00132230457348344;0.0179051243162769;0.25;2
"1-Multi";74;"E6 LEMA";1.14285714285714;0.142857142857143;1;2;1;1;0.0578278183441259;0.00224210447673846;0.0248074984138816;1.77758713620476e-06;0.0150345099363608;0.25;2
"1-Multi";75;"E6 ME";1.5;0.5;1;2;1;1;0.0625484000443994;0.0190547049184066;0.000895375867419294;0.00327100136983676;0.107222970277072;0.25;2
"1-Multi";76;"E6 PUPA";1.0625;0.0625;1;2;1;1;0.0563482853384099;0.00010683437441408;7.26982974745836e-07;1.61809925729522e-05;0.000122622410118474;0.25;2
"1-Multi";77;"F1 LEMA";1.09090909090909;0.0909090909090909;1;2;1;1;0.0536533682827603;0.00216314098842764;0.0704974113310158;1.54559656245871e-06;0.0159576182439159;0.25;2
"1-Multi";78;"F1 PUPA";1.07317073170732;0.0731707317073171;1;2;1;1;0.0766307355286778;0.000318719880528735;7.95056661866443e-06;1.13873088895289e-05;0.00055554349155636;0.25;2
"1-Multi";79;"F2 LEMA";1.10833333333333;0.108333333333333;1;4;2;2;0.0605353774016612;0.0195077199495922;0.581585780187174;5.43957380790386e-05;0.0600523101605244;0.25;4
"1-Multi";80;"F2 PUPA";2.04878048780488;1.04878048780488;1;4;2;2;0.0888252356499865;0.000245599079812672;5.35990767954302e-06;8.43465653689432e-06;0.000429804444390715;0.25;2
"1-Multi";81;"F3 CHFU";1.16666666666667;0.166666666666667;1;2;1;1;0.0637608226902213;0.000342221670715418;0.000677226745704668;9.85056488707312e-07;0.00300482905020669;0.25;2
"1-Multi";82;"F3 LEMA";1.05555555555556;0.0555555555555556;1;2;1;1;0.0525789934288343;0.0129298823796256;0.119921577724512;0.000130388413855901;0.106076646968454;0.25;2
"1-Multi";83;"F3 PUPA";2.16666666666667;1.16666666666667;1;6;3;3;0.109994814269854;0.0247652990587001;8.81474487722869e-05;0.00274258692217185;0.0040628025390737;0.25;4
"1-Multi";84;"F4 CHFU";1.05555555555556;0.0555555555555556;1;2;1;1;0.0564069162781844;0.0105225464186343;0.0503509827436612;0.000256592087785104;0.0739941630022682;0.25;2
"1-Multi";85;"F4 LEMA";1.71590909090909;0.715909090909091;1;6;3;3;0.107263566631031;0.0133373055170004;0.726259114968203;1.75920399180114e-05;0.0142941468812715;0.25;4
"1-Multi";86;"F4 PUPA";1.12872628726287;0.128726287262873;1;4;2;2;0.0872445474026957;0.000751845657621758;7.35334567366978e-06;4.08795307559915e-05;0.000506667168382641;0.25;4
"1-Multi";87;"F5 ME";1.5;0.5;1;2;1;1;0.0753877364417156;0.00276656634992791;2.55700925964406e-05;8.60415595327745e-05;0.0155737242313239;0.25;2
"1-Multi";88;"F5 PUPA";1.125;0.125;1;2;1;1;0.0679385529833546;0.000213668748837529;7.2698297475383e-07;3.236198514582e-05;0.000122622410118474;0.25;2
"1-Multi";89;"F6 CHFU";1.11111111111111;0.111111111111111;1;2;1;1;0.0680558148629034;0.0210450928372711;0.0503509827436611;0.000513184175570173;0.0739941630022682;0.25;2
"1-Multi";90;"F6 LEMA";2;1;1;2;1;1;0.108165209425875;0;0;0;7.47626483132112e-06;0.25;2
"1-Multi";91;"Andrena_cinerea";15.7841991341991;8.31634199134199;7.46785714285714;38;19;19;0.406293205506932;0.218519926720241;0.106022908441579;0.0656795389506091;0.426445067130976;1;6
"1-Multi";92;"Bombyliidae";12.15;11.15;1;36;18;18;0.546031819640905;0.0068483325819227;0.00155691198007772;7.95054937637506e-06;0.000869166682109286;0.25;6
"1-Multi";93;"Bruchidae";1.33333333333333;0.333333333333333;1;2;1;1;0.0676585763290444;0.00285787128770014;0.000293446220752518;0.000572649729548652;0.020101567596261;0.25;2
"1-Multi";94;"Calliphoridae";1.25;0.25;1;2;1;1;0.059790221428947;0.00205895598701697;0.000307414837069047;0.000365675512471315;0.015858103979663;0.25;2
"1-Multi";95;"Cantharidae";3.83333333333333;1.83333333333333;2;6;3;3;0.121294511077462;0.00875136787880947;0.00172998065310163;2.57486265537338e-05;0.0247521640816163;0.5;2
"1-Multi";96;"Dilophus_sp.";26.0179653679654;18.5501082251082;7.46785714285714;72;36;36;1;1;0.280765164686229;0.173225968614695;0.548906011953041;1;6
"1-Multi";97;"Diptera";9.74047619047619;6.93690476190476;2.80357142857143;26;13;13;0.400663015227894;0.0440082249386101;0.00851462726520493;0.0199049873644677;0.0555494754730041;0.5;4
"1-Multi";98;"Empididae";4.75;3.75;1;10;5;5;0.16770596030606;0.00322828482695623;5.91279394803698e-05;0.000677225276885971;0.00472001889904933;0.25;4
"1-Multi";99;"Episyrphus_balteatus";2;1;1;2;1;1;0.108165209425863;0;0;0;7.47626483132112e-06;0.25;2
"1-Multi";100;"Eristalis_sp.";2.5;1.5;1;4;2;2;0.10009383989947;0.000234876501092096;2.34968858217859e-05;1.92940603435645e-07;0.000138205708711872;0.25;2
"1-Multi";101;"Eucera_sp.";3.66666666666667;2.66666666666667;1;16;8;8;0.258331588248734;0.0122574356979287;0.00531080498743133;5.56167077306983e-06;0.000561786439271271;0.25;6
"1-Multi";102;"Eupeodes_corollae";2.45;1.45;1;6;3;3;0.0934283684846761;0.000777978333025525;3.3624298914055e-05;0.000187939213170291;0.00389409611774548;0.25;4
"1-Multi";103;"Lasiocampa_trifolii";4.5;3.5;1;24;12;12;0.25240985956068;0.00698974080319003;0.00216474013864201;3.97842472332601e-06;0.000608930338112063;0.25;6
"1-Multi";104;"Lomatia_sp.";2.33333333333333;1.33333333333333;1;4;2;2;0.101828617878729;0.00358253030868512;0.000150483647686241;0.000636248278210124;0.0126020473466668;0.25;2
"1-Multi";105;"Malachius_bipustulatus";1.23376623376623;0.233766233766234;1;4;2;2;0.0624777656647068;0.00505813874267868;0.000284584273234607;0.0133163645648169;0.0212857946171158;0.25;4
"1-Multi";106;"Meligethes_sp.";6.41233766233766;4.06948051948052;2.34285714285714;24;12;12;0.192304617932812;0.0412891757835125;0.0277288863143908;0.0704997274196715;0.0287282944879377;0.5;6
"1-Multi";107;"Mordellidae";1.09090909090909;0.0909090909090909;1;2;1;1;0.053529080613736;0.0038462661260331;0.000551576468410852;0.00294554211523825;0.0334772578914232;0.25;2
"1-Multi";108;"Musca_sp.";13.302380952381;5.83452380952381;7.46785714285714;26;13;13;0.212268831616575;0.114764519656713;0.00883931366282324;0.00551360628049198;1;1;4
"1-Multi";109;"Nemotelus_sp.";2;1;1;2;1;1;0.108165209425875;0;0;0;7.47626483132112e-06;0.25;2
"1-Multi";110;"Odontomyia_sp.";4.10714285714286;1.30357142857143;2.80357142857143;8;4;4;0.0941160751693946;0.0165716935881152;0.0025620680000254;0.00183860678683177;0.0875096232463033;0.5;2
"1-Multi";111;"Oedemeridae";3.89285714285714;2.89285714285714;1;10;5;5;0.141202165687223;0.0246755574789726;0.000124482784954233;0.0248074446096028;0.0236335029335752;0.25;4
"1-Multi";112;"Psilothrix_viridicoerulea";15.4691558441558;13.1262987012987;2.34285714285714;48;24;24;0.549582178824168;0.132122312463187;0.212296176644386;1;0.0254010577012922;0.5;6
"1-Multi";113;"Scaeva_sp.";2.83333333333333;1.83333333333333;1;6;3;3;0.0991208755056263;0.00350871435987768;0.000101656945138004;0.000945540599132743;0.00991478135237802;0.25;4
"1-Multi";114;"Sphaerophoria_scripta";14.2083333333333;8.08333333333333;6.125;34;17;17;0.50609644399032;0.925795710142447;0.283450997181508;0.17725576293376;0.546537633693278;0.75;6
"1-Multi";115;"Thymelicus_sp.";5.78333333333333;4.78333333333333;1;14;7;7;0.25173825717506;0.00268747282412604;0.00259003419643983;7.26981399489878e-07;0.000188513052185538;0.25;6
"2-Multi";1;"A1 LEMA";1.29015151515152;0.290151515151515;1;6;3;3;0.0783260785802504;0.0238340019264477;0.326041595759095;5.74869312039225e-05;0.0380049642022202;0.25;6
"2-Multi";2;"A2 CHFU";1.26923076923077;0.269230769230769;1;2;1;1;0.0910288741068419;0.00541916443611727;0.00713849890405324;0.000133758143634244;0.0126254864930758;0.25;2
"2-Multi";3;"A2 LEMA";1.19166666666667;0.191666666666667;1;4;2;2;0.0680479838937425;0.0371023266899396;0.442114373582899;0.000108426848624062;0.075365738214453;0.25;4
"2-Multi";4;"A2 PUPA";1.33333333333333;0.333333333333333;1;2;1;1;0.0636068602384451;4.9797234659483e-05;1.92941018304747e-07;7.82904328009781e-07;9.0625064356392e-05;0.25;2
"2-Multi";5;"A3 CHFU";1.37179487179487;0.371794871794872;1;4;2;2;0.0699413093382789;0.0015180648295495;0.0040420207769723;2.24954641355511e-05;0.00946718905468895;0.25;4
"2-Multi";6;"A3 LEMA";2.13888888888889;1.13888888888889;1;6;3;3;0.0844731763047871;0.0577207088752015;0.0956251013637997;0.000288708795643915;0.135818094048488;0.25;4
"2-Multi";7;"A4 CHFU";1.09401709401709;0.094017094017094;1;4;2;2;0.063017038622952;0.0112967127666389;0.0287447408238575;0.000275700394018655;0.043309824747672;0.25;4
"2-Multi";8;"A4 LEMA";1.16785714285714;0.167857142857143;1;4;2;2;0.0609792292641479;0.00979900689388064;0.529765576988739;4.45708777134386e-05;0.0489479531204995;0.25;4
"2-Multi";9;"A5 CHFU";1.14957264957265;0.14957264957265;1;4;2;2;0.0746659372076708;0.0218192591852823;0.0359468214637918;0.000532292481803675;0.0535379374992041;0.25;4
"2-Multi";10;"A5 LEMA";1.21666666666667;0.216666666666667;1;4;2;2;0.0763127371098562;0.0390154398991616;0.581585780187175;0.000108791476158226;0.0600523101605244;0.25;4
"2-Multi";11;"A6 CHFU";1.42735042735043;0.427350427350427;1;6;3;3;0.0815902079229976;0.0120406112481768;0.0194783414325354;0.00027908755192069;0.0309761803705487;0.25;4
"2-Multi";12;"B1 CHFU";1.05555555555556;0.0555555555555556;1;2;1;1;0.0564069162781845;0.0105225464186308;0.0503509827436612;0.00025659208778513;0.0739941630022682;0.25;2
"2-Multi";13;"B2 CHFU";1.48717948717949;0.487179487179487;1;4;2;2;0.0881587993833475;0.00326160811502226;0.00574838704739649;7.75535695349914e-05;0.0105962914691158;0.25;4
"2-Multi";14;"B2 LEMA";1.32070707070707;0.320707070707071;1;6;3;3;0.077882301099505;0.0348507710968247;0.106021990190223;0.000187510717525838;0.060996119444649;0.25;6
"2-Multi";15;"B2 PUPA";1.29166666666667;0.291666666666667;1;6;3;3;0.0995003514173538;0.0013269080900319;3.31115299818813e-06;0.000103367769636745;0.000271068938774574;0.25;6
"2-Multi";16;"B3 CHFU";1.33333333333333;0.333333333333333;1;2;1;1;0.0633311869935112;0.000743898481531601;0.000945542649891638;3.3871579020989e-06;0.00630889161630206;0.25;2
"2-Multi";17;"B3 LEMA";1.38932178932179;0.389321789321789;1;8;4;4;0.107603157533243;0.0249875806816939;0.60217521249563;0.0001351701076911;0.027645268449098;0.25;6
"2-Multi";18;"B3 PUPA";1.62872628726287;0.628726287262873;1;6;3;3;0.100862805156191;0.00199240257028384;8.64988400043923e-06;6.40189678433537e-05;0.0060196097156558;0.25;4
"2-Multi";19;"B4 CHFU";1.05555555555556;0.0555555555555556;1;2;1;1;0.0564069162781844;0.010522546418628;0.0503509827436613;0.00025659208778515;0.0739941630022682;0.25;2
"2-Multi";20;"B4 LEMA";1.30952380952381;0.30952380952381;1;4;2;2;0.0761774032541404;0.0466755408235118;0.104823971787754;0.000435371491747095;0.100503455286906;0.25;4
"2-Multi";21;"B4 PUPA";1.14244579945799;0.142445799457995;1;6;3;3;0.077306699302779;0.000460062121616387;4.21866098530442e-06;3.19981029606588e-05;0.000356063125862596;0.25;6
"2-Multi";22;"B5 CHFU";1.70512820512821;0.705128205128205;1;6;3;3;0.106334042342554;0.00162355241238318;0.00217022300405838;2.21987638121355e-05;0.00527866399169121;0.25;4
"2-Multi";23;"B5 LEMA";3.11829004329004;2.11829004329004;1;12;6;6;0.147076386356118;0.0665189067048488;0.324144217673598;0.000551575272097308;0.0526298347816075;0.25;6
"2-Multi";24;"B5 ME";3;2;1;4;2;2;0.157437640666558;0.373454869860014;0.00241075726174941;0.0392556782822283;0.15556764053243;0.25;2
"2-Multi";25;"B5 PUPA";1.02439024390244;0.024390243902439;1;2;1;1;0.0553822569718702;0.000106239960183599;7.95056661840509e-06;3.79576962979975e-06;0.00055554349155636;0.25;2
"2-Multi";26;"B6 CHFU";1.16666666666667;0.166666666666667;1;2;1;1;0.0637608226902213;0.000342221670709243;0.000677226745704796;9.8505648875463e-07;0.00300482905020669;0.25;2
"2-Multi";27;"B6 LEMA";1.025;0.025;1;2;1;1;0.0530227709095793;0.00191311320923518;1;3.64627534087701e-07;0.0141120259987388;0.25;2
"2-Multi";28;"B6 PUPA";1.0625;0.0625;1;2;1;1;0.0563482853384105;0.000106834374429815;7.26982974213259e-07;1.61809925728347e-05;0.000122622410118474;0.25;2
"2-Multi";29;"C1 LEMA";1.09090909090909;0.0909090909090909;1;2;1;1;0.0536533682827597;0.0021631409884203;0.070497411331016;1.54559656251509e-06;0.0159576182439159;0.25;2
"2-Multi";30;"C2 CHFU";1.5;0.5;1;2;1;1;0.0737685621521065;0.0011393228045677;0.000636249658166029;7.52105833817432e-06;0.00801809296220403;0.25;2
"2-Multi";31;"C2 LEMA";1.47265512265512;0.472655122655123;1;10;5;5;0.110002421729234;0.0482259766299702;0.551640212925919;0.00023162988127912;0.046032355471487;0.25;6
"2-Multi";32;"C2 PUPA";1.07994579945799;0.0799457994579946;1;4;2;2;0.0657164316578348;0.000353227747188772;5.96449999102266e-06;1.58171103878228e-05;0.000472783483734657;0.25;4
"2-Multi";33;"C3 CHFU";2.55555555555556;1.55555555555556;1;6;3;3;0.10410789462337;0.0351298540184264;0.0187325620554488;0.00168157858195286;0.0550097824387292;0.25;4
"2-Multi";34;"C3 LEMA";1.15;0.15;1;2;1;1;0.0943465369901466;0.0114786792553499;1;2.18776520489235e-06;0.0141120259987388;0.25;2
"2-Multi";35;"C3 PUPA";1.47967479674797;0.479674796747967;1;6;3;3;0.171347413043837;0.00267778045335357;6.36031235987727e-06;0.000147315305652489;0.000465287164471789;0.25;6
"2-Multi";36;"C4 CHFU";1.05555555555556;0.0555555555555556;1;2;1;1;0.0564069162781844;0.0105225464186269;0.0503509827436613;0.000256592087785159;0.0739941630022682;0.25;2
"2-Multi";37;"C4 LEMA";1.4754329004329;0.4754329004329;1;8;4;4;0.109867013491776;0.0545780214396286;0.436224162310254;0.000438010970911869;0.0575384396734694;0.25;6
"2-Multi";38;"C4 PUPA";1.07994579945799;0.0799457994579946;1;4;2;2;0.0657164316578343;0.000353227747179977;5.96449999133387e-06;1.58171103878883e-05;0.000472783483734657;0.25;4
"2-Multi";39;"C5 ME";2;1;1;2;1;1;0.0646392251965765;0.0221527965528924;0.000118797198958484;0.00050874131109166;0.279696929026694;0.25;2
"2-Multi";40;"C5 PUPA";1.48611111111111;0.486111111111111;1;4;2;2;0.134967972935062;0.00113498182054902;1.53984557195853e-06;0.000121128636953279;0.000189472676567094;0.25;4
"2-Multi";41;"C6 CHFU";1.24786324786325;0.247863247863248;1;4;2;2;0.0894575280020244;0.0143933781587144;0.014340579543988;0.000352133618952434;0.0228535992446079;0.25;4
"2-Multi";42;"C6 PUPA";1.02439024390244;0.024390243902439;1;2;1;1;0.0553822569718701;0.000106239960176449;7.9505666186342e-06;3.79576962985249e-06;0.00055554349155636;0.25;2
"2-Multi";43;"D1 CHFU";2;1;1;2;1;1;0.108165209425863;0;0;0;7.47626483132112e-06;0.25;2
"2-Multi";44;"D1 LEMA";1.27896825396825;0.278968253968254;1;6;3;3;0.0817345230309766;0.0300149824452046;0.316162663465726;0.000262919042382192;0.060324957468002;0.25;4
"2-Multi";45;"D2 CHFU";2.55555555555556;1.55555555555556;1;6;3;3;0.114394014336921;0.0134796000726835;0.0171866277911242;0.000293445584276615;0.0316001077886424;0.25;2
"2-Multi";46;"D2 LEMA";2.5952380952381;1.5952380952381;1;6;3;3;0.118222939633799;0.0464755511078191;0.0669935931650584;0.00015657776010551;0.0473442441858863;0.25;4
"2-Multi";47;"D2 PUPA";1.23983739837398;0.239837398373984;1;4;2;2;0.107633259586573;0.00105968324155857;5.96449999100675e-06;4.74513311634929e-05;0.000472783483734657;0.25;4
"2-Multi";48;"D3 CHFU";1.16666666666667;0.166666666666667;1;2;1;1;0.0637608226902215;0.000342221670716588;0.000677226745704617;9.8505648869913e-07;0.00300482905020669;0.25;2
"2-Multi";49;"D3 LEMA";1.025;0.025;1;2;1;1;0.0530227709095787;0.00191311320921974;1;3.64627534201303e-07;0.0141120259987388;0.25;2
"2-Multi";50;"D3 PUPA";2.04878048780488;1.04878048780488;1;8;4;4;0.190265447323905;0.00749384986142521;5.41322132137111e-06;0.0108411887763254;0.000538678870051005;0.25;6
"2-Multi";51;"D4 LEMA";1.10833333333333;0.108333333333333;1;4;2;2;0.0605353774016609;0.0195077199495939;0.581585780187174;5.43957380790264e-05;0.0600523101605244;0.25;4
"2-Multi";52;"D4 PUPA";1.07317073170732;0.0731707317073171;1;2;1;1;0.0766307355286776;0.000318719880520721;7.95056661896092e-06;1.13873088895879e-05;0.00055554349155636;0.25;2
"2-Multi";53;"D5 CHFU";2.26068376068376;1.26068376068376;1;8;4;4;0.104308295554737;0.0129485202928928;0.0146330961747571;0.000307414170324078;0.0249283862256878;0.25;4
"2-Multi";54;"D5 LEMA";1.14285714285714;0.142857142857143;1;2;1;1;0.057827818344126;0.00224210447675278;0.0248074984138811;1.77758713609899e-06;0.0150345099363608;0.25;2
"2-Multi";55;"D5 PUPA";1.10433604336043;0.104336043360434;1;4;2;2;0.0766203081242909;0.000645605697435666;7.15427202570999e-06;3.70837611262266e-05;0.000490375060658067;0.25;4
"2-Multi";56;"D6 CHFU";1.33333333333333;0.333333333333333;1;2;1;1;0.0617183100042752;0.000164942722937299;0.0001879396207715;1.12034460128289e-06;0.00247951137327562;0.25;2
"2-Multi";57;"D6 LEMA";1.025;0.025;1;2;1;1;0.0530227709095793;0.00191311320923375;1;3.64627534097661e-07;0.0141120259987388;0.25;2
"2-Multi";58;"D6 PUPA";2.87178184281843;1.87178184281843;1;12;6;6;0.188818029584052;0.00754201717920085;4.02106348876825e-06;0.0134592886148931;0.000716070398801626;0.25;6
"2-Multi";59;"E1 CHFU";1.15384615384615;0.153846153846154;1;2;1;1;0.0711985070725381;0.00309666539207973;0.00713849890405283;7.64332249337647e-05;0.0126254864930758;0.25;2
"2-Multi";60;"E1 LEMA";1.025;0.025;1;2;1;1;0.0530227709095787;0.00191311320921703;1;3.64627534221638e-07;0.0141120259987388;0.25;2
"2-Multi";61;"E1 PUPA";1.74661246612466;0.746612466124661;1;6;3;3;0.103693753935847;0.000638960206586761;3.47453287370695e-06;3.48538001523216e-05;0.000274207954782657;0.25;4
"2-Multi";62;"E2 CHFU";2;1;1;2;1;1;0.122212046665503;0.194504179837166;0.0118793683378873;0.0068569081004038;0.0844387924091069;0.25;2
"2-Multi";63;"E2 LEMA";2.08055555555556;1.08055555555556;1;6;3;3;0.120504418764013;0.0227058220128697;0.377562703118798;0.000485046277674308;0.0476344917118218;0.25;4
"2-Multi";64;"E2 ME";2;1;1;4;2;2;0.0931781187926496;0.021821271268346;0.000460472980007765;0.00335704292936942;0.0613983472541979;0.25;2
"2-Multi";65;"E2 PUPA";1.54878048780488;0.548780487804878;1;4;2;2;0.0799043911918229;0.00163917482310008;1.04401400064934e-05;4.82018574555175e-05;0.0097174938702699;0.25;4
"2-Multi";66;"E3 CHFU";1.05555555555556;0.0555555555555556;1;2;1;1;0.0564069162781837;0.0105225464186303;0.0503509827436612;0.000256592087785134;0.0739941630022682;0.25;2
"2-Multi";67;"E3 LEMA";1.025;0.025;1;2;1;1;0.0530227709095788;0.00191311320922485;1;3.64627534163446e-07;0.0141120259987388;0.25;2
"2-Multi";68;"E3 PUPA";1.12872628726287;0.128726287262873;1;4;2;2;0.0869649102146429;0.000565707667538009;6.95753330488946e-06;2.34086496475218e-05;0.000514163487645509;0.25;4
"2-Multi";69;"E4 CHFU";1.61111111111111;0.611111111111111;1;4;2;2;0.0913897828623738;0.0396721043636786;0.0353020003785375;0.00172525302466874;0.0701107076508907;0.25;4
"2-Multi";70;"E4 LEMA";1.1984126984127;0.198412698412698;1;4;2;2;0.0605354517834031;0.0208157760642845;0.0897263658509945;0.000174594664035151;0.0949302636053572;0.25;4
"2-Multi";71;"E5 CHFU";2.05555555555556;1.05555555555556;1;4;2;2;0.0841757194463154;0.0313153828496815;0.0259741092521098;0.000445905226154235;0.103464444028562;0.25;2
"2-Multi";72;"E5 LEMA";1.025;0.025;1;2;1;1;0.0530227709095792;0.00191311320922952;1;3.64627534128757e-07;0.0141120259987388;0.25;2
"2-Multi";73;"E5 PUPA";2;1;1;2;1;1;0.0957705523680321;0.00842352038703079;4.91159082333116e-05;0.00132230457348344;0.0179051243162769;0.25;2
"2-Multi";74;"E6 LEMA";1.14285714285714;0.142857142857143;1;2;1;1;0.0578278183441259;0.00224210447673846;0.0248074984138816;1.77758713620476e-06;0.0150345099363608;0.25;2
"2-Multi";75;"E6 ME";1.5;0.5;1;2;1;1;0.0625484000443994;0.0190547049184066;0.000895375867419294;0.00327100136983676;0.107222970277072;0.25;2
"2-Multi";76;"E6 PUPA";1.0625;0.0625;1;2;1;1;0.0563482853384099;0.00010683437441408;7.26982974745836e-07;1.61809925729522e-05;0.000122622410118474;0.25;2
"2-Multi";77;"F1 LEMA";1.09090909090909;0.0909090909090909;1;2;1;1;0.0536533682827603;0.00216314098842764;0.0704974113310158;1.54559656245871e-06;0.0159576182439159;0.25;2
"2-Multi";78;"F1 PUPA";1.07317073170732;0.0731707317073171;1;2;1;1;0.0766307355286778;0.000318719880528735;7.95056661866443e-06;1.13873088895289e-05;0.00055554349155636;0.25;2
"2-Multi";79;"F2 LEMA";1.10833333333333;0.108333333333333;1;4;2;2;0.0605353774016612;0.0195077199495922;0.581585780187174;5.43957380790386e-05;0.0600523101605244;0.25;4
"2-Multi";80;"F2 PUPA";2.04878048780488;1.04878048780488;1;4;2;2;0.0888252356499865;0.000245599079812672;5.35990767954302e-06;8.43465653689432e-06;0.000429804444390715;0.25;2
"2-Multi";81;"F3 CHFU";1.16666666666667;0.166666666666667;1;2;1;1;0.0637608226902213;0.000342221670715418;0.000677226745704668;9.85056488707312e-07;0.00300482905020669;0.25;2
"2-Multi";82;"F3 LEMA";1.05555555555556;0.0555555555555556;1;2;1;1;0.0525789934288343;0.0129298823796256;0.119921577724512;0.000130388413855901;0.106076646968454;0.25;2
"2-Multi";83;"F3 PUPA";2.16666666666667;1.16666666666667;1;6;3;3;0.109994814269854;0.0247652990587001;8.81474487722869e-05;0.00274258692217185;0.0040628025390737;0.25;4
"2-Multi";84;"F4 CHFU";1.05555555555556;0.0555555555555556;1;2;1;1;0.0564069162781844;0.0105225464186343;0.0503509827436612;0.000256592087785104;0.0739941630022682;0.25;2
"2-Multi";85;"F4 LEMA";1.71590909090909;0.715909090909091;1;6;3;3;0.107263566631031;0.0133373055170004;0.726259114968203;1.75920399180114e-05;0.0142941468812715;0.25;4
"2-Multi";86;"F4 PUPA";1.12872628726287;0.128726287262873;1;4;2;2;0.0872445474026957;0.000751845657621758;7.35334567366978e-06;4.08795307559915e-05;0.000506667168382641;0.25;4
"2-Multi";87;"F5 ME";1.5;0.5;1;2;1;1;0.0753877364417156;0.00276656634992791;2.55700925964406e-05;8.60415595327745e-05;0.0155737242313239;0.25;2
"2-Multi";88;"F5 PUPA";1.125;0.125;1;2;1;1;0.0679385529833546;0.000213668748837529;7.2698297475383e-07;3.236198514582e-05;0.000122622410118474;0.25;2
"2-Multi";89;"F6 CHFU";1.11111111111111;0.111111111111111;1;2;1;1;0.0680558148629034;0.0210450928372711;0.0503509827436611;0.000513184175570173;0.0739941630022682;0.25;2
"2-Multi";90;"F6 LEMA";2;1;1;2;1;1;0.108165209425875;0;0;0;7.47626483132112e-06;0.25;2
"2-Multi";91;"Andrena_cinerea";15.7841991341991;8.31634199134199;7.46785714285714;38;19;19;0.406293205506932;0.218519926720241;0.106022908441579;0.0656795389506091;0.426445067130976;1;6
"2-Multi";92;"Bombyliidae";12.15;11.15;1;36;18;18;0.546031819640905;0.0068483325819227;0.00155691198007772;7.95054937637506e-06;0.000869166682109286;0.25;6
"2-Multi";93;"Bruchidae";1.33333333333333;0.333333333333333;1;2;1;1;0.0676585763290444;0.00285787128770014;0.000293446220752518;0.000572649729548652;0.020101567596261;0.25;2
"2-Multi";94;"Calliphoridae";1.25;0.25;1;2;1;1;0.059790221428947;0.00205895598701697;0.000307414837069047;0.000365675512471315;0.015858103979663;0.25;2
"2-Multi";95;"Cantharidae";3.83333333333333;1.83333333333333;2;6;3;3;0.121294511077462;0.00875136787880947;0.00172998065310163;2.57486265537338e-05;0.0247521640816163;0.5;2
"2-Multi";96;"Dilophus_sp.";26.0179653679654;18.5501082251082;7.46785714285714;72;36;36;1;1;0.280765164686229;0.173225968614695;0.548906011953041;1;6
"2-Multi";97;"Diptera";9.74047619047619;6.93690476190476;2.80357142857143;26;13;13;0.400663015227894;0.0440082249386101;0.00851462726520493;0.0199049873644677;0.0555494754730041;0.5;4
"2-Multi";98;"Empididae";4.75;3.75;1;10;5;5;0.16770596030606;0.00322828482695623;5.91279394803698e-05;0.000677225276885971;0.00472001889904933;0.25;4
"2-Multi";99;"Episyrphus_balteatus";2;1;1;2;1;1;0.108165209425863;0;0;0;7.47626483132112e-06;0.25;2
"2-Multi";100;"Eristalis_sp.";2.5;1.5;1;4;2;2;0.10009383989947;0.000234876501092096;2.34968858217859e-05;1.92940603435645e-07;0.000138205708711872;0.25;2
"2-Multi";101;"Eucera_sp.";3.66666666666667;2.66666666666667;1;16;8;8;0.258331588248734;0.0122574356979287;0.00531080498743133;5.56167077306983e-06;0.000561786439271271;0.25;6
"2-Multi";102;"Eupeodes_corollae";2.45;1.45;1;6;3;3;0.0934283684846761;0.000777978333025525;3.3624298914055e-05;0.000187939213170291;0.00389409611774548;0.25;4
"2-Multi";103;"Lasiocampa_trifolii";4.5;3.5;1;24;12;12;0.25240985956068;0.00698974080319003;0.00216474013864201;3.97842472332601e-06;0.000608930338112063;0.25;6
"2-Multi";104;"Lomatia_sp.";2.33333333333333;1.33333333333333;1;4;2;2;0.101828617878729;0.00358253030868512;0.000150483647686241;0.000636248278210124;0.0126020473466668;0.25;2
"2-Multi";105;"Malachius_bipustulatus";1.23376623376623;0.233766233766234;1;4;2;2;0.0624777656647068;0.00505813874267868;0.000284584273234607;0.0133163645648169;0.0212857946171158;0.25;4
"2-Multi";106;"Meligethes_sp.";6.41233766233766;4.06948051948052;2.34285714285714;24;12;12;0.192304617932812;0.0412891757835125;0.0277288863143908;0.0704997274196715;0.0287282944879377;0.5;6
"2-Multi";107;"Mordellidae";1.09090909090909;0.0909090909090909;1;2;1;1;0.053529080613736;0.0038462661260331;0.000551576468410852;0.00294554211523825;0.0334772578914232;0.25;2
"2-Multi";108;"Musca_sp.";13.302380952381;5.83452380952381;7.46785714285714;26;13;13;0.212268831616575;0.114764519656713;0.00883931366282324;0.00551360628049198;1;1;4
"2-Multi";109;"Nemotelus_sp.";2;1;1;2;1;1;0.108165209425875;0;0;0;7.47626483132112e-06;0.25;2
"2-Multi";110;"Odontomyia_sp.";4.10714285714286;1.30357142857143;2.80357142857143;8;4;4;0.0941160751693946;0.0165716935881152;0.0025620680000254;0.00183860678683177;0.0875096232463033;0.5;2
"2-Multi";111;"Oedemeridae";3.89285714285714;2.89285714285714;1;10;5;5;0.141202165687223;0.0246755574789726;0.000124482784954233;0.0248074446096028;0.0236335029335752;0.25;4
"2-Multi";112;"Psilothrix_viridicoerulea";15.4691558441558;13.1262987012987;2.34285714285714;48;24;24;0.549582178824168;0.132122312463187;0.212296176644386;1;0.0254010577012922;0.5;6
"2-Multi";113;"Scaeva_sp.";2.83333333333333;1.83333333333333;1;6;3;3;0.0991208755056263;0.00350871435987768;0.000101656945138004;0.000945540599132743;0.00991478135237802;0.25;4
"2-Multi";114;"Sphaerophoria_scripta";14.2083333333333;8.08333333333333;6.125;34;17;17;0.50609644399032;0.925795710142447;0.283450997181508;0.17725576293376;0.546537633693278;0.75;6
"2-Multi";115;"Thymelicus_sp.";5.78333333333333;4.78333333333333;1;14;7;7;0.25173825717506;0.00268747282412604;0.00259003419643983;7.26981399489878e-07;0.000188513052185538;0.25;6
"3-Multi";1;"A1 LEMA";1.29015151515152;0.290151515151515;1;6;3;3;0.0783260785802504;0.0238340019264477;0.326041595759095;5.74869312039225e-05;0.0380049642022202;0.25;6
"3-Multi";2;"A2 CHFU";1.26923076923077;0.269230769230769;1;2;1;1;0.0910288741068419;0.00541916443611727;0.00713849890405324;0.000133758143634244;0.0126254864930758;0.25;2
"3-Multi";3;"A2 LEMA";1.19166666666667;0.191666666666667;1;4;2;2;0.0680479838937425;0.0371023266899396;0.442114373582899;0.000108426848624062;0.075365738214453;0.25;4
"3-Multi";4;"A2 PUPA";1.33333333333333;0.333333333333333;1;2;1;1;0.0636068602384451;4.9797234659483e-05;1.92941018304747e-07;7.82904328009781e-07;9.0625064356392e-05;0.25;2
"3-Multi";5;"A3 CHFU";1.37179487179487;0.371794871794872;1;4;2;2;0.0699413093382789;0.0015180648295495;0.0040420207769723;2.24954641355511e-05;0.00946718905468895;0.25;4
"3-Multi";6;"A3 LEMA";2.13888888888889;1.13888888888889;1;6;3;3;0.0844731763047871;0.0577207088752015;0.0956251013637997;0.000288708795643915;0.135818094048488;0.25;4
"3-Multi";7;"A4 CHFU";1.09401709401709;0.094017094017094;1;4;2;2;0.063017038622952;0.0112967127666389;0.0287447408238575;0.000275700394018655;0.043309824747672;0.25;4
"3-Multi";8;"A4 LEMA";1.16785714285714;0.167857142857143;1;4;2;2;0.0609792292641479;0.00979900689388064;0.529765576988739;4.45708777134386e-05;0.0489479531204995;0.25;4
"3-Multi";9;"A5 CHFU";1.14957264957265;0.14957264957265;1;4;2;2;0.0746659372076708;0.0218192591852823;0.0359468214637918;0.000532292481803675;0.0535379374992041;0.25;4
"3-Multi";10;"A5 LEMA";1.21666666666667;0.216666666666667;1;4;2;2;0.0763127371098562;0.0390154398991616;0.581585780187175;0.000108791476158226;0.0600523101605244;0.25;4
"3-Multi";11;"A6 CHFU";1.42735042735043;0.427350427350427;1;6;3;3;0.0815902079229976;0.0120406112481768;0.0194783414325354;0.00027908755192069;0.0309761803705487;0.25;4
"3-Multi";12;"B1 CHFU";1.05555555555556;0.0555555555555556;1;2;1;1;0.0564069162781845;0.0105225464186308;0.0503509827436612;0.00025659208778513;0.0739941630022682;0.25;2
"3-Multi";13;"B2 CHFU";1.48717948717949;0.487179487179487;1;4;2;2;0.0881587993833475;0.00326160811502226;0.00574838704739649;7.75535695349914e-05;0.0105962914691158;0.25;4
"3-Multi";14;"B2 LEMA";1.32070707070707;0.320707070707071;1;6;3;3;0.077882301099505;0.0348507710968247;0.106021990190223;0.000187510717525838;0.060996119444649;0.25;6
"3-Multi";15;"B2 PUPA";1.29166666666667;0.291666666666667;1;6;3;3;0.0995003514173538;0.0013269080900319;3.31115299818813e-06;0.000103367769636745;0.000271068938774574;0.25;6
"3-Multi";16;"B3 CHFU";1.33333333333333;0.333333333333333;1;2;1;1;0.0633311869935112;0.000743898481531601;0.000945542649891638;3.3871579020989e-06;0.00630889161630206;0.25;2
"3-Multi";17;"B3 LEMA";1.38932178932179;0.389321789321789;1;8;4;4;0.107603157533243;0.0249875806816939;0.60217521249563;0.0001351701076911;0.027645268449098;0.25;6
"3-Multi";18;"B3 PUPA";1.62872628726287;0.628726287262873;1;6;3;3;0.100862805156191;0.00199240257028384;8.64988400043923e-06;6.40189678433537e-05;0.0060196097156558;0.25;4
"3-Multi";19;"B4 CHFU";1.05555555555556;0.0555555555555556;1;2;1;1;0.0564069162781844;0.010522546418628;0.0503509827436613;0.00025659208778515;0.0739941630022682;0.25;2
"3-Multi";20;"B4 LEMA";1.30952380952381;0.30952380952381;1;4;2;2;0.0761774032541404;0.0466755408235118;0.104823971787754;0.000435371491747095;0.100503455286906;0.25;4
"3-Multi";21;"B4 PUPA";1.14244579945799;0.142445799457995;1;6;3;3;0.077306699302779;0.000460062121616387;4.21866098530442e-06;3.19981029606588e-05;0.000356063125862596;0.25;6
"3-Multi";22;"B5 CHFU";1.70512820512821;0.705128205128205;1;6;3;3;0.106334042342554;0.00162355241238318;0.00217022300405838;2.21987638121355e-05;0.00527866399169121;0.25;4
"3-Multi";23;"B5 LEMA";3.11829004329004;2.11829004329004;1;12;6;6;0.147076386356118;0.0665189067048488;0.324144217673598;0.000551575272097308;0.0526298347816075;0.25;6
"3-Multi";24;"B5 ME";3;2;1;4;2;2;0.157437640666558;0.373454869860014;0.00241075726174941;0.0392556782822283;0.15556764053243;0.25;2
"3-Multi";25;"B5 PUPA";1.02439024390244;0.024390243902439;1;2;1;1;0.0553822569718702;0.000106239960183599;7.95056661840509e-06;3.79576962979975e-06;0.00055554349155636;0.25;2
"3-Multi";26;"B6 CHFU";1.16666666666667;0.166666666666667;1;2;1;1;0.0637608226902213;0.000342221670709243;0.000677226745704796;9.8505648875463e-07;0.00300482905020669;0.25;2
"3-Multi";27;"B6 LEMA";1.025;0.025;1;2;1;1;0.0530227709095793;0.00191311320923518;1;3.64627534087701e-07;0.0141120259987388;0.25;2
"3-Multi";28;"B6 PUPA";1.0625;0.0625;1;2;1;1;0.0563482853384105;0.000106834374429815;7.26982974213259e-07;1.61809925728347e-05;0.000122622410118474;0.25;2
"3-Multi";29;"C1 LEMA";1.09090909090909;0.0909090909090909;1;2;1;1;0.0536533682827597;0.0021631409884203;0.070497411331016;1.54559656251509e-06;0.0159576182439159;0.25;2
"3-Multi";30;"C2 CHFU";1.5;0.5;1;2;1;1;0.0737685621521065;0.0011393228045677;0.000636249658166029;7.52105833817432e-06;0.00801809296220403;0.25;2
"3-Multi";31;"C2 LEMA";1.47265512265512;0.472655122655123;1;10;5;5;0.110002421729234;0.0482259766299702;0.551640212925919;0.00023162988127912;0.046032355471487;0.25;6
"3-Multi";32;"C2 PUPA";1.07994579945799;0.0799457994579946;1;4;2;2;0.0657164316578348;0.000353227747188772;5.96449999102266e-06;1.58171103878228e-05;0.000472783483734657;0.25;4
"3-Multi";33;"C3 CHFU";2.55555555555556;1.55555555555556;1;6;3;3;0.10410789462337;0.0351298540184264;0.0187325620554488;0.00168157858195286;0.0550097824387292;0.25;4
"3-Multi";34;"C3 LEMA";1.15;0.15;1;2;1;1;0.0943465369901466;0.0114786792553499;1;2.18776520489235e-06;0.0141120259987388;0.25;2
"3-Multi";35;"C3 PUPA";1.47967479674797;0.479674796747967;1;6;3;3;0.171347413043837;0.00267778045335357;6.36031235987727e-06;0.000147315305652489;0.000465287164471789;0.25;6
"3-Multi";36;"C4 CHFU";1.05555555555556;0.0555555555555556;1;2;1;1;0.0564069162781844;0.0105225464186269;0.0503509827436613;0.000256592087785159;0.0739941630022682;0.25;2
"3-Multi";37;"C4 LEMA";1.4754329004329;0.4754329004329;1;8;4;4;0.109867013491776;0.0545780214396286;0.436224162310254;0.000438010970911869;0.0575384396734694;0.25;6
"3-Multi";38;"C4 PUPA";1.07994579945799;0.0799457994579946;1;4;2;2;0.0657164316578343;0.000353227747179977;5.96449999133387e-06;1.58171103878883e-05;0.000472783483734657;0.25;4
"3-Multi";39;"C5 ME";2;1;1;2;1;1;0.0646392251965765;0.0221527965528924;0.000118797198958484;0.00050874131109166;0.279696929026694;0.25;2
"3-Multi";40;"C5 PUPA";1.48611111111111;0.486111111111111;1;4;2;2;0.134967972935062;0.00113498182054902;1.53984557195853e-06;0.000121128636953279;0.000189472676567094;0.25;4
"3-Multi";41;"C6 CHFU";1.24786324786325;0.247863247863248;1;4;2;2;0.0894575280020244;0.0143933781587144;0.014340579543988;0.000352133618952434;0.0228535992446079;0.25;4
"3-Multi";42;"C6 PUPA";1.02439024390244;0.024390243902439;1;2;1;1;0.0553822569718701;0.000106239960176449;7.9505666186342e-06;3.79576962985249e-06;0.00055554349155636;0.25;2
"3-Multi";43;"D1 CHFU";2;1;1;2;1;1;0.108165209425863;0;0;0;7.47626483132112e-06;0.25;2
"3-Multi";44;"D1 LEMA";1.27896825396825;0.278968253968254;1;6;3;3;0.0817345230309766;0.0300149824452046;0.316162663465726;0.000262919042382192;0.060324957468002;0.25;4
"3-Multi";45;"D2 CHFU";2.55555555555556;1.55555555555556;1;6;3;3;0.114394014336921;0.0134796000726835;0.0171866277911242;0.000293445584276615;0.0316001077886424;0.25;2
"3-Multi";46;"D2 LEMA";2.5952380952381;1.5952380952381;1;6;3;3;0.118222939633799;0.0464755511078191;0.0669935931650584;0.00015657776010551;0.0473442441858863;0.25;4
"3-Multi";47;"D2 PUPA";1.23983739837398;0.239837398373984;1;4;2;2;0.107633259586573;0.00105968324155857;5.96449999100675e-06;4.74513311634929e-05;0.000472783483734657;0.25;4
"3-Multi";48;"D3 CHFU";1.16666666666667;0.166666666666667;1;2;1;1;0.0637608226902215;0.000342221670716588;0.000677226745704617;9.8505648869913e-07;0.00300482905020669;0.25;2
"3-Multi";49;"D3 LEMA";1.025;0.025;1;2;1;1;0.0530227709095787;0.00191311320921974;1;3.64627534201303e-07;0.0141120259987388;0.25;2
"3-Multi";50;"D3 PUPA";2.04878048780488;1.04878048780488;1;8;4;4;0.190265447323905;0.00749384986142521;5.41322132137111e-06;0.0108411887763254;0.000538678870051005;0.25;6
"3-Multi";51;"D4 LEMA";1.10833333333333;0.108333333333333;1;4;2;2;0.0605353774016609;0.0195077199495939;0.581585780187174;5.43957380790264e-05;0.0600523101605244;0.25;4
"3-Multi";52;"D4 PUPA";1.07317073170732;0.0731707317073171;1;2;1;1;0.0766307355286776;0.000318719880520721;7.95056661896092e-06;1.13873088895879e-05;0.00055554349155636;0.25;2
"3-Multi";53;"D5 CHFU";2.26068376068376;1.26068376068376;1;8;4;4;0.104308295554737;0.0129485202928928;0.0146330961747571;0.000307414170324078;0.0249283862256878;0.25;4
"3-Multi";54;"D5 LEMA";1.14285714285714;0.142857142857143;1;2;1;1;0.057827818344126;0.00224210447675278;0.0248074984138811;1.77758713609899e-06;0.0150345099363608;0.25;2
"3-Multi";55;"D5 PUPA";1.10433604336043;0.104336043360434;1;4;2;2;0.0766203081242909;0.000645605697435666;7.15427202570999e-06;3.70837611262266e-05;0.000490375060658067;0.25;4
"3-Multi";56;"D6 CHFU";1.33333333333333;0.333333333333333;1;2;1;1;0.0617183100042752;0.000164942722937299;0.0001879396207715;1.12034460128289e-06;0.00247951137327562;0.25;2
"3-Multi";57;"D6 LEMA";1.025;0.025;1;2;1;1;0.0530227709095793;0.00191311320923375;1;3.64627534097661e-07;0.0141120259987388;0.25;2
"3-Multi";58;"D6 PUPA";2.87178184281843;1.87178184281843;1;12;6;6;0.188818029584052;0.00754201717920085;4.02106348876825e-06;0.0134592886148931;0.000716070398801626;0.25;6
"3-Multi";59;"E1 CHFU";1.15384615384615;0.153846153846154;1;2;1;1;0.0711985070725381;0.00309666539207973;0.00713849890405283;7.64332249337647e-05;0.0126254864930758;0.25;2
"3-Multi";60;"E1 LEMA";1.025;0.025;1;2;1;1;0.0530227709095787;0.00191311320921703;1;3.64627534221638e-07;0.0141120259987388;0.25;2
"3-Multi";61;"E1 PUPA";1.74661246612466;0.746612466124661;1;6;3;3;0.103693753935847;0.000638960206586761;3.47453287370695e-06;3.48538001523216e-05;0.000274207954782657;0.25;4
"3-Multi";62;"E2 CHFU";2;1;1;2;1;1;0.122212046665503;0.194504179837166;0.0118793683378873;0.0068569081004038;0.0844387924091069;0.25;2
"3-Multi";63;"E2 LEMA";2.08055555555556;1.08055555555556;1;6;3;3;0.120504418764013;0.0227058220128697;0.377562703118798;0.000485046277674308;0.0476344917118218;0.25;4
"3-Multi";64;"E2 ME";2;1;1;4;2;2;0.0931781187926496;0.021821271268346;0.000460472980007765;0.00335704292936942;0.0613983472541979;0.25;2
"3-Multi";65;"E2 PUPA";1.54878048780488;0.548780487804878;1;4;2;2;0.0799043911918229;0.00163917482310008;1.04401400064934e-05;4.82018574555175e-05;0.0097174938702699;0.25;4
"3-Multi";66;"E3 CHFU";1.05555555555556;0.0555555555555556;1;2;1;1;0.0564069162781837;0.0105225464186303;0.0503509827436612;0.000256592087785134;0.0739941630022682;0.25;2
"3-Multi";67;"E3 LEMA";1.025;0.025;1;2;1;1;0.0530227709095788;0.00191311320922485;1;3.64627534163446e-07;0.0141120259987388;0.25;2
"3-Multi";68;"E3 PUPA";1.12872628726287;0.128726287262873;1;4;2;2;0.0869649102146429;0.000565707667538009;6.95753330488946e-06;2.34086496475218e-05;0.000514163487645509;0.25;4
"3-Multi";69;"E4 CHFU";1.61111111111111;0.611111111111111;1;4;2;2;0.0913897828623738;0.0396721043636786;0.0353020003785375;0.00172525302466874;0.0701107076508907;0.25;4
"3-Multi";70;"E4 LEMA";1.1984126984127;0.198412698412698;1;4;2;2;0.0605354517834031;0.0208157760642845;0.0897263658509945;0.000174594664035151;0.0949302636053572;0.25;4
"3-Multi";71;"E5 CHFU";2.05555555555556;1.05555555555556;1;4;2;2;0.0841757194463154;0.0313153828496815;0.0259741092521098;0.000445905226154235;0.103464444028562;0.25;2
"3-Multi";72;"E5 LEMA";1.025;0.025;1;2;1;1;0.0530227709095792;0.00191311320922952;1;3.64627534128757e-07;0.0141120259987388;0.25;2
"3-Multi";73;"E5 PUPA";2;1;1;2;1;1;0.0957705523680321;0.00842352038703079;4.91159082333116e-05;0.00132230457348344;0.0179051243162769;0.25;2
"3-Multi";74;"E6 LEMA";1.14285714285714;0.142857142857143;1;2;1;1;0.0578278183441259;0.00224210447673846;0.0248074984138816;1.77758713620476e-06;0.0150345099363608;0.25;2
"3-Multi";75;"E6 ME";1.5;0.5;1;2;1;1;0.0625484000443994;0.0190547049184066;0.000895375867419294;0.00327100136983676;0.107222970277072;0.25;2
"3-Multi";76;"E6 PUPA";1.0625;0.0625;1;2;1;1;0.0563482853384099;0.00010683437441408;7.26982974745836e-07;1.61809925729522e-05;0.000122622410118474;0.25;2
"3-Multi";77;"F1 LEMA";1.09090909090909;0.0909090909090909;1;2;1;1;0.0536533682827603;0.00216314098842764;0.0704974113310158;1.54559656245871e-06;0.0159576182439159;0.25;2
"3-Multi";78;"F1 PUPA";1.07317073170732;0.0731707317073171;1;2;1;1;0.0766307355286778;0.000318719880528735;7.95056661866443e-06;1.13873088895289e-05;0.00055554349155636;0.25;2
"3-Multi";79;"F2 LEMA";1.10833333333333;0.108333333333333;1;4;2;2;0.0605353774016612;0.0195077199495922;0.581585780187174;5.43957380790386e-05;0.0600523101605244;0.25;4
"3-Multi";80;"F2 PUPA";2.04878048780488;1.04878048780488;1;4;2;2;0.0888252356499865;0.000245599079812672;5.35990767954302e-06;8.43465653689432e-06;0.000429804444390715;0.25;2
"3-Multi";81;"F3 CHFU";1.16666666666667;0.166666666666667;1;2;1;1;0.0637608226902213;0.000342221670715418;0.000677226745704668;9.85056488707312e-07;0.00300482905020669;0.25;2
"3-Multi";82;"F3 LEMA";1.05555555555556;0.0555555555555556;1;2;1;1;0.0525789934288343;0.0129298823796256;0.119921577724512;0.000130388413855901;0.106076646968454;0.25;2
"3-Multi";83;"F3 PUPA";2.16666666666667;1.16666666666667;1;6;3;3;0.109994814269854;0.0247652990587001;8.81474487722869e-05;0.00274258692217185;0.0040628025390737;0.25;4
"3-Multi";84;"F4 CHFU";1.05555555555556;0.0555555555555556;1;2;1;1;0.0564069162781844;0.0105225464186343;0.0503509827436612;0.000256592087785104;0.0739941630022682;0.25;2
"3-Multi";85;"F4 LEMA";1.71590909090909;0.715909090909091;1;6;3;3;0.107263566631031;0.0133373055170004;0.726259114968203;1.75920399180114e-05;0.0142941468812715;0.25;4
"3-Multi";86;"F4 PUPA";1.12872628726287;0.128726287262873;1;4;2;2;0.0872445474026957;0.000751845657621758;7.35334567366978e-06;4.08795307559915e-05;0.000506667168382641;0.25;4
"3-Multi";87;"F5 ME";1.5;0.5;1;2;1;1;0.0753877364417156;0.00276656634992791;2.55700925964406e-05;8.60415595327745e-05;0.0155737242313239;0.25;2
"3-Multi";88;"F5 PUPA";1.125;0.125;1;2;1;1;0.0679385529833546;0.000213668748837529;7.2698297475383e-07;3.236198514582e-05;0.000122622410118474;0.25;2
"3-Multi";89;"F6 CHFU";1.11111111111111;0.111111111111111;1;2;1;1;0.0680558148629034;0.0210450928372711;0.0503509827436611;0.000513184175570173;0.0739941630022682;0.25;2
"3-Multi";90;"F6 LEMA";2;1;1;2;1;1;0.108165209425875;0;0;0;7.47626483132112e-06;0.25;2
"3-Multi";91;"Andrena_cinerea";15.7841991341991;8.31634199134199;7.46785714285714;38;19;19;0.406293205506932;0.218519926720241;0.106022908441579;0.0656795389506091;0.426445067130976;1;6
"3-Multi";92;"Bombyliidae";12.15;11.15;1;36;18;18;0.546031819640905;0.0068483325819227;0.00155691198007772;7.95054937637506e-06;0.000869166682109286;0.25;6
"3-Multi";93;"Bruchidae";1.33333333333333;0.333333333333333;1;2;1;1;0.0676585763290444;0.00285787128770014;0.000293446220752518;0.000572649729548652;0.020101567596261;0.25;2
"3-Multi";94;"Calliphoridae";1.25;0.25;1;2;1;1;0.059790221428947;0.00205895598701697;0.000307414837069047;0.000365675512471315;0.015858103979663;0.25;2
"3-Multi";95;"Cantharidae";3.83333333333333;1.83333333333333;2;6;3;3;0.121294511077462;0.00875136787880947;0.00172998065310163;2.57486265537338e-05;0.0247521640816163;0.5;2
"3-Multi";96;"Dilophus_sp.";26.0179653679654;18.5501082251082;7.46785714285714;72;36;36;1;1;0.280765164686229;0.173225968614695;0.548906011953041;1;6
"3-Multi";97;"Diptera";9.74047619047619;6.93690476190476;2.80357142857143;26;13;13;0.400663015227894;0.0440082249386101;0.00851462726520493;0.0199049873644677;0.0555494754730041;0.5;4
"3-Multi";98;"Empididae";4.75;3.75;1;10;5;5;0.16770596030606;0.00322828482695623;5.91279394803698e-05;0.000677225276885971;0.00472001889904933;0.25;4
"3-Multi";99;"Episyrphus_balteatus";2;1;1;2;1;1;0.108165209425863;0;0;0;7.47626483132112e-06;0.25;2
"3-Multi";100;"Eristalis_sp.";2.5;1.5;1;4;2;2;0.10009383989947;0.000234876501092096;2.34968858217859e-05;1.92940603435645e-07;0.000138205708711872;0.25;2
"3-Multi";101;"Eucera_sp.";3.66666666666667;2.66666666666667;1;16;8;8;0.258331588248734;0.0122574356979287;0.00531080498743133;5.56167077306983e-06;0.000561786439271271;0.25;6
"3-Multi";102;"Eupeodes_corollae";2.45;1.45;1;6;3;3;0.0934283684846761;0.000777978333025525;3.3624298914055e-05;0.000187939213170291;0.00389409611774548;0.25;4
"3-Multi";103;"Lasiocampa_trifolii";4.5;3.5;1;24;12;12;0.25240985956068;0.00698974080319003;0.00216474013864201;3.97842472332601e-06;0.000608930338112063;0.25;6
"3-Multi";104;"Lomatia_sp.";2.33333333333333;1.33333333333333;1;4;2;2;0.101828617878729;0.00358253030868512;0.000150483647686241;0.000636248278210124;0.0126020473466668;0.25;2
"3-Multi";105;"Malachius_bipustulatus";1.23376623376623;0.233766233766234;1;4;2;2;0.0624777656647068;0.00505813874267868;0.000284584273234607;0.0133163645648169;0.0212857946171158;0.25;4
"3-Multi";106;"Meligethes_sp.";6.41233766233766;4.06948051948052;2.34285714285714;24;12;12;0.192304617932812;0.0412891757835125;0.0277288863143908;0.0704997274196715;0.0287282944879377;0.5;6
"3-Multi";107;"Mordellidae";1.09090909090909;0.0909090909090909;1;2;1;1;0.053529080613736;0.0038462661260331;0.000551576468410852;0.00294554211523825;0.0334772578914232;0.25;2
"3-Multi";108;"Musca_sp.";13.302380952381;5.83452380952381;7.46785714285714;26;13;13;0.212268831616575;0.114764519656713;0.00883931366282324;0.00551360628049198;1;1;4
"3-Multi";109;"Nemotelus_sp.";2;1;1;2;1;1;0.108165209425875;0;0;0;7.47626483132112e-06;0.25;2
"3-Multi";110;"Odontomyia_sp.";4.10714285714286;1.30357142857143;2.80357142857143;8;4;4;0.0941160751693946;0.0165716935881152;0.0025620680000254;0.00183860678683177;0.0875096232463033;0.5;2
"3-Multi";111;"Oedemeridae";3.89285714285714;2.89285714285714;1;10;5;5;0.141202165687223;0.0246755574789726;0.000124482784954233;0.0248074446096028;0.0236335029335752;0.25;4
"3-Multi";112;"Psilothrix_viridicoerulea";15.4691558441558;13.1262987012987;2.34285714285714;48;24;24;0.549582178824168;0.132122312463187;0.212296176644386;1;0.0254010577012922;0.5;6
"3-Multi";113;"Scaeva_sp.";2.83333333333333;1.83333333333333;1;6;3;3;0.0991208755056263;0.00350871435987768;0.000101656945138004;0.000945540599132743;0.00991478135237802;0.25;4
"3-Multi";114;"Sphaerophoria_scripta";14.2083333333333;8.08333333333333;6.125;34;17;17;0.50609644399032;0.925795710142447;0.283450997181508;0.17725576293376;0.546537633693278;0.75;6
"3-Multi";115;"Thymelicus_sp.";5.78333333333333;4.78333333333333;1;14;7;7;0.25173825717506;0.00268747282412604;0.00259003419643983;7.26981399489878e-07;0.000188513052185538;0.25;6
"4-Multi";1;"A1 LEMA";1.29015151515152;0.290151515151515;1;6;3;3;0.0783260785802504;0.0238340019264477;0.326041595759095;5.74869312039225e-05;0.0380049642022202;0.25;6
"4-Multi";2;"A2 CHFU";1.26923076923077;0.269230769230769;1;2;1;1;0.0910288741068419;0.00541916443611727;0.00713849890405324;0.000133758143634244;0.0126254864930758;0.25;2
"4-Multi";3;"A2 LEMA";1.19166666666667;0.191666666666667;1;4;2;2;0.0680479838937425;0.0371023266899396;0.442114373582899;0.000108426848624062;0.075365738214453;0.25;4
"4-Multi";4;"A2 PUPA";1.33333333333333;0.333333333333333;1;2;1;1;0.0636068602384451;4.9797234659483e-05;1.92941018304747e-07;7.82904328009781e-07;9.0625064356392e-05;0.25;2
"4-Multi";5;"A3 CHFU";1.37179487179487;0.371794871794872;1;4;2;2;0.0699413093382789;0.0015180648295495;0.0040420207769723;2.24954641355511e-05;0.00946718905468895;0.25;4
"4-Multi";6;"A3 LEMA";2.13888888888889;1.13888888888889;1;6;3;3;0.0844731763047871;0.0577207088752015;0.0956251013637997;0.000288708795643915;0.135818094048488;0.25;4
"4-Multi";7;"A4 CHFU";1.09401709401709;0.094017094017094;1;4;2;2;0.063017038622952;0.0112967127666389;0.0287447408238575;0.000275700394018655;0.043309824747672;0.25;4
"4-Multi";8;"A4 LEMA";1.16785714285714;0.167857142857143;1;4;2;2;0.0609792292641479;0.00979900689388064;0.529765576988739;4.45708777134386e-05;0.0489479531204995;0.25;4
"4-Multi";9;"A5 CHFU";1.14957264957265;0.14957264957265;1;4;2;2;0.0746659372076708;0.0218192591852823;0.0359468214637918;0.000532292481803675;0.0535379374992041;0.25;4
"4-Multi";10;"A5 LEMA";1.21666666666667;0.216666666666667;1;4;2;2;0.0763127371098562;0.0390154398991616;0.581585780187175;0.000108791476158226;0.0600523101605244;0.25;4
"4-Multi";11;"A6 CHFU";1.42735042735043;0.427350427350427;1;6;3;3;0.0815902079229976;0.0120406112481768;0.0194783414325354;0.00027908755192069;0.0309761803705487;0.25;4
"4-Multi";12;"B1 CHFU";1.05555555555556;0.0555555555555556;1;2;1;1;0.0564069162781845;0.0105225464186308;0.0503509827436612;0.00025659208778513;0.0739941630022682;0.25;2
"4-Multi";13;"B2 CHFU";1.48717948717949;0.487179487179487;1;4;2;2;0.0881587993833475;0.00326160811502226;0.00574838704739649;7.75535695349914e-05;0.0105962914691158;0.25;4
"4-Multi";14;"B2 LEMA";1.32070707070707;0.320707070707071;1;6;3;3;0.077882301099505;0.0348507710968247;0.106021990190223;0.000187510717525838;0.060996119444649;0.25;6
"4-Multi";15;"B2 PUPA";1.29166666666667;0.291666666666667;1;6;3;3;0.0995003514173538;0.0013269080900319;3.31115299818813e-06;0.000103367769636745;0.000271068938774574;0.25;6
"4-Multi";16;"B3 CHFU";1.33333333333333;0.333333333333333;1;2;1;1;0.0633311869935112;0.000743898481531601;0.000945542649891638;3.3871579020989e-06;0.00630889161630206;0.25;2
"4-Multi";17;"B3 LEMA";1.38932178932179;0.389321789321789;1;8;4;4;0.107603157533243;0.0249875806816939;0.60217521249563;0.0001351701076911;0.027645268449098;0.25;6
"4-Multi";18;"B3 PUPA";1.62872628726287;0.628726287262873;1;6;3;3;0.100862805156191;0.00199240257028384;8.64988400043923e-06;6.40189678433537e-05;0.0060196097156558;0.25;4
"4-Multi";19;"B4 CHFU";1.05555555555556;0.0555555555555556;1;2;1;1;0.0564069162781844;0.010522546418628;0.0503509827436613;0.00025659208778515;0.0739941630022682;0.25;2
"4-Multi";20;"B4 LEMA";1.30952380952381;0.30952380952381;1;4;2;2;0.0761774032541404;0.0466755408235118;0.104823971787754;0.000435371491747095;0.100503455286906;0.25;4
"4-Multi";21;"B4 PUPA";1.14244579945799;0.142445799457995;1;6;3;3;0.077306699302779;0.000460062121616387;4.21866098530442e-06;3.19981029606588e-05;0.000356063125862596;0.25;6
"4-Multi";22;"B5 CHFU";1.70512820512821;0.705128205128205;1;6;3;3;0.106334042342554;0.00162355241238318;0.00217022300405838;2.21987638121355e-05;0.00527866399169121;0.25;4
"4-Multi";23;"B5 LEMA";3.11829004329004;2.11829004329004;1;12;6;6;0.147076386356118;0.0665189067048488;0.324144217673598;0.000551575272097308;0.0526298347816075;0.25;6
"4-Multi";24;"B5 ME";3;2;1;4;2;2;0.157437640666558;0.373454869860014;0.00241075726174941;0.0392556782822283;0.15556764053243;0.25;2
"4-Multi";25;"B5 PUPA";1.02439024390244;0.024390243902439;1;2;1;1;0.0553822569718702;0.000106239960183599;7.95056661840509e-06;3.79576962979975e-06;0.00055554349155636;0.25;2
"4-Multi";26;"B6 CHFU";1.16666666666667;0.166666666666667;1;2;1;1;0.0637608226902213;0.000342221670709243;0.000677226745704796;9.8505648875463e-07;0.00300482905020669;0.25;2
"4-Multi";27;"B6 LEMA";1.025;0.025;1;2;1;1;0.0530227709095793;0.00191311320923518;1;3.64627534087701e-07;0.0141120259987388;0.25;2
"4-Multi";28;"B6 PUPA";1.0625;0.0625;1;2;1;1;0.0563482853384105;0.000106834374429815;7.26982974213259e-07;1.61809925728347e-05;0.000122622410118474;0.25;2
"4-Multi";29;"C1 LEMA";1.09090909090909;0.0909090909090909;1;2;1;1;0.0536533682827597;0.0021631409884203;0.070497411331016;1.54559656251509e-06;0.0159576182439159;0.25;2
"4-Multi";30;"C2 CHFU";1.5;0.5;1;2;1;1;0.0737685621521065;0.0011393228045677;0.000636249658166029;7.52105833817432e-06;0.00801809296220403;0.25;2
"4-Multi";31;"C2 LEMA";1.47265512265512;0.472655122655123;1;10;5;5;0.110002421729234;0.0482259766299702;0.551640212925919;0.00023162988127912;0.046032355471487;0.25;6
"4-Multi";32;"C2 PUPA";1.07994579945799;0.0799457994579946;1;4;2;2;0.0657164316578348;0.000353227747188772;5.96449999102266e-06;1.58171103878228e-05;0.000472783483734657;0.25;4
"4-Multi";33;"C3 CHFU";2.55555555555556;1.55555555555556;1;6;3;3;0.10410789462337;0.0351298540184264;0.0187325620554488;0.00168157858195286;0.0550097824387292;0.25;4
"4-Multi";34;"C3 LEMA";1.15;0.15;1;2;1;1;0.0943465369901466;0.0114786792553499;1;2.18776520489235e-06;0.0141120259987388;0.25;2
"4-Multi";35;"C3 PUPA";1.47967479674797;0.479674796747967;1;6;3;3;0.171347413043837;0.00267778045335357;6.36031235987727e-06;0.000147315305652489;0.000465287164471789;0.25;6
"4-Multi";36;"C4 CHFU";1.05555555555556;0.0555555555555556;1;2;1;1;0.0564069162781844;0.0105225464186269;0.0503509827436613;0.000256592087785159;0.0739941630022682;0.25;2
"4-Multi";37;"C4 LEMA";1.4754329004329;0.4754329004329;1;8;4;4;0.109867013491776;0.0545780214396286;0.436224162310254;0.000438010970911869;0.0575384396734694;0.25;6
"4-Multi";38;"C4 PUPA";1.07994579945799;0.0799457994579946;1;4;2;2;0.0657164316578343;0.000353227747179977;5.96449999133387e-06;1.58171103878883e-05;0.000472783483734657;0.25;4
"4-Multi";39;"C5 ME";2;1;1;2;1;1;0.0646392251965765;0.0221527965528924;0.000118797198958484;0.00050874131109166;0.279696929026694;0.25;2
"4-Multi";40;"C5 PUPA";1.48611111111111;0.486111111111111;1;4;2;2;0.134967972935062;0.00113498182054902;1.53984557195853e-06;0.000121128636953279;0.000189472676567094;0.25;4
"4-Multi";41;"C6 CHFU";1.24786324786325;0.247863247863248;1;4;2;2;0.0894575280020244;0.0143933781587144;0.014340579543988;0.000352133618952434;0.0228535992446079;0.25;4
"4-Multi";42;"C6 PUPA";1.02439024390244;0.024390243902439;1;2;1;1;0.0553822569718701;0.000106239960176449;7.9505666186342e-06;3.79576962985249e-06;0.00055554349155636;0.25;2
"4-Multi";43;"D1 CHFU";2;1;1;2;1;1;0.108165209425863;0;0;0;7.47626483132112e-06;0.25;2
"4-Multi";44;"D1 LEMA";1.27896825396825;0.278968253968254;1;6;3;3;0.0817345230309766;0.0300149824452046;0.316162663465726;0.000262919042382192;0.060324957468002;0.25;4
"4-Multi";45;"D2 CHFU";2.55555555555556;1.55555555555556;1;6;3;3;0.114394014336921;0.0134796000726835;0.0171866277911242;0.000293445584276615;0.0316001077886424;0.25;2
"4-Multi";46;"D2 LEMA";2.5952380952381;1.5952380952381;1;6;3;3;0.118222939633799;0.0464755511078191;0.0669935931650584;0.00015657776010551;0.0473442441858863;0.25;4
"4-Multi";47;"D2 PUPA";1.23983739837398;0.239837398373984;1;4;2;2;0.107633259586573;0.00105968324155857;5.96449999100675e-06;4.74513311634929e-05;0.000472783483734657;0.25;4
"4-Multi";48;"D3 CHFU";1.16666666666667;0.166666666666667;1;2;1;1;0.0637608226902215;0.000342221670716588;0.000677226745704617;9.8505648869913e-07;0.00300482905020669;0.25;2
"4-Multi";49;"D3 LEMA";1.025;0.025;1;2;1;1;0.0530227709095787;0.00191311320921974;1;3.64627534201303e-07;0.0141120259987388;0.25;2
"4-Multi";50;"D3 PUPA";2.04878048780488;1.04878048780488;1;8;4;4;0.190265447323905;0.00749384986142521;5.41322132137111e-06;0.0108411887763254;0.000538678870051005;0.25;6
"4-Multi";51;"D4 LEMA";1.10833333333333;0.108333333333333;1;4;2;2;0.0605353774016609;0.0195077199495939;0.581585780187174;5.43957380790264e-05;0.0600523101605244;0.25;4
"4-Multi";52;"D4 PUPA";1.07317073170732;0.0731707317073171;1;2;1;1;0.0766307355286776;0.000318719880520721;7.95056661896092e-06;1.13873088895879e-05;0.00055554349155636;0.25;2
"4-Multi";53;"D5 CHFU";2.26068376068376;1.26068376068376;1;8;4;4;0.104308295554737;0.0129485202928928;0.0146330961747571;0.000307414170324078;0.0249283862256878;0.25;4
"4-Multi";54;"D5 LEMA";1.14285714285714;0.142857142857143;1;2;1;1;0.057827818344126;0.00224210447675278;0.0248074984138811;1.77758713609899e-06;0.0150345099363608;0.25;2
"4-Multi";55;"D5 PUPA";1.10433604336043;0.104336043360434;1;4;2;2;0.0766203081242909;0.000645605697435666;7.15427202570999e-06;3.70837611262266e-05;0.000490375060658067;0.25;4
"4-Multi";56;"D6 CHFU";1.33333333333333;0.333333333333333;1;2;1;1;0.0617183100042752;0.000164942722937299;0.0001879396207715;1.12034460128289e-06;0.00247951137327562;0.25;2
"4-Multi";57;"D6 LEMA";1.025;0.025;1;2;1;1;0.0530227709095793;0.00191311320923375;1;3.64627534097661e-07;0.0141120259987388;0.25;2
"4-Multi";58;"D6 PUPA";2.87178184281843;1.87178184281843;1;12;6;6;0.188818029584052;0.00754201717920085;4.02106348876825e-06;0.0134592886148931;0.000716070398801626;0.25;6
"4-Multi";59;"E1 CHFU";1.15384615384615;0.153846153846154;1;2;1;1;0.0711985070725381;0.00309666539207973;0.00713849890405283;7.64332249337647e-05;0.0126254864930758;0.25;2
"4-Multi";60;"E1 LEMA";1.025;0.025;1;2;1;1;0.0530227709095787;0.00191311320921703;1;3.64627534221638e-07;0.0141120259987388;0.25;2
"4-Multi";61;"E1 PUPA";1.74661246612466;0.746612466124661;1;6;3;3;0.103693753935847;0.000638960206586761;3.47453287370695e-06;3.48538001523216e-05;0.000274207954782657;0.25;4
"4-Multi";62;"E2 CHFU";2;1;1;2;1;1;0.122212046665503;0.194504179837166;0.0118793683378873;0.0068569081004038;0.0844387924091069;0.25;2
"4-Multi";63;"E2 LEMA";2.08055555555556;1.08055555555556;1;6;3;3;0.120504418764013;0.0227058220128697;0.377562703118798;0.000485046277674308;0.0476344917118218;0.25;4
"4-Multi";64;"E2 ME";2;1;1;4;2;2;0.0931781187926496;0.021821271268346;0.000460472980007765;0.00335704292936942;0.0613983472541979;0.25;2
"4-Multi";65;"E2 PUPA";1.54878048780488;0.548780487804878;1;4;2;2;0.0799043911918229;0.00163917482310008;1.04401400064934e-05;4.82018574555175e-05;0.0097174938702699;0.25;4
"4-Multi";66;"E3 CHFU";1.05555555555556;0.0555555555555556;1;2;1;1;0.0564069162781837;0.0105225464186303;0.0503509827436612;0.000256592087785134;0.0739941630022682;0.25;2
"4-Multi";67;"E3 LEMA";1.025;0.025;1;2;1;1;0.0530227709095788;0.00191311320922485;1;3.64627534163446e-07;0.0141120259987388;0.25;2
"4-Multi";68;"E3 PUPA";1.12872628726287;0.128726287262873;1;4;2;2;0.0869649102146429;0.000565707667538009;6.95753330488946e-06;2.34086496475218e-05;0.000514163487645509;0.25;4
"4-Multi";69;"E4 CHFU";1.61111111111111;0.611111111111111;1;4;2;2;0.0913897828623738;0.0396721043636786;0.0353020003785375;0.00172525302466874;0.0701107076508907;0.25;4
"4-Multi";70;"E4 LEMA";1.1984126984127;0.198412698412698;1;4;2;2;0.0605354517834031;0.0208157760642845;0.0897263658509945;0.000174594664035151;0.0949302636053572;0.25;4
"4-Multi";71;"E5 CHFU";2.05555555555556;1.05555555555556;1;4;2;2;0.0841757194463154;0.0313153828496815;0.0259741092521098;0.000445905226154235;0.103464444028562;0.25;2
"4-Multi";72;"E5 LEMA";1.025;0.025;1;2;1;1;0.0530227709095792;0.00191311320922952;1;3.64627534128757e-07;0.0141120259987388;0.25;2
"4-Multi";73;"E5 PUPA";2;1;1;2;1;1;0.0957705523680321;0.00842352038703079;4.91159082333116e-05;0.00132230457348344;0.0179051243162769;0.25;2
"4-Multi";74;"E6 LEMA";1.14285714285714;0.142857142857143;1;2;1;1;0.0578278183441259;0.00224210447673846;0.0248074984138816;1.77758713620476e-06;0.0150345099363608;0.25;2
"4-Multi";75;"E6 ME";1.5;0.5;1;2;1;1;0.0625484000443994;0.0190547049184066;0.000895375867419294;0.00327100136983676;0.107222970277072;0.25;2
"4-Multi";76;"E6 PUPA";1.0625;0.0625;1;2;1;1;0.0563482853384099;0.00010683437441408;7.26982974745836e-07;1.61809925729522e-05;0.000122622410118474;0.25;2
"4-Multi";77;"F1 LEMA";1.09090909090909;0.0909090909090909;1;2;1;1;0.0536533682827603;0.00216314098842764;0.0704974113310158;1.54559656245871e-06;0.0159576182439159;0.25;2
"4-Multi";78;"F1 PUPA";1.07317073170732;0.0731707317073171;1;2;1;1;0.0766307355286778;0.000318719880528735;7.95056661866443e-06;1.13873088895289e-05;0.00055554349155636;0.25;2
"4-Multi";79;"F2 LEMA";1.10833333333333;0.108333333333333;1;4;2;2;0.0605353774016612;0.0195077199495922;0.581585780187174;5.43957380790386e-05;0.0600523101605244;0.25;4
"4-Multi";80;"F2 PUPA";2.04878048780488;1.04878048780488;1;4;2;2;0.0888252356499865;0.000245599079812672;5.35990767954302e-06;8.43465653689432e-06;0.000429804444390715;0.25;2
"4-Multi";81;"F3 CHFU";1.16666666666667;0.166666666666667;1;2;1;1;0.0637608226902213;0.000342221670715418;0.000677226745704668;9.85056488707312e-07;0.00300482905020669;0.25;2
"4-Multi";82;"F3 LEMA";1.05555555555556;0.0555555555555556;1;2;1;1;0.0525789934288343;0.0129298823796256;0.119921577724512;0.000130388413855901;0.106076646968454;0.25;2
"4-Multi";83;"F3 PUPA";2.16666666666667;1.16666666666667;1;6;3;3;0.109994814269854;0.0247652990587001;8.81474487722869e-05;0.00274258692217185;0.0040628025390737;0.25;4
"4-Multi";84;"F4 CHFU";1.05555555555556;0.0555555555555556;1;2;1;1;0.0564069162781844;0.0105225464186343;0.0503509827436612;0.000256592087785104;0.0739941630022682;0.25;2
"4-Multi";85;"F4 LEMA";1.71590909090909;0.715909090909091;1;6;3;3;0.107263566631031;0.0133373055170004;0.726259114968203;1.75920399180114e-05;0.0142941468812715;0.25;4
"4-Multi";86;"F4 PUPA";1.12872628726287;0.128726287262873;1;4;2;2;0.0872445474026957;0.000751845657621758;7.35334567366978e-06;4.08795307559915e-05;0.000506667168382641;0.25;4
"4-Multi";87;"F5 ME";1.5;0.5;1;2;1;1;0.0753877364417156;0.00276656634992791;2.55700925964406e-05;8.60415595327745e-05;0.0155737242313239;0.25;2
"4-Multi";88;"F5 PUPA";1.125;0.125;1;2;1;1;0.0679385529833546;0.000213668748837529;7.2698297475383e-07;3.236198514582e-05;0.000122622410118474;0.25;2
"4-Multi";89;"F6 CHFU";1.11111111111111;0.111111111111111;1;2;1;1;0.0680558148629034;0.0210450928372711;0.0503509827436611;0.000513184175570173;0.0739941630022682;0.25;2
"4-Multi";90;"F6 LEMA";2;1;1;2;1;1;0.108165209425875;0;0;0;7.47626483132112e-06;0.25;2
"4-Multi";91;"Andrena_cinerea";15.7841991341991;8.31634199134199;7.46785714285714;38;19;19;0.406293205506932;0.218519926720241;0.106022908441579;0.0656795389506091;0.426445067130976;1;6
"4-Multi";92;"Bombyliidae";12.15;11.15;1;36;18;18;0.546031819640905;0.0068483325819227;0.00155691198007772;7.95054937637506e-06;0.000869166682109286;0.25;6
"4-Multi";93;"Bruchidae";1.33333333333333;0.333333333333333;1;2;1;1;0.0676585763290444;0.00285787128770014;0.000293446220752518;0.000572649729548652;0.020101567596261;0.25;2
"4-Multi";94;"Calliphoridae";1.25;0.25;1;2;1;1;0.059790221428947;0.00205895598701697;0.000307414837069047;0.000365675512471315;0.015858103979663;0.25;2
"4-Multi";95;"Cantharidae";3.83333333333333;1.83333333333333;2;6;3;3;0.121294511077462;0.00875136787880947;0.00172998065310163;2.57486265537338e-05;0.0247521640816163;0.5;2
"4-Multi";96;"Dilophus_sp.";26.0179653679654;18.5501082251082;7.46785714285714;72;36;36;1;1;0.280765164686229;0.173225968614695;0.548906011953041;1;6
"4-Multi";97;"Diptera";9.74047619047619;6.93690476190476;2.80357142857143;26;13;13;0.400663015227894;0.0440082249386101;0.00851462726520493;0.0199049873644677;0.0555494754730041;0.5;4
"4-Multi";98;"Empididae";4.75;3.75;1;10;5;5;0.16770596030606;0.00322828482695623;5.91279394803698e-05;0.000677225276885971;0.00472001889904933;0.25;4
"4-Multi";99;"Episyrphus_balteatus";2;1;1;2;1;1;0.108165209425863;0;0;0;7.47626483132112e-06;0.25;2
"4-Multi";100;"Eristalis_sp.";2.5;1.5;1;4;2;2;0.10009383989947;0.000234876501092096;2.34968858217859e-05;1.92940603435645e-07;0.000138205708711872;0.25;2
"4-Multi";101;"Eucera_sp.";3.66666666666667;2.66666666666667;1;16;8;8;0.258331588248734;0.0122574356979287;0.00531080498743133;5.56167077306983e-06;0.000561786439271271;0.25;6
"4-Multi";102;"Eupeodes_corollae";2.45;1.45;1;6;3;3;0.0934283684846761;0.000777978333025525;3.3624298914055e-05;0.000187939213170291;0.00389409611774548;0.25;4
"4-Multi";103;"Lasiocampa_trifolii";4.5;3.5;1;24;12;12;0.25240985956068;0.00698974080319003;0.00216474013864201;3.97842472332601e-06;0.000608930338112063;0.25;6
"4-Multi";104;"Lomatia_sp.";2.33333333333333;1.33333333333333;1;4;2;2;0.101828617878729;0.00358253030868512;0.000150483647686241;0.000636248278210124;0.0126020473466668;0.25;2
"4-Multi";105;"Malachius_bipustulatus";1.23376623376623;0.233766233766234;1;4;2;2;0.0624777656647068;0.00505813874267868;0.000284584273234607;0.0133163645648169;0.0212857946171158;0.25;4
"4-Multi";106;"Meligethes_sp.";6.41233766233766;4.06948051948052;2.34285714285714;24;12;12;0.192304617932812;0.0412891757835125;0.0277288863143908;0.0704997274196715;0.0287282944879377;0.5;6
"4-Multi";107;"Mordellidae";1.09090909090909;0.0909090909090909;1;2;1;1;0.053529080613736;0.0038462661260331;0.000551576468410852;0.00294554211523825;0.0334772578914232;0.25;2
"4-Multi";108;"Musca_sp.";13.302380952381;5.83452380952381;7.46785714285714;26;13;13;0.212268831616575;0.114764519656713;0.00883931366282324;0.00551360628049198;1;1;4
"4-Multi";109;"Nemotelus_sp.";2;1;1;2;1;1;0.108165209425875;0;0;0;7.47626483132112e-06;0.25;2
"4-Multi";110;"Odontomyia_sp.";4.10714285714286;1.30357142857143;2.80357142857143;8;4;4;0.0941160751693946;0.0165716935881152;0.0025620680000254;0.00183860678683177;0.0875096232463033;0.5;2
"4-Multi";111;"Oedemeridae";3.89285714285714;2.89285714285714;1;10;5;5;0.141202165687223;0.0246755574789726;0.000124482784954233;0.0248074446096028;0.0236335029335752;0.25;4
"4-Multi";112;"Psilothrix_viridicoerulea";15.4691558441558;13.1262987012987;2.34285714285714;48;24;24;0.549582178824168;0.132122312463187;0.212296176644386;1;0.0254010577012922;0.5;6
"4-Multi";113;"Scaeva_sp.";2.83333333333333;1.83333333333333;1;6;3;3;0.0991208755056263;0.00350871435987768;0.000101656945138004;0.000945540599132743;0.00991478135237802;0.25;4
"4-Multi";114;"Sphaerophoria_scripta";14.2083333333333;8.08333333333333;6.125;34;17;17;0.50609644399032;0.925795710142447;0.283450997181508;0.17725576293376;0.546537633693278;0.75;6
"4-Multi";115;"Thymelicus_sp.";5.78333333333333;4.78333333333333;1;14;7;7;0.25173825717506;0.00268747282412604;0.00259003419643983;7.26981399489878e-07;0.000188513052185538;0.25;6
"Aggr";1;"A1 LEMA";1.29015151515152;0.290151515151515;1;6;3;3;0.0467129990274609;1;0.180572907773172;0;0.0834116402791069;0;6
"Aggr";2;"A2 CHFU";1.26923076923077;0.269230769230769;1;2;1;1;0.0555271697825046;1;0.136007857336569;0;0.078178908332478;0;2
"Aggr";3;"A2 LEMA";1.19166666666667;0.191666666666667;1;4;2;2;0.0428456218397096;1;0.242333015260504;0;0.151641891530556;0;4
"Aggr";4;"A2 PUPA";1.33333333333333;0.333333333333333;1;2;1;1;0.049929925863418;1;0.000459198840534698;0;0.000941115498795085;0;2
"Aggr";5;"A3 CHFU";1.37179487179487;0.371794871794872;1;4;2;2;0.048886175404519;1;0.0760266395945975;0;0.0508046413916334;0;4
"Aggr";6;"A3 LEMA";2.13888888888889;1.13888888888889;1;6;3;3;0.0666415281210512;1;0.385497802563317;0;0.296640004090649;0;4
"Aggr";7;"A4 CHFU";1.09401709401709;0.094017094017094;1;4;2;2;0.0321869520404243;1;0.568003928668284;0;0.177684874909621;0;4
"Aggr";8;"A4 LEMA";1.16785714285714;0.167857142857143;1;4;2;2;0.0313279665211558;1;0.311938613510946;0;0.316095602197269;0;4
"Aggr";9;"A5 CHFU";1.14957264957265;0.14957264957265;1;4;2;2;0.0414599181999075;1;0.712002619112189;0;0.210853530435336;0;4
"Aggr";10;"A5 LEMA";1.21666666666667;0.216666666666667;1;4;2;2;0.0487127783571623;1;0.304650545971229;0;0.123768639533705;0;4
"Aggr";11;"A6 CHFU";1.42735042735043;0.427350427350427;1;6;3;3;0.0581591415642555;1;0.384017759729732;0;0.12626670809001;0;4
"Aggr";12;"B1 CHFU";1.05555555555556;0.0555555555555556;1;2;1;1;0.0267514213899719;1;0.999999999999999;0;0.277190841486765;0;2
"Aggr";13;"B2 CHFU";1.48717948717949;0.487179487179487;1;4;2;2;0.063452870538661;1;0.109424053616227;0;0.0650099002607016;0;4
"Aggr";14;"B2 LEMA";1.32070707070707;0.320707070707071;1;6;3;3;0.0501188086696271;1;0.307672123247321;0;0.142672129765011;0;6
"Aggr";15;"B2 PUPA";1.29166666666667;0.291666666666667;1;6;3;3;0.13699367505456;1;0.0104869643540473;0;0.00361252588381653;0;6
"Aggr";16;"B3 CHFU";1.33333333333333;0.333333333333333;1;2;1;1;0.0434506447542207;1;0.0160454218526264;0;0.0234303744507888;0;2
"Aggr";17;"B3 LEMA";1.38932178932179;0.389321789321789;1;8;4;4;0.0750639164076621;1;0.435616455344188;0;0.0731732550220466;0;6
"Aggr";18;"B3 PUPA";1.62872628726287;0.628726287262873;1;6;3;3;0.116769624806398;1;0.0220759133354374;0;0.0864059611425894;0;4
"Aggr";19;"B4 CHFU";1.05555555555556;0.0555555555555556;1;2;1;1;0.026751421390016;1;0.999999999999999;0;0.277190841486765;0;2
"Aggr";20;"B4 LEMA";1.30952380952381;0.30952380952381;1;4;2;2;0.0532797084829077;1;0.783068522229622;0;0.355903711327921;0;4
"Aggr";21;"B4 PUPA";1.14244579945799;0.142445799457995;1;6;3;3;0.0835863216767666;1;0.0116704616764824;0;0.00457323948031235;0;6
"Aggr";22;"B5 CHFU";1.70512820512821;0.705128205128205;1;6;3;3;0.102617223521513;1;0.040299504644934;0;0.0281836686567032;0;4
"Aggr";23;"B5 LEMA";3.11829004329004;2.11829004329004;1;12;6;6;0.123686329770113;1;0.43703570852694;0;0.20873768816701;0;6
"Aggr";24;"B5 ME";3;2;1;4;2;2;0.301391906656487;1;0.558848976919527;0;0.242289618505512;0;4
"Aggr";25;"B5 PUPA";1.02439024390244;0.024390243902439;1;2;1;1;0.0382101625471563;1;0.0201870718129945;0;0.00722925046725692;0;2
"Aggr";26;"B6 CHFU";1.16666666666667;0.166666666666667;1;2;1;1;0.0452139276971329;1;0.0110506612541547;0;0.0111109491603693;0;2
"Aggr";27;"B6 LEMA";1.025;0.025;1;2;1;1;0.023345611747933;1;0.491603138103403;0;0.0401488835431496;0;2
"Aggr";28;"B6 PUPA";1.0625;0.0625;1;2;1;1;0.0408286175771913;1;0.00380141582914633;0;0.00148918892342538;0;2
"Aggr";29;"C1 LEMA";1.09090909090909;0.0909090909090909;1;2;1;1;0.0242871463470684;1;0.0564952695751151;0;0.0430546410245093;0;2
"Aggr";30;"C2 CHFU";1.5;0.5;1;2;1;1;0.0598462589952971;1;0.0109637590006022;0;0.0241761357543568;0;2
"Aggr";31;"C2 LEMA";1.47265512265512;0.472655122655123;1;10;5;5;0.0747610983960481;1;0.409109983093284;0;0.16003396663244;0;6
"Aggr";32;"C2 PUPA";1.07994579945799;0.0799457994579946;1;4;2;2;0.0602361593297039;1;0.0156049846001504;0;0.00611526475875584;0;4
"Aggr";33;"C3 CHFU";2.55555555555556;1.55555555555556;1;6;3;3;0.0784857346952953;1;0.381426252854442;0;0.342807936167123;0;4
"Aggr";34;"C3 LEMA";1.15;0.15;1;2;1;1;0.0526813943355011;1;0.491603138103403;0;0.0401488835431496;0;2
"Aggr";35;"C3 PUPA";1.47967479674797;0.479674796747967;1;6;3;3;0.284130037001199;1;0.0170753968439035;0;0.00612531656143929;0;6
"Aggr";36;"C4 CHFU";1.05555555555556;0.0555555555555556;1;2;1;1;0.0267514213900338;1;1;0;0.277190841486765;0;2
"Aggr";37;"C4 LEMA";1.4754329004329;0.4754329004329;1;8;4;4;0.0776898691520078;1;0.582947346600476;0;0.198389517120705;0;6
"Aggr";38;"C4 PUPA";1.07994579945799;0.0799457994579946;1;4;2;2;0.0602361593297057;1;0.0156049846001504;0;0.00611526475875584;0;4
"Aggr";39;"C5 ME";2;1;1;2;1;1;0.0476185569151171;1;0.0387954538508977;0;0.405340775260921;0;2
"Aggr";40;"C5 PUPA";1.48611111111111;0.486111111111111;1;4;2;2;0.201631422877081;1;0.00560678621868636;0;0.00236721145513273;0;4
"Aggr";41;"C6 CHFU";1.24786324786325;0.247863247863248;1;4;2;2;0.0539290746415567;1;0.280006547780474;0;0.111347563858192;0;4
"Aggr";42;"C6 PUPA";1.02439024390244;0.024390243902439;1;2;1;1;0.0382101625471121;1;0.0201870718129944;0;0.00722925046725692;0;2
"Aggr";43;"D1 CHFU";2;1;1;2;1;1;0.11652303486856;1;0;0;6.71851883342011e-06;0;2
"Aggr";44;"D1 LEMA";1.27896825396825;0.278968253968254;1;6;3;3;0.0599267218980402;1;0.629502625880997;0;0.156475583746783;0;4
"Aggr";45;"D2 CHFU";2.55555555555556;1.55555555555556;1;6;3;3;0.110615910560862;1;0.340320426037624;0;0.113746962302525;0;2
"Aggr";46;"D2 LEMA";2.5952380952381;1.5952380952381;1;6;3;3;0.114880070413551;1;0.0544371122641176;0;0.111347123770516;0;4
"Aggr";47;"D2 PUPA";1.23983739837398;0.239837398373984;1;4;2;2;0.145751567528744;1;0.0156049846001505;0;0.00611526475875584;0;4
"Aggr";48;"D3 CHFU";1.16666666666667;0.166666666666667;1;2;1;1;0.045213927697017;1;0.0110506612541546;0;0.0111109491603693;0;2
"Aggr";49;"D3 LEMA";1.025;0.025;1;2;1;1;0.0233456117478744;1;0.491603138103402;0;0.0401488835431496;0;2
"Aggr";50;"D3 PUPA";2.04878048780488;1.04878048780488;1;8;4;4;0.398098137996483;1;0.0560295750866863;0;0.00832502886709108;0;6
"Aggr";51;"D4 LEMA";1.10833333333333;0.108333333333333;1;4;2;2;0.0330956167937103;1;0.304650545971229;0;0.123768639533705;0;4
"Aggr";52;"D4 PUPA";1.07317073170732;0.0731707317073171;1;2;1;1;0.0796735771812325;1;0.0201870718129944;0;0.00722925046725692;0;2
"Aggr";53;"D5 CHFU";2.26068376068376;1.26068376068376;1;8;4;4;0.0912635990267368;1;0.288352919833129;0;0.10042092165549;0;4
"Aggr";54;"D5 LEMA";1.14285714285714;0.142857142857143;1;2;1;1;0.0355136330613082;1;0.0264073654205872;0;0.0313717684704541;0;2
"Aggr";55;"D5 PUPA";1.10433604336043;0.104336043360434;1;4;2;2;0.0843363190381439;1;0.0190928966627692;0;0.00649999573183413;0;4
"Aggr";56;"D6 CHFU";1.33333333333333;0.333333333333333;1;2;1;1;0.041710747937679;1;0.00308883873485834;0;0.0123338679735962;0;2
"Aggr";57;"D6 LEMA";1.025;0.025;1;2;1;1;0.0233456117478051;1;0.491603138103402;0;0.0401488835431496;0;2
"Aggr";58;"D6 PUPA";2.87178184281843;1.87178184281843;1;12;6;6;0.389383242812799;1;0.0647991314354565;0;0.0119401608050949;0;6
"Aggr";59;"E1 CHFU";1.15384615384615;0.153846153846154;1;2;1;1;0.0392205778313547;1;0.136007857336569;0;0.078178908332478;0;2
"Aggr";60;"E1 LEMA";1.025;0.025;1;2;1;1;0.0233456117479432;1;0.491603138103403;0;0.0401488835431496;0;2
"Aggr";61;"E1 PUPA";1.74661246612466;0.746612466124661;1;6;3;3;0.128507552987218;1;0.00950250396409562;0;0.00353824193145891;0;4
"Aggr";62;"E2 CHFU";2;1;1;2;1;1;0.134478515782239;1;0.117697953839054;0;0.207388395524259;0;2
"Aggr";63;"E2 LEMA";2.08055555555556;1.08055555555556;1;6;3;3;0.173942374815266;1;0.54253699847999;0;0.131839544454131;0;4
"Aggr";64;"E2 ME";2;1;1;4;2;2;0.069275736312017;1;0.0680174569528828;0;0.339205670728626;0;4
"Aggr";65;"E2 PUPA";1.54878048780488;0.548780487804878;1;4;2;2;0.0740119207065823;1;0.026389865825629;0;0.139933092065145;0;4
"Aggr";66;"E3 CHFU";1.05555555555556;0.0555555555555556;1;2;1;1;0.0267514213899801;1;1;0;0.277190841486765;0;2
"Aggr";67;"E3 LEMA";1.025;0.025;1;2;1;1;0.0233456117478766;1;0.491603138103403;0;0.0401488835431496;0;2
"Aggr";68;"E3 PUPA";1.12872628726287;0.128726287262873;1;4;2;2;0.101699573963878;1;0.0178960282065725;0;0.00667225761300638;0;4
"Aggr";69;"E4 CHFU";1.61111111111111;0.611111111111111;1;4;2;2;0.0639626292564665;1;0.710758029639497;0;0.382141334608306;0;4
"Aggr";70;"E4 LEMA";1.1984126984127;0.198412698412698;1;4;2;2;0.0347337761635292;1;0.566137044459245;0;0.434616581169076;0;4
"Aggr";71;"E5 CHFU";2.05555555555556;1.05555555555556;1;4;2;2;0.0568915230749641;1;0.519397726925449;0;0.341265808373843;0;4
"Aggr";72;"E5 LEMA";1.025;0.025;1;2;1;1;0.0233456117478383;1;0.491603138103403;0;0.0401488835431496;0;2
"Aggr";73;"E5 PUPA";2;1;1;2;1;1;0.0733549386442528;1;0.13227408891849;0;0.592042320851388;0;2
"Aggr";74;"E6 LEMA";1.14285714285714;0.142857142857143;1;2;1;1;0.0355136330611012;1;0.0264073654205872;0;0.0313717684704541;0;2
"Aggr";75;"E6 ME";1.5;0.5;1;2;1;1;0.0454166969372257;1;0.13227408891849;0;0.592042320851388;0;2
"Aggr";76;"E6 PUPA";1.0625;0.0625;1;2;1;1;0.0408286175772526;1;0.00380141582914632;0;0.00148918892342538;0;2
"Aggr";77;"F1 LEMA";1.09090909090909;0.0909090909090909;1;2;1;1;0.0242871463468983;1;0.0564952695751151;0;0.0430546410245093;0;2
"Aggr";78;"F1 PUPA";1.07317073170732;0.0731707317073171;1;2;1;1;0.0796735771813711;1;0.0201870718129944;0;0.00722925046725692;0;2
"Aggr";79;"F2 LEMA";1.10833333333333;0.108333333333333;1;4;2;2;0.0330956167937119;1;0.304650545971228;0;0.123768639533705;0;4
"Aggr";80;"F2 PUPA";2.04878048780488;1.04878048780488;1;4;2;2;0.106659948613605;1;0.0147116562044215;0;0.0336091738467924;0;4
"Aggr";81;"F3 CHFU";1.16666666666667;0.166666666666667;1;2;1;1;0.0452139276970355;1;0.0110506612541546;0;0.0111109491603693;0;2
"Aggr";82;"F3 LEMA";1.05555555555556;0.0555555555555556;1;2;1;1;0.0267514213900996;1;1;0;0.277190841486765;0;2
"Aggr";83;"F3 PUPA";2.16666666666667;1.16666666666667;1;6;3;3;0.257206741235056;1;0.261207997527986;0;0.0730687732647492;0;6
"Aggr";84;"F4 CHFU";1.05555555555556;0.0555555555555556;1;2;1;1;0.0267514213899171;1;1;0;0.277190841486765;0;2
"Aggr";85;"F4 LEMA";1.71590909090909;0.715909090909091;1;6;3;3;0.0686564048089889;1;0.360364203961778;0;0.0410837113823186;0;4
"Aggr";86;"F4 PUPA";1.12872628726287;0.128726287262873;1;4;2;2;0.105068026355035;1;0.0193664404503254;0;0.00668230941568983;0;4
"Aggr";87;"F5 ME";1.5;0.5;1;2;1;1;0.0413374946049365;1;0.00376082498727565;0;0.0863690206058633;0;2
"Aggr";88;"F5 PUPA";1.125;0.125;1;2;1;1;0.0641787799241192;1;0.00380141582914631;0;0.00148918892342538;0;2
"Aggr";89;"F6 CHFU";1.11111111111111;0.111111111111111;1;2;1;1;0.0360243875495045;1;1;0;0.277190841486765;0;2
"Aggr";90;"F6 LEMA";2;1;1;2;1;1;0.116523034868283;1;0;0;6.71851883342011e-06;0;2
"Aggr";91;"Andrena_cinerea";8.84848484848485;4.84848484848485;4;22;11;11;0.262948157243596;1;0;0.13227408891849;1;0;6
"Aggr";92;"Bombyliidae";12.15;11.15;1;36;18;18;1;1;0;0.0201870718129924;0.0122061257761855;0;6
"Aggr";93;"Bruchidae";1.33333333333333;0.333333333333333;1;2;1;1;0.0488196298892961;1;0;0.00999751911226814;0.0673454446732625;0;2
"Aggr";94;"Calliphoridae";1.25;0.25;1;2;1;1;0.0368719700238;1;0;0.00635316074179303;0.0594559011660406;0;2
"Aggr";95;"Cantharidae";3.83333333333333;1.83333333333333;2;6;3;3;0.112277832351355;1;0;0.00376082498727653;0.145879232806861;0;4
"Aggr";96;"Dilophus_sp.";19.0822510822511;15.0822510822511;4;56;28;28;0.785474780582758;1;0;1;0.46819184051;0;6
"Aggr";97;"Diptera";8.13333333333333;6.13333333333333;2;22;11;11;0.33252658095976;1;0;0.136007857336569;0.132045508592146;0;4
"Aggr";98;"Empididae";4.75;3.75;1;10;5;5;0.195779805646771;1;0;0.0110506612541532;0.0187626108905152;0;4
"Aggr";99;"Episyrphus_balteatus";2;1;1;2;1;1;0.11652303486869;1;0;0;6.71851883342011e-06;0;2
"Aggr";100;"Eristalis_sp.";2.5;1.5;1;4;2;2;0.114534602233697;1;0;0.000459198840535068;0.00158498627590168;0;2
"Aggr";101;"Eucera_sp.";3.66666666666667;2.66666666666667;1;16;8;8;0.53776480603646;1;0;0.0169045463623166;0.00851082519102839;0;6
"Aggr";102;"Eupeodes_corollae";2.45;1.45;1;6;3;3;0.0855257389669675;1;0;0.00308883873485807;0.0208282140268903;0;4
"Aggr";103;"Lasiocampa_trifolii";4.5;3.5;1;24;12;12;0.466432873036069;1;0;0.0110228973873071;0.00844291214586272;0;6
"Aggr";104;"Lomatia_sp.";2.33333333333333;1.33333333333333;1;4;2;2;0.0996889500354422;1;0;0.0109637590006023;0.0408307074100662;0;2
"Aggr";105;"Malachius_bipustulatus";1.23376623376623;0.233766233766234;1;4;2;2;0.0353728844125473;1;0;0.00803846764032936;0.0739548191170698;0;4
"Aggr";106;"Meligethes_sp.";5.72662337662338;3.72662337662338;2;20;10;10;0.176224946551155;1;0;0.0564952695751155;0.0727179425023149;0;6
"Aggr";107;"Mordellidae";1.09090909090909;0.0909090909090909;1;2;1;1;0.0270360352586962;1;0;0.00350146443371852;0.123583714114322;0;2
"Aggr";108;"Musca_sp.";6.36666666666667;2.36666666666667;4;10;5;5;0.141835772634686;1;0;0.0387954538508967;0.684646851478124;0;4
"Aggr";109;"Nemotelus_sp.";2;1;1;2;1;1;0.116523034868385;1;0;0;6.71851883342011e-06;0;2
"Aggr";110;"Odontomyia_sp.";2.5;0.5;2;4;2;2;0.0559907567024537;1;0;0.0120046696448365;0.268880511812691;0;4
"Aggr";111;"Oedemeridae";3.89285714285714;2.89285714285714;1;10;5;5;0.148524993899324;1;0;0.0264073654205866;0.0529846798126608;0;4
"Aggr";112;"Psilothrix_viridicoerulea";14.7834415584416;12.7834415584416;2;44;22;22;0.552202966352285;1;0;0.491603138103403;0.0678098965207472;0;6
"Aggr";113;"Scaeva_sp.";2.83333333333333;1.83333333333333;1;6;3;3;0.0916665512620897;1;0;0.0160454218526265;0.0395710596959449;0;4
"Aggr";114;"Sphaerophoria_scripta";7.95833333333333;4.95833333333333;3;22;11;11;0.412941390184721;1;0;0.117697953839054;0.350290186085088;0;6
"Aggr";115;"Thymelicus_sp.";5.78333333333333;4.78333333333333;1;14;7;7;0.439532467708613;1;0;0.00380141582914584;0.00251072408665045;0;6
