"Layer";"Node";"Label";"Strength";"StrengthIn";"StrengthOut";"Degree";"DegreeIn";"DegreeOut";"PageRank";"Eigenvector";"Hub";"Authority";"Katz";"Multiplexity";"Kcore"
"1-Multi";1;"A1 LEMA";2.26641414141414;1.26641414141414;1;8;4;4;0.163796092428756;1;0.266142669642317;0.0011253206480369;0.0675308077202411;0.333333333333333;4
"1-Multi";2;"A3 CHFU";1.2;0.2;1;2;1;1;0.0998239594741857;1;7.04151469726909e-07;0.00211843537526624;0.000251924421099302;0.333333333333333;2
"1-Multi";3;"A3 LEMA";1.06060606060606;0.0606060606060606;1;2;1;1;0.0884856920491211;1;1;2.84424804526775e-07;0.00111998387574154;0.333333333333333;2
"1-Multi";4;"A4 CHFU";1.4;0.4;1;2;1;1;0.146352186151001;1;7.04151469688074e-07;0.00423687075053245;0.000251924421099302;0.333333333333333;2
"1-Multi";5;"A4 LEMA";1.22222222222222;0.222222222222222;1;2;1;1;0.0833153281983083;1;0.182123327244013;5.15240013192939e-06;0.0170194909832777;0.333333333333333;2
"1-Multi";6;"A5 LEMA";2;1;1;2;1;1;0.153965450301945;1;0;0;9.35493484460825e-06;0.333333333333333;2
"1-Multi";7;"A5 ME";2;1;1;2;1;1;0.129044871484993;1;1.29338912681081e-05;0.0162472069294817;0.0027152363855218;0.333333333333333;2
"1-Multi";8;"B1 CHFU";1.2;0.2;1;2;1;1;0.0998239594742281;1;7.04151469668048e-07;0.00211843537526623;0.000251924421099302;0.333333333333333;2
"1-Multi";9;"B1 LEMA";1.39393939393939;0.393939393939394;1;4;2;2;0.113011555482561;1;0.683216226821734;1.35478648425552e-06;0.00190536252758021;0.333333333333333;4
"1-Multi";10;"B1 ME";1.71428571428571;0.714285714285714;1;2;1;1;0.0927908535890129;1;0.00212877479375898;0.00307977328388042;0.207520396319743;0.333333333333333;2
"1-Multi";11;"B2 LEMA";1.14285714285714;0.142857142857143;1;2;1;1;0.0762484774984703;1;0.0917642023118038;1.07906967525583e-08;0.000134419515463597;0.333333333333333;2
"1-Multi";12;"B3 LEMA";1.03030303030303;0.0303030303030303;1;2;1;1;0.0708907124236848;1;1;1.42212402261475e-07;0.00111998387574154;0.333333333333333;2
"1-Multi";13;"B4 LEMA";1.53030303030303;0.53030303030303;1;4;2;2;0.102847561308742;1;0.517889355978426;1.47997923298825e-07;0.000618803699050033;0.333333333333333;4
"1-Multi";14;"B5 ME";1.83333333333333;0.833333333333333;1;4;2;2;0.131414533500139;1;1.41004299107422e-05;0.00235301805734683;0.00377342260275051;0.333333333333333;2
"1-Multi";15;"B6 LEMA";1.03030303030303;0.0303030303030303;1;2;1;1;0.0708907124225327;1;1;1.42212402273367e-07;0.00111998387574154;0.333333333333333;2
"1-Multi";16;"C1 LEMA";1.57598039215686;0.575980392156863;1;6;3;3;0.120319398965766;1;0.0897938647668097;3.57025876563974e-06;0.00205360605879613;0.333333333333333;4
"1-Multi";17;"C1 ME";1.33333333333333;0.333333333333333;1;2;1;1;0.0733949679873311;1;3.94814102776465e-05;0.00227370806318004;0.0101398520576912;0.333333333333333;2
"1-Multi";18;"C3 LEMA";1.17171717171717;0.171717171717172;1;4;2;2;0.10349548974991;1;0.727374442414671;2.86062487047007e-06;0.0064198195782536;0.333333333333333;4
"1-Multi";19;"C5 LEMA";1.15530303030303;0.15530303030303;1;4;2;2;0.0886052619224036;1;0.554161322899942;2.60248695990847e-06;0.00248036658542501;0.333333333333333;4
"1-Multi";20;"C6 LEMA";1.17316017316017;0.173160173160173;1;4;2;2;0.0938434571256727;1;0.545882101155902;1.53003098977726e-07;0.000627201695602571;0.333333333333333;4
"1-Multi";21;"D1 CHFU";2;1;1;2;1;1;0.13737058102234;1;0.00624653857280362;0.00249066612206885;0.151742702037009;0.333333333333333;2
"1-Multi";22;"D1 LEMA";2.61207664884135;1.61207664884135;1;10;5;5;0.189496256799398;1;0.304321089886123;3.35881692997952e-06;0.00102883972676441;0.333333333333333;4
"1-Multi";23;"D2 ME";2;1;1;2;1;1;0.0990689382490189;1;2.2486728635565e-07;0.00712443758938963;0.000363832927143056;0.333333333333333;2
"1-Multi";24;"D3 ME";1.5;0.5;1;2;1;1;0.111315298311222;1;1.40993972726574e-06;7.93099941668131e-05;0.000590207875280185;0.333333333333333;2
"1-Multi";25;"D4 LEMA";1.25252525252525;0.252525252525252;1;4;2;2;0.10091030782449;1;0.454748884829342;5.29461253418449e-06;0.0117196552807657;0.333333333333333;4
"1-Multi";26;"D5 LEMA";1.125;0.125;1;2;1;1;0.071010282296368;1;0.108322645799884;2.46027455766921e-06;0.00384074929510849;0.333333333333333;2
"1-Multi";27;"D6 LEMA";1.23611111111111;0.236111111111111;1;4;2;2;0.0860200799969856;1;0.145222986521948;5.03647462361207e-06;0.0104301201391931;0.333333333333333;4
"1-Multi";28;"E1 CHFU";1.2;0.2;1;2;1;1;0.0998239594746254;1;7.04151469709742e-07;0.00211843537526623;0.000251924421099302;0.333333333333333;2
"1-Multi";29;"E1 LEMA";2.35472370766488;1.35472370766488;1;6;3;3;0.178451870071331;1;0.313515208436055;4.40999081276487e-07;0.000580748052820932;0.333333333333333;4
"1-Multi";30;"E2 LEMA";1.18382352941176;0.183823529411765;1;4;2;2;0.0834019089146644;1;0.104462356100481;2.48008582177113e-06;0.00214476342475887;0.333333333333333;4
"1-Multi";31;"E2 ME";2.14285714285714;1.14285714285714;1;4;2;2;0.116106081516586;1;0.00110711105990512;0.0280248395234914;0.124853107755712;0.333333333333333;2
"1-Multi";32;"E3 LEMA";1.14285714285714;0.142857142857143;1;2;1;1;0.0762484774997044;1;0.0917642023118036;1.07906967332633e-08;0.000134419515463597;0.333333333333333;2
"1-Multi";33;"E4 LEMA";1.42424242424242;0.424242424242424;1;4;2;2;0.127039099479618;1;0.761874932301725;5.40701412322804e-07;0.000967272894559799;0.333333333333333;4
"1-Multi";34;"E4 ME";2.47619047619048;1.47619047619048;1;6;3;3;0.115702556025445;1;0.000733380088077381;0.00332308038457146;0.0796548320842312;0.333333333333333;2
"1-Multi";35;"E5 LEMA";1.14141414141414;0.141414141414141;1;4;2;2;0.0859005101236634;1;0.591061663622007;2.71841246822691e-06;0.00906973742950963;0.333333333333333;4
"1-Multi";36;"E6 LEMA";1.75270562770563;0.752705627705628;1;8;4;4;0.202896352934113;1;0.655948322164823;3.29619147118367e-06;0.0012605285175368;0.333333333333333;4
"1-Multi";37;"F1 LEMA";1.48128342245989;0.481283422459893;1;6;3;3;0.120199829092859;1;0.312713203316839;1.25219661025082e-06;0.00137341470395439;0.333333333333333;4
"1-Multi";38;"F2 LEMA";2.55882352941176;1.55882352941176;1;6;3;3;0.137239613552421;1;0.0461287494798812;2.94360218003412e-08;0.00020978141508998;0.333333333333333;4
"1-Multi";39;"F3 LEMA";2.4333036244801;1.4333036244801;1;10;5;5;0.235774062967194;1;0.408114771703911;3.6485517662432e-06;0.00222466536091447;0.333333333333333;4
"1-Multi";40;"F4 LEMA";1.03030303030303;0.0303030303030303;1;2;1;1;0.0708907124227979;1;1;1.4221240227231e-07;0.00111998387574154;0.333333333333333;2
"1-Multi";41;"F6 LEMA";1.51769798828622;0.517697988286224;1;6;3;3;0.152140573148312;1;0.275178934667298;1.94395756537769e-07;0.000394403995308317;0.333333333333333;4
"1-Multi";42;"Andrena_cinerea";6.60876623376623;3.03733766233766;3.57142857142857;12;6;6;0.241706923928448;1;0.0546267904400995;0.0474999540741849;0.00166390834864461;0.666666666666667;4
"1-Multi";43;"Brassicogethes_sp.";1.39772727272727;0.397727272727273;1;4;2;2;0.11607469702124;1;3.5761180575318e-06;0.0194784331633166;0.00100026197232087;0.333333333333333;4
"1-Multi";44;"Calliphoridae";2.66666666666667;1.66666666666667;1;4;2;2;0.172047113259311;1;0.00121616402575757;1.40993972763509e-06;0.00113268923756003;0.333333333333333;2
"1-Multi";45;"Cantharidae";7.64285714285714;4.07142857142857;3.57142857142857;16;8;8;0.295667995698518;1;0.0523232358533944;0.0496881618754785;0.0263080943581978;0.666666666666667;4
"1-Multi";46;"Dilophus_sp.";12.7707070707071;8.99292929292929;3.77777777777778;28;14;14;1;1;0.0812144434031874;0.100602770552545;0.00133074688756924;0.666666666666667;4
"1-Multi";47;"Diptera";15.8206349206349;8.02698412698413;7.79365079365079;22;11;11;0.597016153627229;1;0.0607429634893367;0.0285090009504069;1;1;2
"1-Multi";48;"Episyrphus_balteatus";2;1;1;2;1;1;0.153965450302693;1;0;0;9.35493484460825e-06;0.333333333333333;2
"1-Multi";49;"Eupeodes_corollae";9.34285714285714;5.77142857142857;3.57142857142857;22;11;11;0.457995210221717;1;0.124720759179022;0.108335579691152;0.0126545098923007;0.666666666666667;4
"1-Multi";50;"Lassioglosum_.immunitum";1.33333333333333;0.333333333333333;1;2;1;1;0.0760111519143877;1;0.00332308038457096;3.1884060195665e-05;0.0411923843169141;0.333333333333333;2
"1-Multi";51;"Malachius_bipustulatus";1.33333333333333;0.333333333333333;1;2;1;1;0.0821133182180393;1;2.94360219006066e-08;0.00200547008171688;0.000112991323504922;0.333333333333333;2
"1-Multi";52;"Meligethes_sp.";4.225;3.225;1;10;5;5;0.224553091946909;1;5.79137604397875e-07;0.0917642023118037;0.000251222236676078;0.333333333333333;4
"1-Multi";53;"Melyridae";1.83333333333333;0.833333333333333;1;4;2;2;0.110723074150102;1;8.87169727446533e-08;0.0357787119568513;0.000218739806288528;0.333333333333333;4
"1-Multi";54;"Mordellidae";1.125;0.125;1;2;1;1;0.0684811295827978;1;4.40999081248068e-07;0.00511133548305886;0.000304810501294341;0.333333333333333;2
"1-Multi";55;"Musca_sp.";1.125;0.125;1;2;1;1;0.0696545956757467;1;3.35881693076525e-06;0.00496144092255526;0.000536509440573246;0.333333333333333;2
"1-Multi";56;"Nemotelus_sp.";8.93376623376623;5.36233766233766;3.57142857142857;20;10;10;0.396711213364363;1;0.210325935892862;0.182208774570064;0.114475105265241;0.666666666666667;4
"1-Multi";57;"Psilothrix_viridicoerulea";11.555303030303;10.555303030303;1;38;19;19;0.71862969758254;1;3.59820292006271e-05;1;0.00215724384104943;0.333333333333333;4
"2-Multi";1;"A1 LEMA";2.26641414141414;1.26641414141414;1;8;4;4;0.163796092428756;1;0.266142669642317;0.0011253206480369;0.0675308077202411;0.333333333333333;4
"2-Multi";2;"A3 CHFU";1.2;0.2;1;2;1;1;0.0998239594741857;1;7.04151469726909e-07;0.00211843537526624;0.000251924421099302;0.333333333333333;2
"2-Multi";3;"A3 LEMA";1.06060606060606;0.0606060606060606;1;2;1;1;0.0884856920491211;1;1;2.84424804526775e-07;0.00111998387574154;0.333333333333333;2
"2-Multi";4;"A4 CHFU";1.4;0.4;1;2;1;1;0.146352186151001;1;7.04151469688074e-07;0.00423687075053245;0.000251924421099302;0.333333333333333;2
"2-Multi";5;"A4 LEMA";1.22222222222222;0.222222222222222;1;2;1;1;0.0833153281983083;1;0.182123327244013;5.15240013192939e-06;0.0170194909832777;0.333333333333333;2
"2-Multi";6;"A5 LEMA";2;1;1;2;1;1;0.153965450301945;1;0;0;9.35493484460825e-06;0.333333333333333;2
"2-Multi";7;"A5 ME";2;1;1;2;1;1;0.129044871484993;1;1.29338912681081e-05;0.0162472069294817;0.0027152363855218;0.333333333333333;2
"2-Multi";8;"B1 CHFU";1.2;0.2;1;2;1;1;0.0998239594742281;1;7.04151469668048e-07;0.00211843537526623;0.000251924421099302;0.333333333333333;2
"2-Multi";9;"B1 LEMA";1.39393939393939;0.393939393939394;1;4;2;2;0.113011555482561;1;0.683216226821734;1.35478648425552e-06;0.00190536252758021;0.333333333333333;4
"2-Multi";10;"B1 ME";1.71428571428571;0.714285714285714;1;2;1;1;0.0927908535890129;1;0.00212877479375898;0.00307977328388042;0.207520396319743;0.333333333333333;2
"2-Multi";11;"B2 LEMA";1.14285714285714;0.142857142857143;1;2;1;1;0.0762484774984703;1;0.0917642023118038;1.07906967525583e-08;0.000134419515463597;0.333333333333333;2
"2-Multi";12;"B3 LEMA";1.03030303030303;0.0303030303030303;1;2;1;1;0.0708907124236848;1;1;1.42212402261475e-07;0.00111998387574154;0.333333333333333;2
"2-Multi";13;"B4 LEMA";1.53030303030303;0.53030303030303;1;4;2;2;0.102847561308742;1;0.517889355978426;1.47997923298825e-07;0.000618803699050033;0.333333333333333;4
"2-Multi";14;"B5 ME";1.83333333333333;0.833333333333333;1;4;2;2;0.131414533500139;1;1.41004299107422e-05;0.00235301805734683;0.00377342260275051;0.333333333333333;2
"2-Multi";15;"B6 LEMA";1.03030303030303;0.0303030303030303;1;2;1;1;0.0708907124225327;1;1;1.42212402273367e-07;0.00111998387574154;0.333333333333333;2
"2-Multi";16;"C1 LEMA";1.57598039215686;0.575980392156863;1;6;3;3;0.120319398965766;1;0.0897938647668097;3.57025876563974e-06;0.00205360605879613;0.333333333333333;4
"2-Multi";17;"C1 ME";1.33333333333333;0.333333333333333;1;2;1;1;0.0733949679873311;1;3.94814102776465e-05;0.00227370806318004;0.0101398520576912;0.333333333333333;2
"2-Multi";18;"C3 LEMA";1.17171717171717;0.171717171717172;1;4;2;2;0.10349548974991;1;0.727374442414671;2.86062487047007e-06;0.0064198195782536;0.333333333333333;4
"2-Multi";19;"C5 LEMA";1.15530303030303;0.15530303030303;1;4;2;2;0.0886052619224036;1;0.554161322899942;2.60248695990847e-06;0.00248036658542501;0.333333333333333;4
"2-Multi";20;"C6 LEMA";1.17316017316017;0.173160173160173;1;4;2;2;0.0938434571256727;1;0.545882101155902;1.53003098977726e-07;0.000627201695602571;0.333333333333333;4
"2-Multi";21;"D1 CHFU";2;1;1;2;1;1;0.13737058102234;1;0.00624653857280362;0.00249066612206885;0.151742702037009;0.333333333333333;2
"2-Multi";22;"D1 LEMA";2.61207664884135;1.61207664884135;1;10;5;5;0.189496256799398;1;0.304321089886123;3.35881692997952e-06;0.00102883972676441;0.333333333333333;4
"2-Multi";23;"D2 ME";2;1;1;2;1;1;0.0990689382490189;1;2.2486728635565e-07;0.00712443758938963;0.000363832927143056;0.333333333333333;2
"2-Multi";24;"D3 ME";1.5;0.5;1;2;1;1;0.111315298311222;1;1.40993972726574e-06;7.93099941668131e-05;0.000590207875280185;0.333333333333333;2
"2-Multi";25;"D4 LEMA";1.25252525252525;0.252525252525252;1;4;2;2;0.10091030782449;1;0.454748884829342;5.29461253418449e-06;0.0117196552807657;0.333333333333333;4
"2-Multi";26;"D5 LEMA";1.125;0.125;1;2;1;1;0.071010282296368;1;0.108322645799884;2.46027455766921e-06;0.00384074929510849;0.333333333333333;2
"2-Multi";27;"D6 LEMA";1.23611111111111;0.236111111111111;1;4;2;2;0.0860200799969856;1;0.145222986521948;5.03647462361207e-06;0.0104301201391931;0.333333333333333;4
"2-Multi";28;"E1 CHFU";1.2;0.2;1;2;1;1;0.0998239594746254;1;7.04151469709742e-07;0.00211843537526623;0.000251924421099302;0.333333333333333;2
"2-Multi";29;"E1 LEMA";2.35472370766488;1.35472370766488;1;6;3;3;0.178451870071331;1;0.313515208436055;4.40999081276487e-07;0.000580748052820932;0.333333333333333;4
"2-Multi";30;"E2 LEMA";1.18382352941176;0.183823529411765;1;4;2;2;0.0834019089146644;1;0.104462356100481;2.48008582177113e-06;0.00214476342475887;0.333333333333333;4
"2-Multi";31;"E2 ME";2.14285714285714;1.14285714285714;1;4;2;2;0.116106081516586;1;0.00110711105990512;0.0280248395234914;0.124853107755712;0.333333333333333;2
"2-Multi";32;"E3 LEMA";1.14285714285714;0.142857142857143;1;2;1;1;0.0762484774997044;1;0.0917642023118036;1.07906967332633e-08;0.000134419515463597;0.333333333333333;2
"2-Multi";33;"E4 LEMA";1.42424242424242;0.424242424242424;1;4;2;2;0.127039099479618;1;0.761874932301725;5.40701412322804e-07;0.000967272894559799;0.333333333333333;4
"2-Multi";34;"E4 ME";2.47619047619048;1.47619047619048;1;6;3;3;0.115702556025445;1;0.000733380088077381;0.00332308038457146;0.0796548320842312;0.333333333333333;2
"2-Multi";35;"E5 LEMA";1.14141414141414;0.141414141414141;1;4;2;2;0.0859005101236634;1;0.591061663622007;2.71841246822691e-06;0.00906973742950963;0.333333333333333;4
"2-Multi";36;"E6 LEMA";1.75270562770563;0.752705627705628;1;8;4;4;0.202896352934113;1;0.655948322164823;3.29619147118367e-06;0.0012605285175368;0.333333333333333;4
"2-Multi";37;"F1 LEMA";1.48128342245989;0.481283422459893;1;6;3;3;0.120199829092859;1;0.312713203316839;1.25219661025082e-06;0.00137341470395439;0.333333333333333;4
"2-Multi";38;"F2 LEMA";2.55882352941176;1.55882352941176;1;6;3;3;0.137239613552421;1;0.0461287494798812;2.94360218003412e-08;0.00020978141508998;0.333333333333333;4
"2-Multi";39;"F3 LEMA";2.4333036244801;1.4333036244801;1;10;5;5;0.235774062967194;1;0.408114771703911;3.6485517662432e-06;0.00222466536091447;0.333333333333333;4
"2-Multi";40;"F4 LEMA";1.03030303030303;0.0303030303030303;1;2;1;1;0.0708907124227979;1;1;1.4221240227231e-07;0.00111998387574154;0.333333333333333;2
"2-Multi";41;"F6 LEMA";1.51769798828622;0.517697988286224;1;6;3;3;0.152140573148312;1;0.275178934667298;1.94395756537769e-07;0.000394403995308317;0.333333333333333;4
"2-Multi";42;"Andrena_cinerea";6.60876623376623;3.03733766233766;3.57142857142857;12;6;6;0.241706923928448;1;0.0546267904400995;0.0474999540741849;0.00166390834864461;0.666666666666667;4
"2-Multi";43;"Brassicogethes_sp.";1.39772727272727;0.397727272727273;1;4;2;2;0.11607469702124;1;3.5761180575318e-06;0.0194784331633166;0.00100026197232087;0.333333333333333;4
"2-Multi";44;"Calliphoridae";2.66666666666667;1.66666666666667;1;4;2;2;0.172047113259311;1;0.00121616402575757;1.40993972763509e-06;0.00113268923756003;0.333333333333333;2
"2-Multi";45;"Cantharidae";7.64285714285714;4.07142857142857;3.57142857142857;16;8;8;0.295667995698518;1;0.0523232358533944;0.0496881618754785;0.0263080943581978;0.666666666666667;4
"2-Multi";46;"Dilophus_sp.";12.7707070707071;8.99292929292929;3.77777777777778;28;14;14;1;1;0.0812144434031874;0.100602770552545;0.00133074688756924;0.666666666666667;4
"2-Multi";47;"Diptera";15.8206349206349;8.02698412698413;7.79365079365079;22;11;11;0.597016153627229;1;0.0607429634893367;0.0285090009504069;1;1;2
"2-Multi";48;"Episyrphus_balteatus";2;1;1;2;1;1;0.153965450302693;1;0;0;9.35493484460825e-06;0.333333333333333;2
"2-Multi";49;"Eupeodes_corollae";9.34285714285714;5.77142857142857;3.57142857142857;22;11;11;0.457995210221717;1;0.124720759179022;0.108335579691152;0.0126545098923007;0.666666666666667;4
"2-Multi";50;"Lassioglosum_.immunitum";1.33333333333333;0.333333333333333;1;2;1;1;0.0760111519143877;1;0.00332308038457096;3.1884060195665e-05;0.0411923843169141;0.333333333333333;2
"2-Multi";51;"Malachius_bipustulatus";1.33333333333333;0.333333333333333;1;2;1;1;0.0821133182180393;1;2.94360219006066e-08;0.00200547008171688;0.000112991323504922;0.333333333333333;2
"2-Multi";52;"Meligethes_sp.";4.225;3.225;1;10;5;5;0.224553091946909;1;5.79137604397875e-07;0.0917642023118037;0.000251222236676078;0.333333333333333;4
"2-Multi";53;"Melyridae";1.83333333333333;0.833333333333333;1;4;2;2;0.110723074150102;1;8.87169727446533e-08;0.0357787119568513;0.000218739806288528;0.333333333333333;4
"2-Multi";54;"Mordellidae";1.125;0.125;1;2;1;1;0.0684811295827978;1;4.40999081248068e-07;0.00511133548305886;0.000304810501294341;0.333333333333333;2
"2-Multi";55;"Musca_sp.";1.125;0.125;1;2;1;1;0.0696545956757467;1;3.35881693076525e-06;0.00496144092255526;0.000536509440573246;0.333333333333333;2
"2-Multi";56;"Nemotelus_sp.";8.93376623376623;5.36233766233766;3.57142857142857;20;10;10;0.396711213364363;1;0.210325935892862;0.182208774570064;0.114475105265241;0.666666666666667;4
"2-Multi";57;"Psilothrix_viridicoerulea";11.555303030303;10.555303030303;1;38;19;19;0.71862969758254;1;3.59820292006271e-05;1;0.00215724384104943;0.333333333333333;4
"3-Multi";1;"A1 LEMA";2.26641414141414;1.26641414141414;1;8;4;4;0.163796092428756;1;0.266142669642317;0.0011253206480369;0.0675308077202411;0.333333333333333;4
"3-Multi";2;"A3 CHFU";1.2;0.2;1;2;1;1;0.0998239594741857;1;7.04151469726909e-07;0.00211843537526624;0.000251924421099302;0.333333333333333;2
"3-Multi";3;"A3 LEMA";1.06060606060606;0.0606060606060606;1;2;1;1;0.0884856920491211;1;1;2.84424804526775e-07;0.00111998387574154;0.333333333333333;2
"3-Multi";4;"A4 CHFU";1.4;0.4;1;2;1;1;0.146352186151001;1;7.04151469688074e-07;0.00423687075053245;0.000251924421099302;0.333333333333333;2
"3-Multi";5;"A4 LEMA";1.22222222222222;0.222222222222222;1;2;1;1;0.0833153281983083;1;0.182123327244013;5.15240013192939e-06;0.0170194909832777;0.333333333333333;2
"3-Multi";6;"A5 LEMA";2;1;1;2;1;1;0.153965450301945;1;0;0;9.35493484460825e-06;0.333333333333333;2
"3-Multi";7;"A5 ME";2;1;1;2;1;1;0.129044871484993;1;1.29338912681081e-05;0.0162472069294817;0.0027152363855218;0.333333333333333;2
"3-Multi";8;"B1 CHFU";1.2;0.2;1;2;1;1;0.0998239594742281;1;7.04151469668048e-07;0.00211843537526623;0.000251924421099302;0.333333333333333;2
"3-Multi";9;"B1 LEMA";1.39393939393939;0.393939393939394;1;4;2;2;0.113011555482561;1;0.683216226821734;1.35478648425552e-06;0.00190536252758021;0.333333333333333;4
"3-Multi";10;"B1 ME";1.71428571428571;0.714285714285714;1;2;1;1;0.0927908535890129;1;0.00212877479375898;0.00307977328388042;0.207520396319743;0.333333333333333;2
"3-Multi";11;"B2 LEMA";1.14285714285714;0.142857142857143;1;2;1;1;0.0762484774984703;1;0.0917642023118038;1.07906967525583e-08;0.000134419515463597;0.333333333333333;2
"3-Multi";12;"B3 LEMA";1.03030303030303;0.0303030303030303;1;2;1;1;0.0708907124236848;1;1;1.42212402261475e-07;0.00111998387574154;0.333333333333333;2
"3-Multi";13;"B4 LEMA";1.53030303030303;0.53030303030303;1;4;2;2;0.102847561308742;1;0.517889355978426;1.47997923298825e-07;0.000618803699050033;0.333333333333333;4
"3-Multi";14;"B5 ME";1.83333333333333;0.833333333333333;1;4;2;2;0.131414533500139;1;1.41004299107422e-05;0.00235301805734683;0.00377342260275051;0.333333333333333;2
"3-Multi";15;"B6 LEMA";1.03030303030303;0.0303030303030303;1;2;1;1;0.0708907124225327;1;1;1.42212402273367e-07;0.00111998387574154;0.333333333333333;2
"3-Multi";16;"C1 LEMA";1.57598039215686;0.575980392156863;1;6;3;3;0.120319398965766;1;0.0897938647668097;3.57025876563974e-06;0.00205360605879613;0.333333333333333;4
"3-Multi";17;"C1 ME";1.33333333333333;0.333333333333333;1;2;1;1;0.0733949679873311;1;3.94814102776465e-05;0.00227370806318004;0.0101398520576912;0.333333333333333;2
"3-Multi";18;"C3 LEMA";1.17171717171717;0.171717171717172;1;4;2;2;0.10349548974991;1;0.727374442414671;2.86062487047007e-06;0.0064198195782536;0.333333333333333;4
"3-Multi";19;"C5 LEMA";1.15530303030303;0.15530303030303;1;4;2;2;0.0886052619224036;1;0.554161322899942;2.60248695990847e-06;0.00248036658542501;0.333333333333333;4
"3-Multi";20;"C6 LEMA";1.17316017316017;0.173160173160173;1;4;2;2;0.0938434571256727;1;0.545882101155902;1.53003098977726e-07;0.000627201695602571;0.333333333333333;4
"3-Multi";21;"D1 CHFU";2;1;1;2;1;1;0.13737058102234;1;0.00624653857280362;0.00249066612206885;0.151742702037009;0.333333333333333;2
"3-Multi";22;"D1 LEMA";2.61207664884135;1.61207664884135;1;10;5;5;0.189496256799398;1;0.304321089886123;3.35881692997952e-06;0.00102883972676441;0.333333333333333;4
"3-Multi";23;"D2 ME";2;1;1;2;1;1;0.0990689382490189;1;2.2486728635565e-07;0.00712443758938963;0.000363832927143056;0.333333333333333;2
"3-Multi";24;"D3 ME";1.5;0.5;1;2;1;1;0.111315298311222;1;1.40993972726574e-06;7.93099941668131e-05;0.000590207875280185;0.333333333333333;2
"3-Multi";25;"D4 LEMA";1.25252525252525;0.252525252525252;1;4;2;2;0.10091030782449;1;0.454748884829342;5.29461253418449e-06;0.0117196552807657;0.333333333333333;4
"3-Multi";26;"D5 LEMA";1.125;0.125;1;2;1;1;0.071010282296368;1;0.108322645799884;2.46027455766921e-06;0.00384074929510849;0.333333333333333;2
"3-Multi";27;"D6 LEMA";1.23611111111111;0.236111111111111;1;4;2;2;0.0860200799969856;1;0.145222986521948;5.03647462361207e-06;0.0104301201391931;0.333333333333333;4
"3-Multi";28;"E1 CHFU";1.2;0.2;1;2;1;1;0.0998239594746254;1;7.04151469709742e-07;0.00211843537526623;0.000251924421099302;0.333333333333333;2
"3-Multi";29;"E1 LEMA";2.35472370766488;1.35472370766488;1;6;3;3;0.178451870071331;1;0.313515208436055;4.40999081276487e-07;0.000580748052820932;0.333333333333333;4
"3-Multi";30;"E2 LEMA";1.18382352941176;0.183823529411765;1;4;2;2;0.0834019089146644;1;0.104462356100481;2.48008582177113e-06;0.00214476342475887;0.333333333333333;4
"3-Multi";31;"E2 ME";2.14285714285714;1.14285714285714;1;4;2;2;0.116106081516586;1;0.00110711105990512;0.0280248395234914;0.124853107755712;0.333333333333333;2
"3-Multi";32;"E3 LEMA";1.14285714285714;0.142857142857143;1;2;1;1;0.0762484774997044;1;0.0917642023118036;1.07906967332633e-08;0.000134419515463597;0.333333333333333;2
"3-Multi";33;"E4 LEMA";1.42424242424242;0.424242424242424;1;4;2;2;0.127039099479618;1;0.761874932301725;5.40701412322804e-07;0.000967272894559799;0.333333333333333;4
"3-Multi";34;"E4 ME";2.47619047619048;1.47619047619048;1;6;3;3;0.115702556025445;1;0.000733380088077381;0.00332308038457146;0.0796548320842312;0.333333333333333;2
"3-Multi";35;"E5 LEMA";1.14141414141414;0.141414141414141;1;4;2;2;0.0859005101236634;1;0.591061663622007;2.71841246822691e-06;0.00906973742950963;0.333333333333333;4
"3-Multi";36;"E6 LEMA";1.75270562770563;0.752705627705628;1;8;4;4;0.202896352934113;1;0.655948322164823;3.29619147118367e-06;0.0012605285175368;0.333333333333333;4
"3-Multi";37;"F1 LEMA";1.48128342245989;0.481283422459893;1;6;3;3;0.120199829092859;1;0.312713203316839;1.25219661025082e-06;0.00137341470395439;0.333333333333333;4
"3-Multi";38;"F2 LEMA";2.55882352941176;1.55882352941176;1;6;3;3;0.137239613552421;1;0.0461287494798812;2.94360218003412e-08;0.00020978141508998;0.333333333333333;4
"3-Multi";39;"F3 LEMA";2.4333036244801;1.4333036244801;1;10;5;5;0.235774062967194;1;0.408114771703911;3.6485517662432e-06;0.00222466536091447;0.333333333333333;4
"3-Multi";40;"F4 LEMA";1.03030303030303;0.0303030303030303;1;2;1;1;0.0708907124227979;1;1;1.4221240227231e-07;0.00111998387574154;0.333333333333333;2
"3-Multi";41;"F6 LEMA";1.51769798828622;0.517697988286224;1;6;3;3;0.152140573148312;1;0.275178934667298;1.94395756537769e-07;0.000394403995308317;0.333333333333333;4
"3-Multi";42;"Andrena_cinerea";6.60876623376623;3.03733766233766;3.57142857142857;12;6;6;0.241706923928448;1;0.0546267904400995;0.0474999540741849;0.00166390834864461;0.666666666666667;4
"3-Multi";43;"Brassicogethes_sp.";1.39772727272727;0.397727272727273;1;4;2;2;0.11607469702124;1;3.5761180575318e-06;0.0194784331633166;0.00100026197232087;0.333333333333333;4
"3-Multi";44;"Calliphoridae";2.66666666666667;1.66666666666667;1;4;2;2;0.172047113259311;1;0.00121616402575757;1.40993972763509e-06;0.00113268923756003;0.333333333333333;2
"3-Multi";45;"Cantharidae";7.64285714285714;4.07142857142857;3.57142857142857;16;8;8;0.295667995698518;1;0.0523232358533944;0.0496881618754785;0.0263080943581978;0.666666666666667;4
"3-Multi";46;"Dilophus_sp.";12.7707070707071;8.99292929292929;3.77777777777778;28;14;14;1;1;0.0812144434031874;0.100602770552545;0.00133074688756924;0.666666666666667;4
"3-Multi";47;"Diptera";15.8206349206349;8.02698412698413;7.79365079365079;22;11;11;0.597016153627229;1;0.0607429634893367;0.0285090009504069;1;1;2
"3-Multi";48;"Episyrphus_balteatus";2;1;1;2;1;1;0.153965450302693;1;0;0;9.35493484460825e-06;0.333333333333333;2
"3-Multi";49;"Eupeodes_corollae";9.34285714285714;5.77142857142857;3.57142857142857;22;11;11;0.457995210221717;1;0.124720759179022;0.108335579691152;0.0126545098923007;0.666666666666667;4
"3-Multi";50;"Lassioglosum_.immunitum";1.33333333333333;0.333333333333333;1;2;1;1;0.0760111519143877;1;0.00332308038457096;3.1884060195665e-05;0.0411923843169141;0.333333333333333;2
"3-Multi";51;"Malachius_bipustulatus";1.33333333333333;0.333333333333333;1;2;1;1;0.0821133182180393;1;2.94360219006066e-08;0.00200547008171688;0.000112991323504922;0.333333333333333;2
"3-Multi";52;"Meligethes_sp.";4.225;3.225;1;10;5;5;0.224553091946909;1;5.79137604397875e-07;0.0917642023118037;0.000251222236676078;0.333333333333333;4
"3-Multi";53;"Melyridae";1.83333333333333;0.833333333333333;1;4;2;2;0.110723074150102;1;8.87169727446533e-08;0.0357787119568513;0.000218739806288528;0.333333333333333;4
"3-Multi";54;"Mordellidae";1.125;0.125;1;2;1;1;0.0684811295827978;1;4.40999081248068e-07;0.00511133548305886;0.000304810501294341;0.333333333333333;2
"3-Multi";55;"Musca_sp.";1.125;0.125;1;2;1;1;0.0696545956757467;1;3.35881693076525e-06;0.00496144092255526;0.000536509440573246;0.333333333333333;2
"3-Multi";56;"Nemotelus_sp.";8.93376623376623;5.36233766233766;3.57142857142857;20;10;10;0.396711213364363;1;0.210325935892862;0.182208774570064;0.114475105265241;0.666666666666667;4
"3-Multi";57;"Psilothrix_viridicoerulea";11.555303030303;10.555303030303;1;38;19;19;0.71862969758254;1;3.59820292006271e-05;1;0.00215724384104943;0.333333333333333;4
"Aggr";1;"A1 LEMA";2.26641414141414;1.26641414141414;1;8;4;4;0.220170100012129;1;0.264621156598135;0;0.330775883835135;0;4
"Aggr";2;"A3 CHFU";1.2;0.2;1;2;1;1;0.10216256538188;1;0.250731274957344;0;0.0195071785820534;0;2
"Aggr";3;"A3 LEMA";1.06060606060606;0.0606060606060606;1;2;1;1;0.0772927461957392;1;1;0;0.0201947185708075;0;2
"Aggr";4;"A4 CHFU";1.4;0.4;1;2;1;1;0.178547536083181;1;0.250731274957344;0;0.0195071785820534;0;2
"Aggr";5;"A4 LEMA";1.22222222222222;0.222222222222222;1;2;1;1;0.0588018741437256;1;0.151825252967731;0;0.272225394226073;0;2
"Aggr";6;"A5 LEMA";2;1;1;2;1;1;0.171850631203816;1;0;0;1.33898324007e-05;0;2
"Aggr";7;"A5 ME";2;1;1;2;1;1;0.224536457893808;1;0.115221877878772;0;0.0672291190475784;0;2
"Aggr";8;"B1 CHFU";1.2;0.2;1;2;1;1;0.102162565381877;1;0.250731274957344;0;0.0195071785820534;0;2
"Aggr";9;"B1 LEMA";1.39393939393939;0.393939393939394;1;4;2;2;0.111778359992343;1;0.685730904852367;0;0.0359070153446817;0;4
"Aggr";10;"B1 ME";1.71428571428571;0.714285714285714;1;2;1;1;0.116690403209672;1;0.0280293260720846;0;0.647115093665609;0;2
"Aggr";11;"B2 LEMA";1.14285714285714;0.142857142857143;1;2;1;1;0.0595768518141819;1;0.0943058605641145;0;0.00469167468837693;0;2
"Aggr";12;"B3 LEMA";1.03030303030303;0.0303030303030303;1;2;1;1;0.0515351704381578;1;1;0;0.0201947185708075;0;2
"Aggr";13;"B4 LEMA";1.53030303030303;0.53030303030303;1;4;2;2;0.0990438461860403;1;0.51890253538273;0;0.0123725234138248;0;4
"Aggr";14;"B5 ME";1.83333333333333;0.833333333333333;1;4;2;2;0.147671015453154;1;0.0204136932445655;0;0.0272638371855629;0;2
"Aggr";15;"B6 LEMA";1.03030303030303;0.0303030303030303;1;2;1;1;0.0515351704381603;1;1;0;0.0201947185708075;0;2
"Aggr";16;"C1 LEMA";1.57598039215686;0.575980392156863;1;6;3;3;0.130040402085481;1;0.168469285587641;0;0.0433937712760288;0;4
"Aggr";17;"C1 ME";1.33333333333333;0.333333333333333;1;2;1;1;0.0602632084771779;1;0.057192714557101;0;0.06733160889243;0;2
"Aggr";18;"C3 LEMA";1.17171717171717;0.171717171717172;1;4;2;2;0.0938048859273187;1;0.717275084322577;0;0.104204943789229;0;4
"Aggr";19;"C5 LEMA";1.15530303030303;0.15530303030303;1;4;2;2;0.0763800283398123;1;0.557610938939386;0;0.043711918809193;0;4
"Aggr";20;"C6 LEMA";1.17316017316017;0.173160173160173;1;4;2;2;0.0853344275717664;1;0.547152930282057;0;0.0124431966295922;0;4
"Aggr";21;"D1 CHFU";2;1;1;2;1;1;0.153055526621315;1;0.0280293260720848;0;0.647115093665609;0;2
"Aggr";22;"D1 LEMA";2.61207664884135;1.61207664884135;1;10;5;5;0.238291406325451;1;0.361802222083927;0;0.0239789996592076;0;4
"Aggr";23;"D2 ME";2;1;1;2;1;1;0.108066091122768;1;0.0463892667387142;0;0.0207444394820646;0;2
"Aggr";24;"D3 ME";1.5;0.5;1;2;1;1;0.113185401656545;1;0.00202418258829739;0;0.00722995133212938;0;2
"Aggr";25;"D4 LEMA";1.25252525252525;0.252525252525252;1;4;2;2;0.0845594499013066;1;0.434550168645154;0;0.188215169007651;0;4
"Aggr";26;"D5 LEMA";1.125;0.125;1;2;1;1;0.0506224525822288;1;0.115221877878772;0;0.0672291190475784;0;2
"Aggr";27;"D6 LEMA";1.23611111111111;0.236111111111111;1;4;2;2;0.0671345923138065;1;0.133523565423252;0;0.169727256636826;0;4
"Aggr";28;"E1 CHFU";1.2;0.2;1;2;1;1;0.102162565381877;1;0.250731274957344;0;0.0195071785820534;0;2
"Aggr";29;"E1 LEMA";2.35472370766488;1.35472370766488;1;6;3;3;0.232535393682847;1;0.407531526502386;0;0.0181939846523208;0;4
"Aggr";30;"E2 LEMA";1.18382352941176;0.183823529411765;1;4;2;2;0.0730886204355522;1;0.182976576418058;0;0.0433681488148159;0;4
"Aggr";31;"E2 ME";2.14285714285714;1.14285714285714;1;4;2;2;0.192569413970571;1;0.0899272895199077;0;0.459670243945841;0;4
"Aggr";32;"E3 LEMA";1.14285714285714;0.142857142857143;1;2;1;1;0.0595768518141798;1;0.0943058605641144;0;0.00469167468837693;0;2
"Aggr";33;"E4 LEMA";1.42424242424242;0.424242424242424;1;4;2;2;0.130479820767389;1;0.761597316684678;0;0.0203321487986218;0;4
"Aggr";34;"E4 ME";2.47619047619048;1.47619047619048;1;6;3;3;0.132193272002006;1;0.0288219955136603;0;0.276786437436626;0;4
"Aggr";35;"E5 LEMA";1.14141414141414;0.141414141414141;1;4;2;2;0.0680473101697319;1;0.575912626483865;0;0.14621005639844;0;4
"Aggr";36;"E6 LEMA";1.75270562770563;0.752705627705628;1;8;4;4;0.240639087317814;1;0.6569896256477;0;0.0242048532590072;0;4
"Aggr";37;"F1 LEMA";1.48128342245989;0.481283422459893;1;6;3;3;0.13095311994141;1;0.389663816117947;0;0.0316351711568361;0;4
"Aggr";38;"F2 LEMA";2.55882352941176;1.55882352941176;1;6;3;3;0.154990200342881;1;0.0975826582014811;0;0.0093231212424437;0;4
"Aggr";39;"F3 LEMA";2.4333036244801;1.4333036244801;1;10;5;5;0.293652823630617;1;0.433010558698873;0;0.0417901529840438;0;4
"Aggr";40;"F4 LEMA";1.03030303030303;0.0303030303030303;1;2;1;1;0.0515351704381586;1;1;0;0.0201947185708075;0;2
"Aggr";41;"F6 LEMA";1.51769798828622;0.517697988286224;1;6;3;3;0.175399109692302;1;0.306729771329938;0;0.0107553842435983;0;4
"Aggr";42;"Andrena_cinerea";3.46590909090909;1.46590909090909;2;8;4;4;0.19361999162879;1;0;0.0463892667387139;0.0320497327157243;0;4
"Aggr";43;"Brassicogethes_sp.";1.39772727272727;0.397727272727273;1;4;2;2;0.119170120262601;1;0;0.0211463586888239;0.0241661209335528;0;4
"Aggr";44;"Calliphoridae";2.66666666666667;1.66666666666667;1;4;2;2;0.205665428178742;1;0;0.00202418258829719;0.0111653692329058;0;2
"Aggr";45;"Cantharidae";4.5;2.5;2;12;6;6;0.243427862093702;1;0;0.0571927145571009;0.104042350475826;0;4
"Aggr";46;"Dilophus_sp.";9.21515151515151;7.21515151515151;2;24;12;12;0.898646714133225;1;0;0.250731274957345;0.0301377545429485;0;4
"Aggr";47;"Diptera";6.23333333333333;3.23333333333333;3;10;5;5;0.449216230379082;1;0;0.0280293260720845;1;0;4
"Aggr";48;"Episyrphus_balteatus";2;1;1;2;1;1;0.171850631203817;1;0;0;1.33898324007e-05;0;2
"Aggr";49;"Eupeodes_corollae";6.2;4.2;2;18;9;9;0.467667913442912;1;0;0.115221877878772;0.103883969695923;0;4
"Aggr";50;"Lassioglosum_.immunitum";1.33333333333333;0.333333333333333;1;2;1;1;0.0632323550811867;1;0;0.00124394591179473;0.179116098667459;0;2
"Aggr";51;"Malachius_bipustulatus";1.33333333333333;0.333333333333333;1;2;1;1;0.0696914847777689;1;0;0.00421162888163879;0.00603781355609303;0;2
"Aggr";52;"Meligethes_sp.";4.225;3.225;1;10;5;5;0.278346823453261;1;0;0.0943058605641142;0.00724289052265372;0;4
"Aggr";53;"Melyridae";1.83333333333333;0.833333333333333;1;4;2;2;0.111785119406744;1;0;0.0378050707654597;0.00702446343755627;0;4
"Aggr";54;"Mordellidae";1.125;0.125;1;2;1;1;0.0504844802593306;1;0;0.0065958372323644;0.0117782412464608;0;2
"Aggr";55;"Musca_sp.";1.125;0.125;1;2;1;1;0.0510960566026311;1;0;0.00585571523178678;0.0155217844395339;0;2
"Aggr";56;"Nemotelus_sp.";5.79090909090909;3.79090909090909;2;16;8;8;0.349668841374562;1;0;0.151825252967731;0.420671159558685;0;4
"Aggr";57;"Psilothrix_viridicoerulea";11.555303030303;10.555303030303;1;38;19;19;1;1;0;1;0.0312002317063314;0;4
