"Layer";"Node";"Label";"Strength";"StrengthIn";"StrengthOut";"Degree";"DegreeIn";"DegreeOut";"PageRank";"Eigenvector";"Hub";"Authority";"Katz";"Multiplexity";"Kcore"
"1-Multi";1;"A1 CHFU";1.01754385964912;0.0175438596491228;1;2;1;1;0.0389018670458147;0.00246936864942548;0.999999999999999;2.87631944861302e-06;0.079060509891012;0.2;2
"1-Multi";2;"A4 LEMA";1.16993464052288;0.169934640522876;1;4;2;2;0.0573480422982117;0.0055878973354352;0.000293043499345414;1.8247403706081e-06;0.0121754404930978;0.2;4
"1-Multi";3;"A5 CHFU";1.45614035087719;0.456140350877193;1;4;2;2;0.0783474406511663;0.0180927447772;0.876484924399733;2.02914654513133e-05;0.0724091698320743;0.2;4
"1-Multi";4;"A5 LEMA";2.05555555555556;1.05555555555556;1;4;2;2;0.0581984941349943;0.00276554621881345;0.000132750016168849;6.11477213034601e-05;0.0105218921429837;0.2;2
"1-Multi";5;"A5 ME";1.5;0.5;1;2;1;1;0.0510537010461418;0.0136832825685188;8.02906560676849e-08;2.09470185613955e-07;0.0290621445840296;0.2;2
"1-Multi";6;"A6 LEMA";1.1;0.1;1;2;1;1;0.0459573657988735;0.0276388321801655;0.0192677788509648;0.000720181791499983;0.160365628568268;0.2;2
"1-Multi";7;"A6 PUPA";1.1;0.1;1;2;1;1;0.0456471099160951;0;0;0;1.17011423114678e-05;0.2;2
"1-Multi";8;"B1 CHFU";1.01754385964912;0.0175438596491228;1;2;1;1;0.0389018670457078;0.00246936864942526;1;2.87631944860149e-06;0.079060509891012;0.2;2
"1-Multi";9;"B2 CHFU";2.05263157894737;1.05263157894737;1;4;2;2;0.0619019998061308;0.00848155394540181;0.75204365342073;9.04248644070219e-06;0.0673764691345775;0.2;2
"1-Multi";10;"B3 CHFU";1.03508771929825;0.0350877192982456;1;2;1;1;0.0442666524328722;0.0049387372988505;1;5.7526388971942e-06;0.079060509891012;0.2;2
"1-Multi";11;"B3 LEMA";1.13025210084034;0.130252100840336;1;4;2;2;0.0463506560302321;0.00250935165205928;0.000220512483440961;4.25485952712837e-06;0.0105936112281969;0.2;4
"1-Multi";12;"B3 ME";1.25;0.25;1;2;1;1;0.0422953913525962;0.0068416412842593;8.02906562084546e-08;1.04735092801609e-07;0.0290621445840296;0.2;2
"1-Multi";13;"B4 CHFU";1.01754385964912;0.0175438596491228;1;2;1;1;0.0389018670459766;0.00246936864942521;1;2.87631944859662e-06;0.079060509891012;0.2;2
"1-Multi";14;"B4 LEMA";1.28571428571429;0.285714285714286;1;2;1;1;0.0581191364861313;0.00368761287548543;8.6988704995847e-05;1.56450059173266e-05;0.00959893187580763;0.2;2
"1-Multi";15;"B4 PUPA";1.26666666666667;0.266666666666667;1;4;2;2;0.0585396486298523;0;0;0;1.17011423114678e-05;0.2;4
"1-Multi";16;"B5 CHFU";1.03508771929825;0.0350877192982456;1;2;1;1;0.0442666524330282;0.00493873729885063;0.999999999999999;5.75263889720419e-06;0.079060509891012;0.2;2
"1-Multi";17;"B5 LEMA";1.35396825396825;0.353968253968254;1;6;3;3;0.0753912931872155;0.0334830875201554;0.00399337009942132;0.00072948542678145;0.040900304643718;0.2;4
"1-Multi";18;"B5 ME";1.25;0.25;1;2;1;1;0.0422953913521793;0.00684164128425941;8.02906560931337e-08;1.04735092811107e-07;0.0290621445840296;0.2;2
"1-Multi";19;"B5 PUPA";1.225;0.225;1;4;2;2;0.0574883429733216;0;0;0;1.17011423114678e-05;0.2;4
"1-Multi";20;"B6 CHFU";1.33771929824561;0.337719298245614;1;4;2;2;0.0679140389999336;0.0131524121856071;0.837713265232586;1.44621078093969e-05;0.0701835453993024;0.2;4
"1-Multi";21;"B6 LEMA";1.22875816993464;0.228758169934641;1;4;2;2;0.0640161029626793;0.00717534576862306;0.000308291689980599;2.1683484183974e-06;0.0120286530149699;0.2;4
"1-Multi";22;"C1 LEMA";2.31111111111111;1.31111111111111;1;6;3;3;0.0984526331213123;0.0887442449449071;0.00661419557165527;0.00160777425289542;0.091735678157883;0.2;4
"1-Multi";23;"C2 CHFU";2.53508771929825;1.53508771929825;1;6;3;3;0.0843995177486769;0.0147283178075437;0.40548829007006;8.31724720748743e-06;0.0538023587304584;0.2;4
"1-Multi";24;"C2 LEMA";2.27320261437908;1.27320261437909;1;8;4;4;0.0814603791434029;0.0361803158312108;0.00405472268791751;0.000754367693382289;0.043225269313296;0.2;4
"1-Multi";25;"C2 PUPA";2.51666666666667;1.51666666666667;1;8;4;4;0.0982425856065309;0;0;0;1.17011423114678e-05;0.2;4
"1-Multi";26;"C3 CHFU";1.95175438596491;0.951754385964912;1;6;3;3;0.0663334054043447;0.00735863469977659;0.410007676358249;6.14760808581684e-06;0.0471238643123599;0.2;4
"1-Multi";27;"C3 LEMA";1.31932773109244;0.319327731092437;1;4;2;2;0.0658322910660882;0.00660615173730648;0.000247217239129954;8.85332710204531e-06;0.0107925470986747;0.2;4
"1-Multi";28;"C3 PUPA";2;1;1;2;1;1;0.0715457742052338;0;0;0;1.17011423114678e-05;0.2;2
"1-Multi";29;"C4 LEMA";1.41199813258637;0.411998132586368;1;8;4;4;0.0729363309189726;0.00939109761440788;0.000147869221171456;1.2827290040425e-05;0.0120348995492938;0.2;4
"1-Multi";30;"C4 PUPA";1.1;0.1;1;2;1;1;0.0456471099162357;0;0;0;1.17011423114678e-05;0.2;2
"1-Multi";31;"C5 CHFU";1.01754385964912;0.0175438596491228;1;2;1;1;0.0389018670461687;0.00246936864942519;1;2.87631944859583e-06;0.079060509891012;0.2;2
"1-Multi";32;"C5 LEMA";1.11111111111111;0.111111111111111;1;2;1;1;0.0506799816337171;0.00400044890224722;0.000262547118075081;1.48113232281034e-06;0.0124690154493536;0.2;2
"1-Multi";33;"C6 CHFU";1.05263157894737;0.0526315789473684;1;2;1;1;0.0496314378197017;0.00740810594827603;0.999999999999999;8.62895834580981e-06;0.079060509891012;0.2;2
"1-Multi";34;"C6 LEMA";1.08333333333333;0.0833333333333333;1;2;1;1;0.0392602791466881;0.00303771507348218;9.66583208045796e-06;9.36139323240817e-09;0.0193552956384004;0.2;2
"1-Multi";35;"D1 CHFU";1.26754385964912;0.267543859649123;1;4;2;2;0.0464548974519996;0.00327493758790559;0.513139795697757;2.95683001498284e-06;0.0524296164158832;0.2;4
"1-Multi";36;"D1 CHMI";1.4;0.4;1;2;1;1;0.0433887604757355;0.00222279801037673;3.05483517211103e-06;3.64590191550081e-06;0.0292203426548492;0.2;2
"1-Multi";37;"D1 LEMA";1.05555555555556;0.0555555555555556;1;2;1;1;0.0421085316461852;0.00200022445112375;0.000262547118074935;7.40566161418579e-07;0.0124690154493536;0.2;2
"1-Multi";38;"D2 CHFU";1.53508771929825;0.535087719298246;1;4;2;2;0.0548044376774908;0.0105203468309758;0.671112072162774;7.34151804683635e-06;0.0722532994443966;0.2;4
"1-Multi";39;"D2 LEMA";1.15882352941176;0.158823529411765;1;4;2;2;0.0526254264636433;0.0292262806133534;0.00981090755642541;0.000720525399547776;0.085976959574427;0.2;4
"1-Multi";40;"D2 ME";2;1;1;2;1;1;0.0997476942469126;0.206176147335935;0.00388563615832181;0.0156247942216264;0.238137110704391;0.2;2
"1-Multi";41;"D2 PUPA";1.25;0.25;1;2;1;1;0.0572195477730425;0;0;0;1.17011423114678e-05;0.2;2
"1-Multi";42;"D3 CHFU";1.01754385964912;0.0175438596491228;1;2;1;1;0.0389018670462205;0.00246936864942517;1;2.87631944859288e-06;0.079060509891012;0.2;2
"1-Multi";43;"D3 CHMI";2;1;1;2;1;1;0.0555666822181916;0.0587519995231081;0.00128545752358949;0.000853812053482032;0.204529650756863;0.2;2
"1-Multi";44;"D3 LEMA";1.05555555555556;0.0555555555555556;1;2;1;1;0.042108531646319;0.00200022445112357;0.000262547118075078;7.40566161405433e-07;0.0124690154493536;0.2;2
"1-Multi";45;"D3 PUPA";1.125;0.125;1;2;1;1;0.0453783147159278;0;0;0;1.17011423114678e-05;0.2;2
"1-Multi";46;"D4 CHFU";1.01754385964912;0.0175438596491228;1;2;1;1;0.0389018670456649;0.00246936864942545;0.999999999999999;2.8763194486127e-06;0.079060509891012;0.2;2
"1-Multi";47;"D4 LEMA";2.1;1.1;1;4;2;2;0.0657009050192871;0.0360166730566255;0.00973962426124443;0.000752875095657702;0.104491151060566;0.2;2
"1-Multi";48;"D5 CHFU";1.01754385964912;0.0175438596491228;1;2;1;1;0.0389018670459304;0.0024693686494252;1;2.87631944859652e-06;0.079060509891012;0.2;2
"1-Multi";49;"D5 LEMA";1.55555555555556;0.555555555555556;1;6;3;3;0.0736819988637388;0.0156521463134261;9.93429280329941e-05;4.75221236395395e-06;0.0188552016271741;0.2;4
"1-Multi";50;"D5 PUPA";1.25;0.25;1;2;1;1;0.0572195477729467;0;0;0;1.17011423114678e-05;0.2;2
"1-Multi";51;"D6 CHFU";1.05263157894737;0.0526315789473684;1;2;1;1;0.0496314378199611;0.00740810594827586;1;8.62895834579898e-06;0.079060509891012;0.2;2
"1-Multi";52;"D6 LEMA";1.6;0.6;1;4;2;2;0.0747651153067613;0.0367163854638782;0.00655937296755382;0.000728148915545756;0.0692826133702998;0.2;4
"1-Multi";53;"E1 CHFU";1.01754385964912;0.0175438596491228;1;2;1;1;0.0389018670457556;0.0024693686494254;1;2.87631944861061e-06;0.079060509891012;0.2;2
"1-Multi";54;"E1 LEMA";1.11764705882353;0.117647058823529;1;2;1;1;0.0468732029880384;0.00317489686637578;0.000354036261886049;6.87216095587205e-07;0.0115882905805861;0.2;2
"1-Multi";55;"E2 CHFU";2.05263157894737;1.05263157894737;1;4;2;2;0.0616160285616311;0.00838310304554162;0.752041067927023;9.02067771873122e-06;0.0671009716340294;0.2;2
"1-Multi";56;"E2 LEMA";1.17647058823529;0.176470588235294;1;2;1;1;0.0535412636524686;0.0047623452995638;0.000354036261886071;1.03082414338769e-06;0.0115882905805861;0.2;2
"1-Multi";57;"E2 ME";2;1;1;2;1;1;0.0479887650724735;0.0211638605663641;8.94178384250845e-05;0.000210826209669192;0.1554913985511;0.2;2
"1-Multi";58;"E3 CHFU";1.03508771929825;0.0350877192982456;1;2;1;1;0.0442666524330246;0.00493873729885051;1;5.75263889719549e-06;0.079060509891012;0.2;2
"1-Multi";59;"E3 LEMA";1.30555555555556;0.305555555555556;1;4;2;2;0.0565124064001049;0.00653900109298008;0.00023385857196168;4.72412818430237e-06;0.0181050606103347;0.2;4
"1-Multi";60;"E3 PUPA";2;1;1;2;1;1;0.0715457742046751;0;0;0;1.17011423114678e-05;0.2;2
"1-Multi";61;"E4 CHFU";1.03508771929825;0.0350877192982456;1;2;1;1;0.0442666524332081;0.00493873729885051;1;5.75263889719629e-06;0.079060509891012;0.2;2
"1-Multi";62;"E4 LEMA";1.13888888888889;0.138888888888889;1;4;2;2;0.0478317291341924;0.00503793952460562;0.000136106475077809;7.4992755462503e-07;0.015912155543877;0.2;4
"1-Multi";63;"E4 PUPA";1.46666666666667;0.466666666666667;1;4;2;2;0.0827597051443218;0;0;0;1.17011423114678e-05;0.2;4
"1-Multi";64;"E5 CHFU";1.01754385964912;0.0175438596491228;1;2;1;1;0.0389018670457325;0.00246936864942537;1;2.8763194486093e-06;0.079060509891012;0.2;2
"1-Multi";65;"E6 CHFU";2;1;1;2;1;1;0.0829825368792395;0.0193833908155941;1.69604980310634e-07;7.19799026091621e-08;0.0103000569269694;0.2;2
"1-Multi";66;"E6 LEMA";1.55882352941176;0.558823529411765;1;4;2;2;0.0745443272512794;0.0198137388740803;5.88616077670213e-05;3.99776407117879e-07;0.0182457234872841;0.2;4
"1-Multi";67;"E6 PUPA";1.1;0.1;1;2;1;1;0.0456471099158237;0;0;0;1.17011423114678e-05;0.2;2
"1-Multi";68;"F1 CHFU";1.03508771929825;0.0350877192982456;1;2;1;1;0.0442666524328195;0.00493873729885076;1;5.75263889721251e-06;0.079060509891012;0.2;2
"1-Multi";69;"F2 CHFU";2.28508771929825;1.28508771929825;1;6;3;3;0.064286655586292;0.00650032699976405;0.507948489277271;6.09795056226105e-06;0.0520330893633944;0.2;4
"1-Multi";70;"F2 LEMA";1.2;0.2;1;2;1;1;0.0583776499390857;0.0552776643603309;0.0192677788509648;0.00144036358299995;0.160365628568268;0.2;2
"1-Multi";71;"F3 CHFU";1.01754385964912;0.0175438596491228;1;2;1;1;0.0389018670458375;0.00246936864942532;1;2.87631944860477e-06;0.079060509891012;0.2;2
"1-Multi";72;"F3 LEMA";2.57142857142857;1.57142857142857;1;6;3;3;0.0674477898087819;0.00137778312205238;2.96016987717307e-05;4.18166058693719e-06;0.00478769096645238;0.2;4
"1-Multi";73;"F3 PUPA";1.26666666666667;0.266666666666667;1;4;2;2;0.0585396486297114;0;0;0;1.17011423114678e-05;0.2;4
"1-Multi";74;"F4 CHFU";1.05263157894737;0.0526315789473684;1;2;1;1;0.0496314378197389;0.00740810594827582;0.999999999999999;8.62895834579516e-06;0.079060509891012;0.2;2
"1-Multi";75;"F4 CHMI";2.4;1.4;1;4;2;2;0.0580253490484184;0.00626160239491851;2.38049213490247e-06;1.94998008658459e-05;0.0261738968616308;0.2;2
"1-Multi";76;"F4 LEMA";1.57142857142857;0.571428571428571;1;4;2;2;0.0519642876128979;0.00116412563550765;4.41883078080119e-05;4.00007362483327e-06;0.00606476476524613;0.2;4
"1-Multi";77;"F4 PUPA";1.16666666666667;0.166666666666667;1;2;1;1;0.0464296203727197;0;0;0;1.17011423114678e-05;0.2;2
"1-Multi";78;"F5 CHFU";1.01754385964912;0.0175438596491228;1;2;1;1;0.0389018670457559;0.00246936864942546;1;2.87631944861538e-06;0.079060509891012;0.2;2
"1-Multi";79;"F5 CHMI";1.2;0.2;1;2;1;1;0.0384629210674395;0.00111139900518826;3.05483517211959e-06;1.82295095774838e-06;0.0292203426548492;0.2;2
"1-Multi";80;"F6 PUPA";1.16666666666667;0.166666666666667;1;2;1;1;0.0464296203728111;0;0;0;1.17011423114678e-05;0.2;2
"1-Multi";81;"Andrena_cinerea";8.7;5.36666666666667;3.33333333333333;22;11;11;0.216841903066432;0.0250921517651033;0.00131481464856961;0.00696928418806623;0.0523620485405665;0.6;4
"1-Multi";82;"Bombyliidae";6.45;5.45;1;16;8;8;0.169300585998852;0;0;0;1.17011423114678e-05;0.2;4
"1-Multi";83;"Coleoptera";1.33333333333333;0.333333333333333;1;2;1;1;0.0450455502613835;0.000313248399233919;4.28385565703257e-06;4.18258922416746e-07;0.00326923024653537;0.2;2
"1-Multi";84;"Colias_croceus";2;1;1;2;1;1;0.071545774205548;0;0;0;1.17011423114678e-05;0.2;2
"1-Multi";85;"Curculionidae";1.83333333333333;0.833333333333333;1;4;2;2;0.0557277647341383;0.000710256265706028;4.19084328571994e-06;1.35480081563866e-06;0.00370475306180442;0.2;4
"1-Multi";86;"Dilophus_sp.";42.9416666666667;34.4416666666667;8.5;94;47;47;1;1;0.562517578245743;1;1;1;4
"1-Multi";87;"Diptera";1.25;0.25;1;2;1;1;0.0409291838461454;0.00142946678305946;9.24113291179998e-06;0.00796950596759844;0.0457708545859082;0.2;2
"1-Multi";88;"Empididae";2.11666666666667;1.11666666666667;1;8;4;4;0.0623733378257654;0.00472425627625376;7.59736583024375e-06;0.0256526690856035;0.0378190544348942;0.2;4
"1-Multi";89;"Eucera_sp.";4.9;3.9;1;10;5;5;0.138276564691717;0;0;0;1.17011423114678e-05;0.2;4
"1-Multi";90;"Eupeodes_corollae";3.41666666666667;1.08333333333333;2.33333333333333;8;4;4;0.0590484590583545;0.0026958647444874;0.00143483334348148;0.00798248369564832;0.0599446838398643;0.4;2
"1-Multi";91;"Lasiocampa_trifolii";4.45;3.45;1;12;6;6;0.117835820952493;0;0;0;1.17011423114678e-05;0.2;4
"1-Multi";92;"Malachius_bipustulatus";1.2;0.2;1;2;1;1;0.0428243030077927;0.00493550508924797;0.000772803589283856;3.437486385938e-05;0.0294861056527245;0.2;2
"1-Multi";93;"Melanostoma_sp.";1.5;0.5;1;2;1;1;0.0500573585280608;0.0122829547700858;0.00077127451415378;0.00020642488018935;0.0712733372500137;0.2;2
"1-Multi";94;"Mordellidae";8.36666666666667;5.2;3.16666666666667;16;8;8;0.157153397548547;0.0347648846128534;0.000590936218418842;0.000203257477437784;0.0776297379110154;0.4;4
"1-Multi";95;"Musca_sp.";9.53333333333333;4.2;5.33333333333333;20;10;10;0.131110707916805;0.090596518941751;0.00896309007139463;0.0134101657414745;0.464004103301331;0.6;4
"1-Multi";96;"Odontomyia_sp.";14.7904761904762;9.45714285714286;5.33333333333333;30;15;15;0.321809476421904;0.121985247961076;1.42315607355876e-05;9.67917948270289e-06;0.0860552619261638;0.6;4
"1-Multi";97;"Psilothrix_viridicoerulea";9.80952380952381;6.64285714285714;3.16666666666667;26;13;13;0.210149363109003;0.0454871286504192;0.000511816803274839;0.000346597613060115;0.0464124868115995;0.4;4
"1-Multi";98;"Scaeva_sp.";1.25;0.25;1;2;1;1;0.0414966920889938;0.0011084202919495;6.24697759889287e-06;0.0053828157652165;0.035493599641287;0.2;2
"1-Multi";99;"Sphaerophoria_scripta";7.96666666666667;6.96666666666667;1;26;13;13;0.208342723880925;0.0527863924438603;0.00031447529636291;0.000256283830215551;0.0182758530387327;0.2;4
"1-Multi";100;"Ulidiidae";1.525;0.525;1;4;2;2;0.0524421169132719;0.00355020889880282;1.11276877938961e-05;0.0115960019834985;0.0378939249809708;0.2;4
"2-Multi";1;"A1 CHFU";1.01754385964912;0.0175438596491228;1;2;1;1;0.0389018670458147;0.00246936864942548;0.999999999999999;2.87631944861302e-06;0.079060509891012;0.2;2
"2-Multi";2;"A4 LEMA";1.16993464052288;0.169934640522876;1;4;2;2;0.0573480422982117;0.0055878973354352;0.000293043499345414;1.8247403706081e-06;0.0121754404930978;0.2;4
"2-Multi";3;"A5 CHFU";1.45614035087719;0.456140350877193;1;4;2;2;0.0783474406511663;0.0180927447772;0.876484924399733;2.02914654513133e-05;0.0724091698320743;0.2;4
"2-Multi";4;"A5 LEMA";2.05555555555556;1.05555555555556;1;4;2;2;0.0581984941349943;0.00276554621881345;0.000132750016168849;6.11477213034601e-05;0.0105218921429837;0.2;2
"2-Multi";5;"A5 ME";1.5;0.5;1;2;1;1;0.0510537010461418;0.0136832825685188;8.02906560676849e-08;2.09470185613955e-07;0.0290621445840296;0.2;2
"2-Multi";6;"A6 LEMA";1.1;0.1;1;2;1;1;0.0459573657988735;0.0276388321801655;0.0192677788509648;0.000720181791499983;0.160365628568268;0.2;2
"2-Multi";7;"A6 PUPA";1.1;0.1;1;2;1;1;0.0456471099160951;0;0;0;1.17011423114678e-05;0.2;2
"2-Multi";8;"B1 CHFU";1.01754385964912;0.0175438596491228;1;2;1;1;0.0389018670457078;0.00246936864942526;1;2.87631944860149e-06;0.079060509891012;0.2;2
"2-Multi";9;"B2 CHFU";2.05263157894737;1.05263157894737;1;4;2;2;0.0619019998061308;0.00848155394540181;0.75204365342073;9.04248644070219e-06;0.0673764691345775;0.2;2
"2-Multi";10;"B3 CHFU";1.03508771929825;0.0350877192982456;1;2;1;1;0.0442666524328722;0.0049387372988505;1;5.7526388971942e-06;0.079060509891012;0.2;2
"2-Multi";11;"B3 LEMA";1.13025210084034;0.130252100840336;1;4;2;2;0.0463506560302321;0.00250935165205928;0.000220512483440961;4.25485952712837e-06;0.0105936112281969;0.2;4
"2-Multi";12;"B3 ME";1.25;0.25;1;2;1;1;0.0422953913525962;0.0068416412842593;8.02906562084546e-08;1.04735092801609e-07;0.0290621445840296;0.2;2
"2-Multi";13;"B4 CHFU";1.01754385964912;0.0175438596491228;1;2;1;1;0.0389018670459766;0.00246936864942521;1;2.87631944859662e-06;0.079060509891012;0.2;2
"2-Multi";14;"B4 LEMA";1.28571428571429;0.285714285714286;1;2;1;1;0.0581191364861313;0.00368761287548543;8.6988704995847e-05;1.56450059173266e-05;0.00959893187580763;0.2;2
"2-Multi";15;"B4 PUPA";1.26666666666667;0.266666666666667;1;4;2;2;0.0585396486298523;0;0;0;1.17011423114678e-05;0.2;4
"2-Multi";16;"B5 CHFU";1.03508771929825;0.0350877192982456;1;2;1;1;0.0442666524330282;0.00493873729885063;0.999999999999999;5.75263889720419e-06;0.079060509891012;0.2;2
"2-Multi";17;"B5 LEMA";1.35396825396825;0.353968253968254;1;6;3;3;0.0753912931872155;0.0334830875201554;0.00399337009942132;0.00072948542678145;0.040900304643718;0.2;4
"2-Multi";18;"B5 ME";1.25;0.25;1;2;1;1;0.0422953913521793;0.00684164128425941;8.02906560931337e-08;1.04735092811107e-07;0.0290621445840296;0.2;2
"2-Multi";19;"B5 PUPA";1.225;0.225;1;4;2;2;0.0574883429733216;0;0;0;1.17011423114678e-05;0.2;4
"2-Multi";20;"B6 CHFU";1.33771929824561;0.337719298245614;1;4;2;2;0.0679140389999336;0.0131524121856071;0.837713265232586;1.44621078093969e-05;0.0701835453993024;0.2;4
"2-Multi";21;"B6 LEMA";1.22875816993464;0.228758169934641;1;4;2;2;0.0640161029626793;0.00717534576862306;0.000308291689980599;2.1683484183974e-06;0.0120286530149699;0.2;4
"2-Multi";22;"C1 LEMA";2.31111111111111;1.31111111111111;1;6;3;3;0.0984526331213123;0.0887442449449071;0.00661419557165527;0.00160777425289542;0.091735678157883;0.2;4
"2-Multi";23;"C2 CHFU";2.53508771929825;1.53508771929825;1;6;3;3;0.0843995177486769;0.0147283178075437;0.40548829007006;8.31724720748743e-06;0.0538023587304584;0.2;4
"2-Multi";24;"C2 LEMA";2.27320261437908;1.27320261437909;1;8;4;4;0.0814603791434029;0.0361803158312108;0.00405472268791751;0.000754367693382289;0.043225269313296;0.2;4
"2-Multi";25;"C2 PUPA";2.51666666666667;1.51666666666667;1;8;4;4;0.0982425856065309;0;0;0;1.17011423114678e-05;0.2;4
"2-Multi";26;"C3 CHFU";1.95175438596491;0.951754385964912;1;6;3;3;0.0663334054043447;0.00735863469977659;0.410007676358249;6.14760808581684e-06;0.0471238643123599;0.2;4
"2-Multi";27;"C3 LEMA";1.31932773109244;0.319327731092437;1;4;2;2;0.0658322910660882;0.00660615173730648;0.000247217239129954;8.85332710204531e-06;0.0107925470986747;0.2;4
"2-Multi";28;"C3 PUPA";2;1;1;2;1;1;0.0715457742052338;0;0;0;1.17011423114678e-05;0.2;2
"2-Multi";29;"C4 LEMA";1.41199813258637;0.411998132586368;1;8;4;4;0.0729363309189726;0.00939109761440788;0.000147869221171456;1.2827290040425e-05;0.0120348995492938;0.2;4
"2-Multi";30;"C4 PUPA";1.1;0.1;1;2;1;1;0.0456471099162357;0;0;0;1.17011423114678e-05;0.2;2
"2-Multi";31;"C5 CHFU";1.01754385964912;0.0175438596491228;1;2;1;1;0.0389018670461687;0.00246936864942519;1;2.87631944859583e-06;0.079060509891012;0.2;2
"2-Multi";32;"C5 LEMA";1.11111111111111;0.111111111111111;1;2;1;1;0.0506799816337171;0.00400044890224722;0.000262547118075081;1.48113232281034e-06;0.0124690154493536;0.2;2
"2-Multi";33;"C6 CHFU";1.05263157894737;0.0526315789473684;1;2;1;1;0.0496314378197017;0.00740810594827603;0.999999999999999;8.62895834580981e-06;0.079060509891012;0.2;2
"2-Multi";34;"C6 LEMA";1.08333333333333;0.0833333333333333;1;2;1;1;0.0392602791466881;0.00303771507348218;9.66583208045796e-06;9.36139323240817e-09;0.0193552956384004;0.2;2
"2-Multi";35;"D1 CHFU";1.26754385964912;0.267543859649123;1;4;2;2;0.0464548974519996;0.00327493758790559;0.513139795697757;2.95683001498284e-06;0.0524296164158832;0.2;4
"2-Multi";36;"D1 CHMI";1.4;0.4;1;2;1;1;0.0433887604757355;0.00222279801037673;3.05483517211103e-06;3.64590191550081e-06;0.0292203426548492;0.2;2
"2-Multi";37;"D1 LEMA";1.05555555555556;0.0555555555555556;1;2;1;1;0.0421085316461852;0.00200022445112375;0.000262547118074935;7.40566161418579e-07;0.0124690154493536;0.2;2
"2-Multi";38;"D2 CHFU";1.53508771929825;0.535087719298246;1;4;2;2;0.0548044376774908;0.0105203468309758;0.671112072162774;7.34151804683635e-06;0.0722532994443966;0.2;4
"2-Multi";39;"D2 LEMA";1.15882352941176;0.158823529411765;1;4;2;2;0.0526254264636433;0.0292262806133534;0.00981090755642541;0.000720525399547776;0.085976959574427;0.2;4
"2-Multi";40;"D2 ME";2;1;1;2;1;1;0.0997476942469126;0.206176147335935;0.00388563615832181;0.0156247942216264;0.238137110704391;0.2;2
"2-Multi";41;"D2 PUPA";1.25;0.25;1;2;1;1;0.0572195477730425;0;0;0;1.17011423114678e-05;0.2;2
"2-Multi";42;"D3 CHFU";1.01754385964912;0.0175438596491228;1;2;1;1;0.0389018670462205;0.00246936864942517;1;2.87631944859288e-06;0.079060509891012;0.2;2
"2-Multi";43;"D3 CHMI";2;1;1;2;1;1;0.0555666822181916;0.0587519995231081;0.00128545752358949;0.000853812053482032;0.204529650756863;0.2;2
"2-Multi";44;"D3 LEMA";1.05555555555556;0.0555555555555556;1;2;1;1;0.042108531646319;0.00200022445112357;0.000262547118075078;7.40566161405433e-07;0.0124690154493536;0.2;2
"2-Multi";45;"D3 PUPA";1.125;0.125;1;2;1;1;0.0453783147159278;0;0;0;1.17011423114678e-05;0.2;2
"2-Multi";46;"D4 CHFU";1.01754385964912;0.0175438596491228;1;2;1;1;0.0389018670456649;0.00246936864942545;0.999999999999999;2.8763194486127e-06;0.079060509891012;0.2;2
"2-Multi";47;"D4 LEMA";2.1;1.1;1;4;2;2;0.0657009050192871;0.0360166730566255;0.00973962426124443;0.000752875095657702;0.104491151060566;0.2;2
"2-Multi";48;"D5 CHFU";1.01754385964912;0.0175438596491228;1;2;1;1;0.0389018670459304;0.0024693686494252;1;2.87631944859652e-06;0.079060509891012;0.2;2
"2-Multi";49;"D5 LEMA";1.55555555555556;0.555555555555556;1;6;3;3;0.0736819988637388;0.0156521463134261;9.93429280329941e-05;4.75221236395395e-06;0.0188552016271741;0.2;4
"2-Multi";50;"D5 PUPA";1.25;0.25;1;2;1;1;0.0572195477729467;0;0;0;1.17011423114678e-05;0.2;2
"2-Multi";51;"D6 CHFU";1.05263157894737;0.0526315789473684;1;2;1;1;0.0496314378199611;0.00740810594827586;1;8.62895834579898e-06;0.079060509891012;0.2;2
"2-Multi";52;"D6 LEMA";1.6;0.6;1;4;2;2;0.0747651153067613;0.0367163854638782;0.00655937296755382;0.000728148915545756;0.0692826133702998;0.2;4
"2-Multi";53;"E1 CHFU";1.01754385964912;0.0175438596491228;1;2;1;1;0.0389018670457556;0.0024693686494254;1;2.87631944861061e-06;0.079060509891012;0.2;2
"2-Multi";54;"E1 LEMA";1.11764705882353;0.117647058823529;1;2;1;1;0.0468732029880384;0.00317489686637578;0.000354036261886049;6.87216095587205e-07;0.0115882905805861;0.2;2
"2-Multi";55;"E2 CHFU";2.05263157894737;1.05263157894737;1;4;2;2;0.0616160285616311;0.00838310304554162;0.752041067927023;9.02067771873122e-06;0.0671009716340294;0.2;2
"2-Multi";56;"E2 LEMA";1.17647058823529;0.176470588235294;1;2;1;1;0.0535412636524686;0.0047623452995638;0.000354036261886071;1.03082414338769e-06;0.0115882905805861;0.2;2
"2-Multi";57;"E2 ME";2;1;1;2;1;1;0.0479887650724735;0.0211638605663641;8.94178384250845e-05;0.000210826209669192;0.1554913985511;0.2;2
"2-Multi";58;"E3 CHFU";1.03508771929825;0.0350877192982456;1;2;1;1;0.0442666524330246;0.00493873729885051;1;5.75263889719549e-06;0.079060509891012;0.2;2
"2-Multi";59;"E3 LEMA";1.30555555555556;0.305555555555556;1;4;2;2;0.0565124064001049;0.00653900109298008;0.00023385857196168;4.72412818430237e-06;0.0181050606103347;0.2;4
"2-Multi";60;"E3 PUPA";2;1;1;2;1;1;0.0715457742046751;0;0;0;1.17011423114678e-05;0.2;2
"2-Multi";61;"E4 CHFU";1.03508771929825;0.0350877192982456;1;2;1;1;0.0442666524332081;0.00493873729885051;1;5.75263889719629e-06;0.079060509891012;0.2;2
"2-Multi";62;"E4 LEMA";1.13888888888889;0.138888888888889;1;4;2;2;0.0478317291341924;0.00503793952460562;0.000136106475077809;7.4992755462503e-07;0.015912155543877;0.2;4
"2-Multi";63;"E4 PUPA";1.46666666666667;0.466666666666667;1;4;2;2;0.0827597051443218;0;0;0;1.17011423114678e-05;0.2;4
"2-Multi";64;"E5 CHFU";1.01754385964912;0.0175438596491228;1;2;1;1;0.0389018670457325;0.00246936864942537;1;2.8763194486093e-06;0.079060509891012;0.2;2
"2-Multi";65;"E6 CHFU";2;1;1;2;1;1;0.0829825368792395;0.0193833908155941;1.69604980310634e-07;7.19799026091621e-08;0.0103000569269694;0.2;2
"2-Multi";66;"E6 LEMA";1.55882352941176;0.558823529411765;1;4;2;2;0.0745443272512794;0.0198137388740803;5.88616077670213e-05;3.99776407117879e-07;0.0182457234872841;0.2;4
"2-Multi";67;"E6 PUPA";1.1;0.1;1;2;1;1;0.0456471099158237;0;0;0;1.17011423114678e-05;0.2;2
"2-Multi";68;"F1 CHFU";1.03508771929825;0.0350877192982456;1;2;1;1;0.0442666524328195;0.00493873729885076;1;5.75263889721251e-06;0.079060509891012;0.2;2
"2-Multi";69;"F2 CHFU";2.28508771929825;1.28508771929825;1;6;3;3;0.064286655586292;0.00650032699976405;0.507948489277271;6.09795056226105e-06;0.0520330893633944;0.2;4
"2-Multi";70;"F2 LEMA";1.2;0.2;1;2;1;1;0.0583776499390857;0.0552776643603309;0.0192677788509648;0.00144036358299995;0.160365628568268;0.2;2
"2-Multi";71;"F3 CHFU";1.01754385964912;0.0175438596491228;1;2;1;1;0.0389018670458375;0.00246936864942532;1;2.87631944860477e-06;0.079060509891012;0.2;2
"2-Multi";72;"F3 LEMA";2.57142857142857;1.57142857142857;1;6;3;3;0.0674477898087819;0.00137778312205238;2.96016987717307e-05;4.18166058693719e-06;0.00478769096645238;0.2;4
"2-Multi";73;"F3 PUPA";1.26666666666667;0.266666666666667;1;4;2;2;0.0585396486297114;0;0;0;1.17011423114678e-05;0.2;4
"2-Multi";74;"F4 CHFU";1.05263157894737;0.0526315789473684;1;2;1;1;0.0496314378197389;0.00740810594827582;0.999999999999999;8.62895834579516e-06;0.079060509891012;0.2;2
"2-Multi";75;"F4 CHMI";2.4;1.4;1;4;2;2;0.0580253490484184;0.00626160239491851;2.38049213490247e-06;1.94998008658459e-05;0.0261738968616308;0.2;2
"2-Multi";76;"F4 LEMA";1.57142857142857;0.571428571428571;1;4;2;2;0.0519642876128979;0.00116412563550765;4.41883078080119e-05;4.00007362483327e-06;0.00606476476524613;0.2;4
"2-Multi";77;"F4 PUPA";1.16666666666667;0.166666666666667;1;2;1;1;0.0464296203727197;0;0;0;1.17011423114678e-05;0.2;2
"2-Multi";78;"F5 CHFU";1.01754385964912;0.0175438596491228;1;2;1;1;0.0389018670457559;0.00246936864942546;1;2.87631944861538e-06;0.079060509891012;0.2;2
"2-Multi";79;"F5 CHMI";1.2;0.2;1;2;1;1;0.0384629210674395;0.00111139900518826;3.05483517211959e-06;1.82295095774838e-06;0.0292203426548492;0.2;2
"2-Multi";80;"F6 PUPA";1.16666666666667;0.166666666666667;1;2;1;1;0.0464296203728111;0;0;0;1.17011423114678e-05;0.2;2
"2-Multi";81;"Andrena_cinerea";8.7;5.36666666666667;3.33333333333333;22;11;11;0.216841903066432;0.0250921517651033;0.00131481464856961;0.00696928418806623;0.0523620485405665;0.6;4
"2-Multi";82;"Bombyliidae";6.45;5.45;1;16;8;8;0.169300585998852;0;0;0;1.17011423114678e-05;0.2;4
"2-Multi";83;"Coleoptera";1.33333333333333;0.333333333333333;1;2;1;1;0.0450455502613835;0.000313248399233919;4.28385565703257e-06;4.18258922416746e-07;0.00326923024653537;0.2;2
"2-Multi";84;"Colias_croceus";2;1;1;2;1;1;0.071545774205548;0;0;0;1.17011423114678e-05;0.2;2
"2-Multi";85;"Curculionidae";1.83333333333333;0.833333333333333;1;4;2;2;0.0557277647341383;0.000710256265706028;4.19084328571994e-06;1.35480081563866e-06;0.00370475306180442;0.2;4
"2-Multi";86;"Dilophus_sp.";42.9416666666667;34.4416666666667;8.5;94;47;47;1;1;0.562517578245743;1;1;1;4
"2-Multi";87;"Diptera";1.25;0.25;1;2;1;1;0.0409291838461454;0.00142946678305946;9.24113291179998e-06;0.00796950596759844;0.0457708545859082;0.2;2
"2-Multi";88;"Empididae";2.11666666666667;1.11666666666667;1;8;4;4;0.0623733378257654;0.00472425627625376;7.59736583024375e-06;0.0256526690856035;0.0378190544348942;0.2;4
"2-Multi";89;"Eucera_sp.";4.9;3.9;1;10;5;5;0.138276564691717;0;0;0;1.17011423114678e-05;0.2;4
"2-Multi";90;"Eupeodes_corollae";3.41666666666667;1.08333333333333;2.33333333333333;8;4;4;0.0590484590583545;0.0026958647444874;0.00143483334348148;0.00798248369564832;0.0599446838398643;0.4;2
"2-Multi";91;"Lasiocampa_trifolii";4.45;3.45;1;12;6;6;0.117835820952493;0;0;0;1.17011423114678e-05;0.2;4
"2-Multi";92;"Malachius_bipustulatus";1.2;0.2;1;2;1;1;0.0428243030077927;0.00493550508924797;0.000772803589283856;3.437486385938e-05;0.0294861056527245;0.2;2
"2-Multi";93;"Melanostoma_sp.";1.5;0.5;1;2;1;1;0.0500573585280608;0.0122829547700858;0.00077127451415378;0.00020642488018935;0.0712733372500137;0.2;2
"2-Multi";94;"Mordellidae";8.36666666666667;5.2;3.16666666666667;16;8;8;0.157153397548547;0.0347648846128534;0.000590936218418842;0.000203257477437784;0.0776297379110154;0.4;4
"2-Multi";95;"Musca_sp.";9.53333333333333;4.2;5.33333333333333;20;10;10;0.131110707916805;0.090596518941751;0.00896309007139463;0.0134101657414745;0.464004103301331;0.6;4
"2-Multi";96;"Odontomyia_sp.";14.7904761904762;9.45714285714286;5.33333333333333;30;15;15;0.321809476421904;0.121985247961076;1.42315607355876e-05;9.67917948270289e-06;0.0860552619261638;0.6;4
"2-Multi";97;"Psilothrix_viridicoerulea";9.80952380952381;6.64285714285714;3.16666666666667;26;13;13;0.210149363109003;0.0454871286504192;0.000511816803274839;0.000346597613060115;0.0464124868115995;0.4;4
"2-Multi";98;"Scaeva_sp.";1.25;0.25;1;2;1;1;0.0414966920889938;0.0011084202919495;6.24697759889287e-06;0.0053828157652165;0.035493599641287;0.2;2
"2-Multi";99;"Sphaerophoria_scripta";7.96666666666667;6.96666666666667;1;26;13;13;0.208342723880925;0.0527863924438603;0.00031447529636291;0.000256283830215551;0.0182758530387327;0.2;4
"2-Multi";100;"Ulidiidae";1.525;0.525;1;4;2;2;0.0524421169132719;0.00355020889880282;1.11276877938961e-05;0.0115960019834985;0.0378939249809708;0.2;4
"3-Multi";1;"A1 CHFU";1.01754385964912;0.0175438596491228;1;2;1;1;0.0389018670458147;0.00246936864942548;0.999999999999999;2.87631944861302e-06;0.079060509891012;0.2;2
"3-Multi";2;"A4 LEMA";1.16993464052288;0.169934640522876;1;4;2;2;0.0573480422982117;0.0055878973354352;0.000293043499345414;1.8247403706081e-06;0.0121754404930978;0.2;4
"3-Multi";3;"A5 CHFU";1.45614035087719;0.456140350877193;1;4;2;2;0.0783474406511663;0.0180927447772;0.876484924399733;2.02914654513133e-05;0.0724091698320743;0.2;4
"3-Multi";4;"A5 LEMA";2.05555555555556;1.05555555555556;1;4;2;2;0.0581984941349943;0.00276554621881345;0.000132750016168849;6.11477213034601e-05;0.0105218921429837;0.2;2
"3-Multi";5;"A5 ME";1.5;0.5;1;2;1;1;0.0510537010461418;0.0136832825685188;8.02906560676849e-08;2.09470185613955e-07;0.0290621445840296;0.2;2
"3-Multi";6;"A6 LEMA";1.1;0.1;1;2;1;1;0.0459573657988735;0.0276388321801655;0.0192677788509648;0.000720181791499983;0.160365628568268;0.2;2
"3-Multi";7;"A6 PUPA";1.1;0.1;1;2;1;1;0.0456471099160951;0;0;0;1.17011423114678e-05;0.2;2
"3-Multi";8;"B1 CHFU";1.01754385964912;0.0175438596491228;1;2;1;1;0.0389018670457078;0.00246936864942526;1;2.87631944860149e-06;0.079060509891012;0.2;2
"3-Multi";9;"B2 CHFU";2.05263157894737;1.05263157894737;1;4;2;2;0.0619019998061308;0.00848155394540181;0.75204365342073;9.04248644070219e-06;0.0673764691345775;0.2;2
"3-Multi";10;"B3 CHFU";1.03508771929825;0.0350877192982456;1;2;1;1;0.0442666524328722;0.0049387372988505;1;5.7526388971942e-06;0.079060509891012;0.2;2
"3-Multi";11;"B3 LEMA";1.13025210084034;0.130252100840336;1;4;2;2;0.0463506560302321;0.00250935165205928;0.000220512483440961;4.25485952712837e-06;0.0105936112281969;0.2;4
"3-Multi";12;"B3 ME";1.25;0.25;1;2;1;1;0.0422953913525962;0.0068416412842593;8.02906562084546e-08;1.04735092801609e-07;0.0290621445840296;0.2;2
"3-Multi";13;"B4 CHFU";1.01754385964912;0.0175438596491228;1;2;1;1;0.0389018670459766;0.00246936864942521;1;2.87631944859662e-06;0.079060509891012;0.2;2
"3-Multi";14;"B4 LEMA";1.28571428571429;0.285714285714286;1;2;1;1;0.0581191364861313;0.00368761287548543;8.6988704995847e-05;1.56450059173266e-05;0.00959893187580763;0.2;2
"3-Multi";15;"B4 PUPA";1.26666666666667;0.266666666666667;1;4;2;2;0.0585396486298523;0;0;0;1.17011423114678e-05;0.2;4
"3-Multi";16;"B5 CHFU";1.03508771929825;0.0350877192982456;1;2;1;1;0.0442666524330282;0.00493873729885063;0.999999999999999;5.75263889720419e-06;0.079060509891012;0.2;2
"3-Multi";17;"B5 LEMA";1.35396825396825;0.353968253968254;1;6;3;3;0.0753912931872155;0.0334830875201554;0.00399337009942132;0.00072948542678145;0.040900304643718;0.2;4
"3-Multi";18;"B5 ME";1.25;0.25;1;2;1;1;0.0422953913521793;0.00684164128425941;8.02906560931337e-08;1.04735092811107e-07;0.0290621445840296;0.2;2
"3-Multi";19;"B5 PUPA";1.225;0.225;1;4;2;2;0.0574883429733216;0;0;0;1.17011423114678e-05;0.2;4
"3-Multi";20;"B6 CHFU";1.33771929824561;0.337719298245614;1;4;2;2;0.0679140389999336;0.0131524121856071;0.837713265232586;1.44621078093969e-05;0.0701835453993024;0.2;4
"3-Multi";21;"B6 LEMA";1.22875816993464;0.228758169934641;1;4;2;2;0.0640161029626793;0.00717534576862306;0.000308291689980599;2.1683484183974e-06;0.0120286530149699;0.2;4
"3-Multi";22;"C1 LEMA";2.31111111111111;1.31111111111111;1;6;3;3;0.0984526331213123;0.0887442449449071;0.00661419557165527;0.00160777425289542;0.091735678157883;0.2;4
"3-Multi";23;"C2 CHFU";2.53508771929825;1.53508771929825;1;6;3;3;0.0843995177486769;0.0147283178075437;0.40548829007006;8.31724720748743e-06;0.0538023587304584;0.2;4
"3-Multi";24;"C2 LEMA";2.27320261437908;1.27320261437909;1;8;4;4;0.0814603791434029;0.0361803158312108;0.00405472268791751;0.000754367693382289;0.043225269313296;0.2;4
"3-Multi";25;"C2 PUPA";2.51666666666667;1.51666666666667;1;8;4;4;0.0982425856065309;0;0;0;1.17011423114678e-05;0.2;4
"3-Multi";26;"C3 CHFU";1.95175438596491;0.951754385964912;1;6;3;3;0.0663334054043447;0.00735863469977659;0.410007676358249;6.14760808581684e-06;0.0471238643123599;0.2;4
"3-Multi";27;"C3 LEMA";1.31932773109244;0.319327731092437;1;4;2;2;0.0658322910660882;0.00660615173730648;0.000247217239129954;8.85332710204531e-06;0.0107925470986747;0.2;4
"3-Multi";28;"C3 PUPA";2;1;1;2;1;1;0.0715457742052338;0;0;0;1.17011423114678e-05;0.2;2
"3-Multi";29;"C4 LEMA";1.41199813258637;0.411998132586368;1;8;4;4;0.0729363309189726;0.00939109761440788;0.000147869221171456;1.2827290040425e-05;0.0120348995492938;0.2;4
"3-Multi";30;"C4 PUPA";1.1;0.1;1;2;1;1;0.0456471099162357;0;0;0;1.17011423114678e-05;0.2;2
"3-Multi";31;"C5 CHFU";1.01754385964912;0.0175438596491228;1;2;1;1;0.0389018670461687;0.00246936864942519;1;2.87631944859583e-06;0.079060509891012;0.2;2
"3-Multi";32;"C5 LEMA";1.11111111111111;0.111111111111111;1;2;1;1;0.0506799816337171;0.00400044890224722;0.000262547118075081;1.48113232281034e-06;0.0124690154493536;0.2;2
"3-Multi";33;"C6 CHFU";1.05263157894737;0.0526315789473684;1;2;1;1;0.0496314378197017;0.00740810594827603;0.999999999999999;8.62895834580981e-06;0.079060509891012;0.2;2
"3-Multi";34;"C6 LEMA";1.08333333333333;0.0833333333333333;1;2;1;1;0.0392602791466881;0.00303771507348218;9.66583208045796e-06;9.36139323240817e-09;0.0193552956384004;0.2;2
"3-Multi";35;"D1 CHFU";1.26754385964912;0.267543859649123;1;4;2;2;0.0464548974519996;0.00327493758790559;0.513139795697757;2.95683001498284e-06;0.0524296164158832;0.2;4
"3-Multi";36;"D1 CHMI";1.4;0.4;1;2;1;1;0.0433887604757355;0.00222279801037673;3.05483517211103e-06;3.64590191550081e-06;0.0292203426548492;0.2;2
"3-Multi";37;"D1 LEMA";1.05555555555556;0.0555555555555556;1;2;1;1;0.0421085316461852;0.00200022445112375;0.000262547118074935;7.40566161418579e-07;0.0124690154493536;0.2;2
"3-Multi";38;"D2 CHFU";1.53508771929825;0.535087719298246;1;4;2;2;0.0548044376774908;0.0105203468309758;0.671112072162774;7.34151804683635e-06;0.0722532994443966;0.2;4
"3-Multi";39;"D2 LEMA";1.15882352941176;0.158823529411765;1;4;2;2;0.0526254264636433;0.0292262806133534;0.00981090755642541;0.000720525399547776;0.085976959574427;0.2;4
"3-Multi";40;"D2 ME";2;1;1;2;1;1;0.0997476942469126;0.206176147335935;0.00388563615832181;0.0156247942216264;0.238137110704391;0.2;2
"3-Multi";41;"D2 PUPA";1.25;0.25;1;2;1;1;0.0572195477730425;0;0;0;1.17011423114678e-05;0.2;2
"3-Multi";42;"D3 CHFU";1.01754385964912;0.0175438596491228;1;2;1;1;0.0389018670462205;0.00246936864942517;1;2.87631944859288e-06;0.079060509891012;0.2;2
"3-Multi";43;"D3 CHMI";2;1;1;2;1;1;0.0555666822181916;0.0587519995231081;0.00128545752358949;0.000853812053482032;0.204529650756863;0.2;2
"3-Multi";44;"D3 LEMA";1.05555555555556;0.0555555555555556;1;2;1;1;0.042108531646319;0.00200022445112357;0.000262547118075078;7.40566161405433e-07;0.0124690154493536;0.2;2
"3-Multi";45;"D3 PUPA";1.125;0.125;1;2;1;1;0.0453783147159278;0;0;0;1.17011423114678e-05;0.2;2
"3-Multi";46;"D4 CHFU";1.01754385964912;0.0175438596491228;1;2;1;1;0.0389018670456649;0.00246936864942545;0.999999999999999;2.8763194486127e-06;0.079060509891012;0.2;2
"3-Multi";47;"D4 LEMA";2.1;1.1;1;4;2;2;0.0657009050192871;0.0360166730566255;0.00973962426124443;0.000752875095657702;0.104491151060566;0.2;2
"3-Multi";48;"D5 CHFU";1.01754385964912;0.0175438596491228;1;2;1;1;0.0389018670459304;0.0024693686494252;1;2.87631944859652e-06;0.079060509891012;0.2;2
"3-Multi";49;"D5 LEMA";1.55555555555556;0.555555555555556;1;6;3;3;0.0736819988637388;0.0156521463134261;9.93429280329941e-05;4.75221236395395e-06;0.0188552016271741;0.2;4
"3-Multi";50;"D5 PUPA";1.25;0.25;1;2;1;1;0.0572195477729467;0;0;0;1.17011423114678e-05;0.2;2
"3-Multi";51;"D6 CHFU";1.05263157894737;0.0526315789473684;1;2;1;1;0.0496314378199611;0.00740810594827586;1;8.62895834579898e-06;0.079060509891012;0.2;2
"3-Multi";52;"D6 LEMA";1.6;0.6;1;4;2;2;0.0747651153067613;0.0367163854638782;0.00655937296755382;0.000728148915545756;0.0692826133702998;0.2;4
"3-Multi";53;"E1 CHFU";1.01754385964912;0.0175438596491228;1;2;1;1;0.0389018670457556;0.0024693686494254;1;2.87631944861061e-06;0.079060509891012;0.2;2
"3-Multi";54;"E1 LEMA";1.11764705882353;0.117647058823529;1;2;1;1;0.0468732029880384;0.00317489686637578;0.000354036261886049;6.87216095587205e-07;0.0115882905805861;0.2;2
"3-Multi";55;"E2 CHFU";2.05263157894737;1.05263157894737;1;4;2;2;0.0616160285616311;0.00838310304554162;0.752041067927023;9.02067771873122e-06;0.0671009716340294;0.2;2
"3-Multi";56;"E2 LEMA";1.17647058823529;0.176470588235294;1;2;1;1;0.0535412636524686;0.0047623452995638;0.000354036261886071;1.03082414338769e-06;0.0115882905805861;0.2;2
"3-Multi";57;"E2 ME";2;1;1;2;1;1;0.0479887650724735;0.0211638605663641;8.94178384250845e-05;0.000210826209669192;0.1554913985511;0.2;2
"3-Multi";58;"E3 CHFU";1.03508771929825;0.0350877192982456;1;2;1;1;0.0442666524330246;0.00493873729885051;1;5.75263889719549e-06;0.079060509891012;0.2;2
"3-Multi";59;"E3 LEMA";1.30555555555556;0.305555555555556;1;4;2;2;0.0565124064001049;0.00653900109298008;0.00023385857196168;4.72412818430237e-06;0.0181050606103347;0.2;4
"3-Multi";60;"E3 PUPA";2;1;1;2;1;1;0.0715457742046751;0;0;0;1.17011423114678e-05;0.2;2
"3-Multi";61;"E4 CHFU";1.03508771929825;0.0350877192982456;1;2;1;1;0.0442666524332081;0.00493873729885051;1;5.75263889719629e-06;0.079060509891012;0.2;2
"3-Multi";62;"E4 LEMA";1.13888888888889;0.138888888888889;1;4;2;2;0.0478317291341924;0.00503793952460562;0.000136106475077809;7.4992755462503e-07;0.015912155543877;0.2;4
"3-Multi";63;"E4 PUPA";1.46666666666667;0.466666666666667;1;4;2;2;0.0827597051443218;0;0;0;1.17011423114678e-05;0.2;4
"3-Multi";64;"E5 CHFU";1.01754385964912;0.0175438596491228;1;2;1;1;0.0389018670457325;0.00246936864942537;1;2.8763194486093e-06;0.079060509891012;0.2;2
"3-Multi";65;"E6 CHFU";2;1;1;2;1;1;0.0829825368792395;0.0193833908155941;1.69604980310634e-07;7.19799026091621e-08;0.0103000569269694;0.2;2
"3-Multi";66;"E6 LEMA";1.55882352941176;0.558823529411765;1;4;2;2;0.0745443272512794;0.0198137388740803;5.88616077670213e-05;3.99776407117879e-07;0.0182457234872841;0.2;4
"3-Multi";67;"E6 PUPA";1.1;0.1;1;2;1;1;0.0456471099158237;0;0;0;1.17011423114678e-05;0.2;2
"3-Multi";68;"F1 CHFU";1.03508771929825;0.0350877192982456;1;2;1;1;0.0442666524328195;0.00493873729885076;1;5.75263889721251e-06;0.079060509891012;0.2;2
"3-Multi";69;"F2 CHFU";2.28508771929825;1.28508771929825;1;6;3;3;0.064286655586292;0.00650032699976405;0.507948489277271;6.09795056226105e-06;0.0520330893633944;0.2;4
"3-Multi";70;"F2 LEMA";1.2;0.2;1;2;1;1;0.0583776499390857;0.0552776643603309;0.0192677788509648;0.00144036358299995;0.160365628568268;0.2;2
"3-Multi";71;"F3 CHFU";1.01754385964912;0.0175438596491228;1;2;1;1;0.0389018670458375;0.00246936864942532;1;2.87631944860477e-06;0.079060509891012;0.2;2
"3-Multi";72;"F3 LEMA";2.57142857142857;1.57142857142857;1;6;3;3;0.0674477898087819;0.00137778312205238;2.96016987717307e-05;4.18166058693719e-06;0.00478769096645238;0.2;4
"3-Multi";73;"F3 PUPA";1.26666666666667;0.266666666666667;1;4;2;2;0.0585396486297114;0;0;0;1.17011423114678e-05;0.2;4
"3-Multi";74;"F4 CHFU";1.05263157894737;0.0526315789473684;1;2;1;1;0.0496314378197389;0.00740810594827582;0.999999999999999;8.62895834579516e-06;0.079060509891012;0.2;2
"3-Multi";75;"F4 CHMI";2.4;1.4;1;4;2;2;0.0580253490484184;0.00626160239491851;2.38049213490247e-06;1.94998008658459e-05;0.0261738968616308;0.2;2
"3-Multi";76;"F4 LEMA";1.57142857142857;0.571428571428571;1;4;2;2;0.0519642876128979;0.00116412563550765;4.41883078080119e-05;4.00007362483327e-06;0.00606476476524613;0.2;4
"3-Multi";77;"F4 PUPA";1.16666666666667;0.166666666666667;1;2;1;1;0.0464296203727197;0;0;0;1.17011423114678e-05;0.2;2
"3-Multi";78;"F5 CHFU";1.01754385964912;0.0175438596491228;1;2;1;1;0.0389018670457559;0.00246936864942546;1;2.87631944861538e-06;0.079060509891012;0.2;2
"3-Multi";79;"F5 CHMI";1.2;0.2;1;2;1;1;0.0384629210674395;0.00111139900518826;3.05483517211959e-06;1.82295095774838e-06;0.0292203426548492;0.2;2
"3-Multi";80;"F6 PUPA";1.16666666666667;0.166666666666667;1;2;1;1;0.0464296203728111;0;0;0;1.17011423114678e-05;0.2;2
"3-Multi";81;"Andrena_cinerea";8.7;5.36666666666667;3.33333333333333;22;11;11;0.216841903066432;0.0250921517651033;0.00131481464856961;0.00696928418806623;0.0523620485405665;0.6;4
"3-Multi";82;"Bombyliidae";6.45;5.45;1;16;8;8;0.169300585998852;0;0;0;1.17011423114678e-05;0.2;4
"3-Multi";83;"Coleoptera";1.33333333333333;0.333333333333333;1;2;1;1;0.0450455502613835;0.000313248399233919;4.28385565703257e-06;4.18258922416746e-07;0.00326923024653537;0.2;2
"3-Multi";84;"Colias_croceus";2;1;1;2;1;1;0.071545774205548;0;0;0;1.17011423114678e-05;0.2;2
"3-Multi";85;"Curculionidae";1.83333333333333;0.833333333333333;1;4;2;2;0.0557277647341383;0.000710256265706028;4.19084328571994e-06;1.35480081563866e-06;0.00370475306180442;0.2;4
"3-Multi";86;"Dilophus_sp.";42.9416666666667;34.4416666666667;8.5;94;47;47;1;1;0.562517578245743;1;1;1;4
"3-Multi";87;"Diptera";1.25;0.25;1;2;1;1;0.0409291838461454;0.00142946678305946;9.24113291179998e-06;0.00796950596759844;0.0457708545859082;0.2;2
"3-Multi";88;"Empididae";2.11666666666667;1.11666666666667;1;8;4;4;0.0623733378257654;0.00472425627625376;7.59736583024375e-06;0.0256526690856035;0.0378190544348942;0.2;4
"3-Multi";89;"Eucera_sp.";4.9;3.9;1;10;5;5;0.138276564691717;0;0;0;1.17011423114678e-05;0.2;4
"3-Multi";90;"Eupeodes_corollae";3.41666666666667;1.08333333333333;2.33333333333333;8;4;4;0.0590484590583545;0.0026958647444874;0.00143483334348148;0.00798248369564832;0.0599446838398643;0.4;2
"3-Multi";91;"Lasiocampa_trifolii";4.45;3.45;1;12;6;6;0.117835820952493;0;0;0;1.17011423114678e-05;0.2;4
"3-Multi";92;"Malachius_bipustulatus";1.2;0.2;1;2;1;1;0.0428243030077927;0.00493550508924797;0.000772803589283856;3.437486385938e-05;0.0294861056527245;0.2;2
"3-Multi";93;"Melanostoma_sp.";1.5;0.5;1;2;1;1;0.0500573585280608;0.0122829547700858;0.00077127451415378;0.00020642488018935;0.0712733372500137;0.2;2
"3-Multi";94;"Mordellidae";8.36666666666667;5.2;3.16666666666667;16;8;8;0.157153397548547;0.0347648846128534;0.000590936218418842;0.000203257477437784;0.0776297379110154;0.4;4
"3-Multi";95;"Musca_sp.";9.53333333333333;4.2;5.33333333333333;20;10;10;0.131110707916805;0.090596518941751;0.00896309007139463;0.0134101657414745;0.464004103301331;0.6;4
"3-Multi";96;"Odontomyia_sp.";14.7904761904762;9.45714285714286;5.33333333333333;30;15;15;0.321809476421904;0.121985247961076;1.42315607355876e-05;9.67917948270289e-06;0.0860552619261638;0.6;4
"3-Multi";97;"Psilothrix_viridicoerulea";9.80952380952381;6.64285714285714;3.16666666666667;26;13;13;0.210149363109003;0.0454871286504192;0.000511816803274839;0.000346597613060115;0.0464124868115995;0.4;4
"3-Multi";98;"Scaeva_sp.";1.25;0.25;1;2;1;1;0.0414966920889938;0.0011084202919495;6.24697759889287e-06;0.0053828157652165;0.035493599641287;0.2;2
"3-Multi";99;"Sphaerophoria_scripta";7.96666666666667;6.96666666666667;1;26;13;13;0.208342723880925;0.0527863924438603;0.00031447529636291;0.000256283830215551;0.0182758530387327;0.2;4
"3-Multi";100;"Ulidiidae";1.525;0.525;1;4;2;2;0.0524421169132719;0.00355020889880282;1.11276877938961e-05;0.0115960019834985;0.0378939249809708;0.2;4
"4-Multi";1;"A1 CHFU";1.01754385964912;0.0175438596491228;1;2;1;1;0.0389018670458147;0.00246936864942548;0.999999999999999;2.87631944861302e-06;0.079060509891012;0.2;2
"4-Multi";2;"A4 LEMA";1.16993464052288;0.169934640522876;1;4;2;2;0.0573480422982117;0.0055878973354352;0.000293043499345414;1.8247403706081e-06;0.0121754404930978;0.2;4
"4-Multi";3;"A5 CHFU";1.45614035087719;0.456140350877193;1;4;2;2;0.0783474406511663;0.0180927447772;0.876484924399733;2.02914654513133e-05;0.0724091698320743;0.2;4
"4-Multi";4;"A5 LEMA";2.05555555555556;1.05555555555556;1;4;2;2;0.0581984941349943;0.00276554621881345;0.000132750016168849;6.11477213034601e-05;0.0105218921429837;0.2;2
"4-Multi";5;"A5 ME";1.5;0.5;1;2;1;1;0.0510537010461418;0.0136832825685188;8.02906560676849e-08;2.09470185613955e-07;0.0290621445840296;0.2;2
"4-Multi";6;"A6 LEMA";1.1;0.1;1;2;1;1;0.0459573657988735;0.0276388321801655;0.0192677788509648;0.000720181791499983;0.160365628568268;0.2;2
"4-Multi";7;"A6 PUPA";1.1;0.1;1;2;1;1;0.0456471099160951;0;0;0;1.17011423114678e-05;0.2;2
"4-Multi";8;"B1 CHFU";1.01754385964912;0.0175438596491228;1;2;1;1;0.0389018670457078;0.00246936864942526;1;2.87631944860149e-06;0.079060509891012;0.2;2
"4-Multi";9;"B2 CHFU";2.05263157894737;1.05263157894737;1;4;2;2;0.0619019998061308;0.00848155394540181;0.75204365342073;9.04248644070219e-06;0.0673764691345775;0.2;2
"4-Multi";10;"B3 CHFU";1.03508771929825;0.0350877192982456;1;2;1;1;0.0442666524328722;0.0049387372988505;1;5.7526388971942e-06;0.079060509891012;0.2;2
"4-Multi";11;"B3 LEMA";1.13025210084034;0.130252100840336;1;4;2;2;0.0463506560302321;0.00250935165205928;0.000220512483440961;4.25485952712837e-06;0.0105936112281969;0.2;4
"4-Multi";12;"B3 ME";1.25;0.25;1;2;1;1;0.0422953913525962;0.0068416412842593;8.02906562084546e-08;1.04735092801609e-07;0.0290621445840296;0.2;2
"4-Multi";13;"B4 CHFU";1.01754385964912;0.0175438596491228;1;2;1;1;0.0389018670459766;0.00246936864942521;1;2.87631944859662e-06;0.079060509891012;0.2;2
"4-Multi";14;"B4 LEMA";1.28571428571429;0.285714285714286;1;2;1;1;0.0581191364861313;0.00368761287548543;8.6988704995847e-05;1.56450059173266e-05;0.00959893187580763;0.2;2
"4-Multi";15;"B4 PUPA";1.26666666666667;0.266666666666667;1;4;2;2;0.0585396486298523;0;0;0;1.17011423114678e-05;0.2;4
"4-Multi";16;"B5 CHFU";1.03508771929825;0.0350877192982456;1;2;1;1;0.0442666524330282;0.00493873729885063;0.999999999999999;5.75263889720419e-06;0.079060509891012;0.2;2
"4-Multi";17;"B5 LEMA";1.35396825396825;0.353968253968254;1;6;3;3;0.0753912931872155;0.0334830875201554;0.00399337009942132;0.00072948542678145;0.040900304643718;0.2;4
"4-Multi";18;"B5 ME";1.25;0.25;1;2;1;1;0.0422953913521793;0.00684164128425941;8.02906560931337e-08;1.04735092811107e-07;0.0290621445840296;0.2;2
"4-Multi";19;"B5 PUPA";1.225;0.225;1;4;2;2;0.0574883429733216;0;0;0;1.17011423114678e-05;0.2;4
"4-Multi";20;"B6 CHFU";1.33771929824561;0.337719298245614;1;4;2;2;0.0679140389999336;0.0131524121856071;0.837713265232586;1.44621078093969e-05;0.0701835453993024;0.2;4
"4-Multi";21;"B6 LEMA";1.22875816993464;0.228758169934641;1;4;2;2;0.0640161029626793;0.00717534576862306;0.000308291689980599;2.1683484183974e-06;0.0120286530149699;0.2;4
"4-Multi";22;"C1 LEMA";2.31111111111111;1.31111111111111;1;6;3;3;0.0984526331213123;0.0887442449449071;0.00661419557165527;0.00160777425289542;0.091735678157883;0.2;4
"4-Multi";23;"C2 CHFU";2.53508771929825;1.53508771929825;1;6;3;3;0.0843995177486769;0.0147283178075437;0.40548829007006;8.31724720748743e-06;0.0538023587304584;0.2;4
"4-Multi";24;"C2 LEMA";2.27320261437908;1.27320261437909;1;8;4;4;0.0814603791434029;0.0361803158312108;0.00405472268791751;0.000754367693382289;0.043225269313296;0.2;4
"4-Multi";25;"C2 PUPA";2.51666666666667;1.51666666666667;1;8;4;4;0.0982425856065309;0;0;0;1.17011423114678e-05;0.2;4
"4-Multi";26;"C3 CHFU";1.95175438596491;0.951754385964912;1;6;3;3;0.0663334054043447;0.00735863469977659;0.410007676358249;6.14760808581684e-06;0.0471238643123599;0.2;4
"4-Multi";27;"C3 LEMA";1.31932773109244;0.319327731092437;1;4;2;2;0.0658322910660882;0.00660615173730648;0.000247217239129954;8.85332710204531e-06;0.0107925470986747;0.2;4
"4-Multi";28;"C3 PUPA";2;1;1;2;1;1;0.0715457742052338;0;0;0;1.17011423114678e-05;0.2;2
"4-Multi";29;"C4 LEMA";1.41199813258637;0.411998132586368;1;8;4;4;0.0729363309189726;0.00939109761440788;0.000147869221171456;1.2827290040425e-05;0.0120348995492938;0.2;4
"4-Multi";30;"C4 PUPA";1.1;0.1;1;2;1;1;0.0456471099162357;0;0;0;1.17011423114678e-05;0.2;2
"4-Multi";31;"C5 CHFU";1.01754385964912;0.0175438596491228;1;2;1;1;0.0389018670461687;0.00246936864942519;1;2.87631944859583e-06;0.079060509891012;0.2;2
"4-Multi";32;"C5 LEMA";1.11111111111111;0.111111111111111;1;2;1;1;0.0506799816337171;0.00400044890224722;0.000262547118075081;1.48113232281034e-06;0.0124690154493536;0.2;2
"4-Multi";33;"C6 CHFU";1.05263157894737;0.0526315789473684;1;2;1;1;0.0496314378197017;0.00740810594827603;0.999999999999999;8.62895834580981e-06;0.079060509891012;0.2;2
"4-Multi";34;"C6 LEMA";1.08333333333333;0.0833333333333333;1;2;1;1;0.0392602791466881;0.00303771507348218;9.66583208045796e-06;9.36139323240817e-09;0.0193552956384004;0.2;2
"4-Multi";35;"D1 CHFU";1.26754385964912;0.267543859649123;1;4;2;2;0.0464548974519996;0.00327493758790559;0.513139795697757;2.95683001498284e-06;0.0524296164158832;0.2;4
"4-Multi";36;"D1 CHMI";1.4;0.4;1;2;1;1;0.0433887604757355;0.00222279801037673;3.05483517211103e-06;3.64590191550081e-06;0.0292203426548492;0.2;2
"4-Multi";37;"D1 LEMA";1.05555555555556;0.0555555555555556;1;2;1;1;0.0421085316461852;0.00200022445112375;0.000262547118074935;7.40566161418579e-07;0.0124690154493536;0.2;2
"4-Multi";38;"D2 CHFU";1.53508771929825;0.535087719298246;1;4;2;2;0.0548044376774908;0.0105203468309758;0.671112072162774;7.34151804683635e-06;0.0722532994443966;0.2;4
"4-Multi";39;"D2 LEMA";1.15882352941176;0.158823529411765;1;4;2;2;0.0526254264636433;0.0292262806133534;0.00981090755642541;0.000720525399547776;0.085976959574427;0.2;4
"4-Multi";40;"D2 ME";2;1;1;2;1;1;0.0997476942469126;0.206176147335935;0.00388563615832181;0.0156247942216264;0.238137110704391;0.2;2
"4-Multi";41;"D2 PUPA";1.25;0.25;1;2;1;1;0.0572195477730425;0;0;0;1.17011423114678e-05;0.2;2
"4-Multi";42;"D3 CHFU";1.01754385964912;0.0175438596491228;1;2;1;1;0.0389018670462205;0.00246936864942517;1;2.87631944859288e-06;0.079060509891012;0.2;2
"4-Multi";43;"D3 CHMI";2;1;1;2;1;1;0.0555666822181916;0.0587519995231081;0.00128545752358949;0.000853812053482032;0.204529650756863;0.2;2
"4-Multi";44;"D3 LEMA";1.05555555555556;0.0555555555555556;1;2;1;1;0.042108531646319;0.00200022445112357;0.000262547118075078;7.40566161405433e-07;0.0124690154493536;0.2;2
"4-Multi";45;"D3 PUPA";1.125;0.125;1;2;1;1;0.0453783147159278;0;0;0;1.17011423114678e-05;0.2;2
"4-Multi";46;"D4 CHFU";1.01754385964912;0.0175438596491228;1;2;1;1;0.0389018670456649;0.00246936864942545;0.999999999999999;2.8763194486127e-06;0.079060509891012;0.2;2
"4-Multi";47;"D4 LEMA";2.1;1.1;1;4;2;2;0.0657009050192871;0.0360166730566255;0.00973962426124443;0.000752875095657702;0.104491151060566;0.2;2
"4-Multi";48;"D5 CHFU";1.01754385964912;0.0175438596491228;1;2;1;1;0.0389018670459304;0.0024693686494252;1;2.87631944859652e-06;0.079060509891012;0.2;2
"4-Multi";49;"D5 LEMA";1.55555555555556;0.555555555555556;1;6;3;3;0.0736819988637388;0.0156521463134261;9.93429280329941e-05;4.75221236395395e-06;0.0188552016271741;0.2;4
"4-Multi";50;"D5 PUPA";1.25;0.25;1;2;1;1;0.0572195477729467;0;0;0;1.17011423114678e-05;0.2;2
"4-Multi";51;"D6 CHFU";1.05263157894737;0.0526315789473684;1;2;1;1;0.0496314378199611;0.00740810594827586;1;8.62895834579898e-06;0.079060509891012;0.2;2
"4-Multi";52;"D6 LEMA";1.6;0.6;1;4;2;2;0.0747651153067613;0.0367163854638782;0.00655937296755382;0.000728148915545756;0.0692826133702998;0.2;4
"4-Multi";53;"E1 CHFU";1.01754385964912;0.0175438596491228;1;2;1;1;0.0389018670457556;0.0024693686494254;1;2.87631944861061e-06;0.079060509891012;0.2;2
"4-Multi";54;"E1 LEMA";1.11764705882353;0.117647058823529;1;2;1;1;0.0468732029880384;0.00317489686637578;0.000354036261886049;6.87216095587205e-07;0.0115882905805861;0.2;2
"4-Multi";55;"E2 CHFU";2.05263157894737;1.05263157894737;1;4;2;2;0.0616160285616311;0.00838310304554162;0.752041067927023;9.02067771873122e-06;0.0671009716340294;0.2;2
"4-Multi";56;"E2 LEMA";1.17647058823529;0.176470588235294;1;2;1;1;0.0535412636524686;0.0047623452995638;0.000354036261886071;1.03082414338769e-06;0.0115882905805861;0.2;2
"4-Multi";57;"E2 ME";2;1;1;2;1;1;0.0479887650724735;0.0211638605663641;8.94178384250845e-05;0.000210826209669192;0.1554913985511;0.2;2
"4-Multi";58;"E3 CHFU";1.03508771929825;0.0350877192982456;1;2;1;1;0.0442666524330246;0.00493873729885051;1;5.75263889719549e-06;0.079060509891012;0.2;2
"4-Multi";59;"E3 LEMA";1.30555555555556;0.305555555555556;1;4;2;2;0.0565124064001049;0.00653900109298008;0.00023385857196168;4.72412818430237e-06;0.0181050606103347;0.2;4
"4-Multi";60;"E3 PUPA";2;1;1;2;1;1;0.0715457742046751;0;0;0;1.17011423114678e-05;0.2;2
"4-Multi";61;"E4 CHFU";1.03508771929825;0.0350877192982456;1;2;1;1;0.0442666524332081;0.00493873729885051;1;5.75263889719629e-06;0.079060509891012;0.2;2
"4-Multi";62;"E4 LEMA";1.13888888888889;0.138888888888889;1;4;2;2;0.0478317291341924;0.00503793952460562;0.000136106475077809;7.4992755462503e-07;0.015912155543877;0.2;4
"4-Multi";63;"E4 PUPA";1.46666666666667;0.466666666666667;1;4;2;2;0.0827597051443218;0;0;0;1.17011423114678e-05;0.2;4
"4-Multi";64;"E5 CHFU";1.01754385964912;0.0175438596491228;1;2;1;1;0.0389018670457325;0.00246936864942537;1;2.8763194486093e-06;0.079060509891012;0.2;2
"4-Multi";65;"E6 CHFU";2;1;1;2;1;1;0.0829825368792395;0.0193833908155941;1.69604980310634e-07;7.19799026091621e-08;0.0103000569269694;0.2;2
"4-Multi";66;"E6 LEMA";1.55882352941176;0.558823529411765;1;4;2;2;0.0745443272512794;0.0198137388740803;5.88616077670213e-05;3.99776407117879e-07;0.0182457234872841;0.2;4
"4-Multi";67;"E6 PUPA";1.1;0.1;1;2;1;1;0.0456471099158237;0;0;0;1.17011423114678e-05;0.2;2
"4-Multi";68;"F1 CHFU";1.03508771929825;0.0350877192982456;1;2;1;1;0.0442666524328195;0.00493873729885076;1;5.75263889721251e-06;0.079060509891012;0.2;2
"4-Multi";69;"F2 CHFU";2.28508771929825;1.28508771929825;1;6;3;3;0.064286655586292;0.00650032699976405;0.507948489277271;6.09795056226105e-06;0.0520330893633944;0.2;4
"4-Multi";70;"F2 LEMA";1.2;0.2;1;2;1;1;0.0583776499390857;0.0552776643603309;0.0192677788509648;0.00144036358299995;0.160365628568268;0.2;2
"4-Multi";71;"F3 CHFU";1.01754385964912;0.0175438596491228;1;2;1;1;0.0389018670458375;0.00246936864942532;1;2.87631944860477e-06;0.079060509891012;0.2;2
"4-Multi";72;"F3 LEMA";2.57142857142857;1.57142857142857;1;6;3;3;0.0674477898087819;0.00137778312205238;2.96016987717307e-05;4.18166058693719e-06;0.00478769096645238;0.2;4
"4-Multi";73;"F3 PUPA";1.26666666666667;0.266666666666667;1;4;2;2;0.0585396486297114;0;0;0;1.17011423114678e-05;0.2;4
"4-Multi";74;"F4 CHFU";1.05263157894737;0.0526315789473684;1;2;1;1;0.0496314378197389;0.00740810594827582;0.999999999999999;8.62895834579516e-06;0.079060509891012;0.2;2
"4-Multi";75;"F4 CHMI";2.4;1.4;1;4;2;2;0.0580253490484184;0.00626160239491851;2.38049213490247e-06;1.94998008658459e-05;0.0261738968616308;0.2;2
"4-Multi";76;"F4 LEMA";1.57142857142857;0.571428571428571;1;4;2;2;0.0519642876128979;0.00116412563550765;4.41883078080119e-05;4.00007362483327e-06;0.00606476476524613;0.2;4
"4-Multi";77;"F4 PUPA";1.16666666666667;0.166666666666667;1;2;1;1;0.0464296203727197;0;0;0;1.17011423114678e-05;0.2;2
"4-Multi";78;"F5 CHFU";1.01754385964912;0.0175438596491228;1;2;1;1;0.0389018670457559;0.00246936864942546;1;2.87631944861538e-06;0.079060509891012;0.2;2
"4-Multi";79;"F5 CHMI";1.2;0.2;1;2;1;1;0.0384629210674395;0.00111139900518826;3.05483517211959e-06;1.82295095774838e-06;0.0292203426548492;0.2;2
"4-Multi";80;"F6 PUPA";1.16666666666667;0.166666666666667;1;2;1;1;0.0464296203728111;0;0;0;1.17011423114678e-05;0.2;2
"4-Multi";81;"Andrena_cinerea";8.7;5.36666666666667;3.33333333333333;22;11;11;0.216841903066432;0.0250921517651033;0.00131481464856961;0.00696928418806623;0.0523620485405665;0.6;4
"4-Multi";82;"Bombyliidae";6.45;5.45;1;16;8;8;0.169300585998852;0;0;0;1.17011423114678e-05;0.2;4
"4-Multi";83;"Coleoptera";1.33333333333333;0.333333333333333;1;2;1;1;0.0450455502613835;0.000313248399233919;4.28385565703257e-06;4.18258922416746e-07;0.00326923024653537;0.2;2
"4-Multi";84;"Colias_croceus";2;1;1;2;1;1;0.071545774205548;0;0;0;1.17011423114678e-05;0.2;2
"4-Multi";85;"Curculionidae";1.83333333333333;0.833333333333333;1;4;2;2;0.0557277647341383;0.000710256265706028;4.19084328571994e-06;1.35480081563866e-06;0.00370475306180442;0.2;4
"4-Multi";86;"Dilophus_sp.";42.9416666666667;34.4416666666667;8.5;94;47;47;1;1;0.562517578245743;1;1;1;4
"4-Multi";87;"Diptera";1.25;0.25;1;2;1;1;0.0409291838461454;0.00142946678305946;9.24113291179998e-06;0.00796950596759844;0.0457708545859082;0.2;2
"4-Multi";88;"Empididae";2.11666666666667;1.11666666666667;1;8;4;4;0.0623733378257654;0.00472425627625376;7.59736583024375e-06;0.0256526690856035;0.0378190544348942;0.2;4
"4-Multi";89;"Eucera_sp.";4.9;3.9;1;10;5;5;0.138276564691717;0;0;0;1.17011423114678e-05;0.2;4
"4-Multi";90;"Eupeodes_corollae";3.41666666666667;1.08333333333333;2.33333333333333;8;4;4;0.0590484590583545;0.0026958647444874;0.00143483334348148;0.00798248369564832;0.0599446838398643;0.4;2
"4-Multi";91;"Lasiocampa_trifolii";4.45;3.45;1;12;6;6;0.117835820952493;0;0;0;1.17011423114678e-05;0.2;4
"4-Multi";92;"Malachius_bipustulatus";1.2;0.2;1;2;1;1;0.0428243030077927;0.00493550508924797;0.000772803589283856;3.437486385938e-05;0.0294861056527245;0.2;2
"4-Multi";93;"Melanostoma_sp.";1.5;0.5;1;2;1;1;0.0500573585280608;0.0122829547700858;0.00077127451415378;0.00020642488018935;0.0712733372500137;0.2;2
"4-Multi";94;"Mordellidae";8.36666666666667;5.2;3.16666666666667;16;8;8;0.157153397548547;0.0347648846128534;0.000590936218418842;0.000203257477437784;0.0776297379110154;0.4;4
"4-Multi";95;"Musca_sp.";9.53333333333333;4.2;5.33333333333333;20;10;10;0.131110707916805;0.090596518941751;0.00896309007139463;0.0134101657414745;0.464004103301331;0.6;4
"4-Multi";96;"Odontomyia_sp.";14.7904761904762;9.45714285714286;5.33333333333333;30;15;15;0.321809476421904;0.121985247961076;1.42315607355876e-05;9.67917948270289e-06;0.0860552619261638;0.6;4
"4-Multi";97;"Psilothrix_viridicoerulea";9.80952380952381;6.64285714285714;3.16666666666667;26;13;13;0.210149363109003;0.0454871286504192;0.000511816803274839;0.000346597613060115;0.0464124868115995;0.4;4
"4-Multi";98;"Scaeva_sp.";1.25;0.25;1;2;1;1;0.0414966920889938;0.0011084202919495;6.24697759889287e-06;0.0053828157652165;0.035493599641287;0.2;2
"4-Multi";99;"Sphaerophoria_scripta";7.96666666666667;6.96666666666667;1;26;13;13;0.208342723880925;0.0527863924438603;0.00031447529636291;0.000256283830215551;0.0182758530387327;0.2;4
"4-Multi";100;"Ulidiidae";1.525;0.525;1;4;2;2;0.0524421169132719;0.00355020889880282;1.11276877938961e-05;0.0115960019834985;0.0378939249809708;0.2;4
"5-Multi";1;"A1 CHFU";1.01754385964912;0.0175438596491228;1;2;1;1;0.0389018670458147;0.00246936864942548;0.999999999999999;2.87631944861302e-06;0.079060509891012;0.2;2
"5-Multi";2;"A4 LEMA";1.16993464052288;0.169934640522876;1;4;2;2;0.0573480422982117;0.0055878973354352;0.000293043499345414;1.8247403706081e-06;0.0121754404930978;0.2;4
"5-Multi";3;"A5 CHFU";1.45614035087719;0.456140350877193;1;4;2;2;0.0783474406511663;0.0180927447772;0.876484924399733;2.02914654513133e-05;0.0724091698320743;0.2;4
"5-Multi";4;"A5 LEMA";2.05555555555556;1.05555555555556;1;4;2;2;0.0581984941349943;0.00276554621881345;0.000132750016168849;6.11477213034601e-05;0.0105218921429837;0.2;2
"5-Multi";5;"A5 ME";1.5;0.5;1;2;1;1;0.0510537010461418;0.0136832825685188;8.02906560676849e-08;2.09470185613955e-07;0.0290621445840296;0.2;2
"5-Multi";6;"A6 LEMA";1.1;0.1;1;2;1;1;0.0459573657988735;0.0276388321801655;0.0192677788509648;0.000720181791499983;0.160365628568268;0.2;2
"5-Multi";7;"A6 PUPA";1.1;0.1;1;2;1;1;0.0456471099160951;0;0;0;1.17011423114678e-05;0.2;2
"5-Multi";8;"B1 CHFU";1.01754385964912;0.0175438596491228;1;2;1;1;0.0389018670457078;0.00246936864942526;1;2.87631944860149e-06;0.079060509891012;0.2;2
"5-Multi";9;"B2 CHFU";2.05263157894737;1.05263157894737;1;4;2;2;0.0619019998061308;0.00848155394540181;0.75204365342073;9.04248644070219e-06;0.0673764691345775;0.2;2
"5-Multi";10;"B3 CHFU";1.03508771929825;0.0350877192982456;1;2;1;1;0.0442666524328722;0.0049387372988505;1;5.7526388971942e-06;0.079060509891012;0.2;2
"5-Multi";11;"B3 LEMA";1.13025210084034;0.130252100840336;1;4;2;2;0.0463506560302321;0.00250935165205928;0.000220512483440961;4.25485952712837e-06;0.0105936112281969;0.2;4
"5-Multi";12;"B3 ME";1.25;0.25;1;2;1;1;0.0422953913525962;0.0068416412842593;8.02906562084546e-08;1.04735092801609e-07;0.0290621445840296;0.2;2
"5-Multi";13;"B4 CHFU";1.01754385964912;0.0175438596491228;1;2;1;1;0.0389018670459766;0.00246936864942521;1;2.87631944859662e-06;0.079060509891012;0.2;2
"5-Multi";14;"B4 LEMA";1.28571428571429;0.285714285714286;1;2;1;1;0.0581191364861313;0.00368761287548543;8.6988704995847e-05;1.56450059173266e-05;0.00959893187580763;0.2;2
"5-Multi";15;"B4 PUPA";1.26666666666667;0.266666666666667;1;4;2;2;0.0585396486298523;0;0;0;1.17011423114678e-05;0.2;4
"5-Multi";16;"B5 CHFU";1.03508771929825;0.0350877192982456;1;2;1;1;0.0442666524330282;0.00493873729885063;0.999999999999999;5.75263889720419e-06;0.079060509891012;0.2;2
"5-Multi";17;"B5 LEMA";1.35396825396825;0.353968253968254;1;6;3;3;0.0753912931872155;0.0334830875201554;0.00399337009942132;0.00072948542678145;0.040900304643718;0.2;4
"5-Multi";18;"B5 ME";1.25;0.25;1;2;1;1;0.0422953913521793;0.00684164128425941;8.02906560931337e-08;1.04735092811107e-07;0.0290621445840296;0.2;2
"5-Multi";19;"B5 PUPA";1.225;0.225;1;4;2;2;0.0574883429733216;0;0;0;1.17011423114678e-05;0.2;4
"5-Multi";20;"B6 CHFU";1.33771929824561;0.337719298245614;1;4;2;2;0.0679140389999336;0.0131524121856071;0.837713265232586;1.44621078093969e-05;0.0701835453993024;0.2;4
"5-Multi";21;"B6 LEMA";1.22875816993464;0.228758169934641;1;4;2;2;0.0640161029626793;0.00717534576862306;0.000308291689980599;2.1683484183974e-06;0.0120286530149699;0.2;4
"5-Multi";22;"C1 LEMA";2.31111111111111;1.31111111111111;1;6;3;3;0.0984526331213123;0.0887442449449071;0.00661419557165527;0.00160777425289542;0.091735678157883;0.2;4
"5-Multi";23;"C2 CHFU";2.53508771929825;1.53508771929825;1;6;3;3;0.0843995177486769;0.0147283178075437;0.40548829007006;8.31724720748743e-06;0.0538023587304584;0.2;4
"5-Multi";24;"C2 LEMA";2.27320261437908;1.27320261437909;1;8;4;4;0.0814603791434029;0.0361803158312108;0.00405472268791751;0.000754367693382289;0.043225269313296;0.2;4
"5-Multi";25;"C2 PUPA";2.51666666666667;1.51666666666667;1;8;4;4;0.0982425856065309;0;0;0;1.17011423114678e-05;0.2;4
"5-Multi";26;"C3 CHFU";1.95175438596491;0.951754385964912;1;6;3;3;0.0663334054043447;0.00735863469977659;0.410007676358249;6.14760808581684e-06;0.0471238643123599;0.2;4
"5-Multi";27;"C3 LEMA";1.31932773109244;0.319327731092437;1;4;2;2;0.0658322910660882;0.00660615173730648;0.000247217239129954;8.85332710204531e-06;0.0107925470986747;0.2;4
"5-Multi";28;"C3 PUPA";2;1;1;2;1;1;0.0715457742052338;0;0;0;1.17011423114678e-05;0.2;2
"5-Multi";29;"C4 LEMA";1.41199813258637;0.411998132586368;1;8;4;4;0.0729363309189726;0.00939109761440788;0.000147869221171456;1.2827290040425e-05;0.0120348995492938;0.2;4
"5-Multi";30;"C4 PUPA";1.1;0.1;1;2;1;1;0.0456471099162357;0;0;0;1.17011423114678e-05;0.2;2
"5-Multi";31;"C5 CHFU";1.01754385964912;0.0175438596491228;1;2;1;1;0.0389018670461687;0.00246936864942519;1;2.87631944859583e-06;0.079060509891012;0.2;2
"5-Multi";32;"C5 LEMA";1.11111111111111;0.111111111111111;1;2;1;1;0.0506799816337171;0.00400044890224722;0.000262547118075081;1.48113232281034e-06;0.0124690154493536;0.2;2
"5-Multi";33;"C6 CHFU";1.05263157894737;0.0526315789473684;1;2;1;1;0.0496314378197017;0.00740810594827603;0.999999999999999;8.62895834580981e-06;0.079060509891012;0.2;2
"5-Multi";34;"C6 LEMA";1.08333333333333;0.0833333333333333;1;2;1;1;0.0392602791466881;0.00303771507348218;9.66583208045796e-06;9.36139323240817e-09;0.0193552956384004;0.2;2
"5-Multi";35;"D1 CHFU";1.26754385964912;0.267543859649123;1;4;2;2;0.0464548974519996;0.00327493758790559;0.513139795697757;2.95683001498284e-06;0.0524296164158832;0.2;4
"5-Multi";36;"D1 CHMI";1.4;0.4;1;2;1;1;0.0433887604757355;0.00222279801037673;3.05483517211103e-06;3.64590191550081e-06;0.0292203426548492;0.2;2
"5-Multi";37;"D1 LEMA";1.05555555555556;0.0555555555555556;1;2;1;1;0.0421085316461852;0.00200022445112375;0.000262547118074935;7.40566161418579e-07;0.0124690154493536;0.2;2
"5-Multi";38;"D2 CHFU";1.53508771929825;0.535087719298246;1;4;2;2;0.0548044376774908;0.0105203468309758;0.671112072162774;7.34151804683635e-06;0.0722532994443966;0.2;4
"5-Multi";39;"D2 LEMA";1.15882352941176;0.158823529411765;1;4;2;2;0.0526254264636433;0.0292262806133534;0.00981090755642541;0.000720525399547776;0.085976959574427;0.2;4
"5-Multi";40;"D2 ME";2;1;1;2;1;1;0.0997476942469126;0.206176147335935;0.00388563615832181;0.0156247942216264;0.238137110704391;0.2;2
"5-Multi";41;"D2 PUPA";1.25;0.25;1;2;1;1;0.0572195477730425;0;0;0;1.17011423114678e-05;0.2;2
"5-Multi";42;"D3 CHFU";1.01754385964912;0.0175438596491228;1;2;1;1;0.0389018670462205;0.00246936864942517;1;2.87631944859288e-06;0.079060509891012;0.2;2
"5-Multi";43;"D3 CHMI";2;1;1;2;1;1;0.0555666822181916;0.0587519995231081;0.00128545752358949;0.000853812053482032;0.204529650756863;0.2;2
"5-Multi";44;"D3 LEMA";1.05555555555556;0.0555555555555556;1;2;1;1;0.042108531646319;0.00200022445112357;0.000262547118075078;7.40566161405433e-07;0.0124690154493536;0.2;2
"5-Multi";45;"D3 PUPA";1.125;0.125;1;2;1;1;0.0453783147159278;0;0;0;1.17011423114678e-05;0.2;2
"5-Multi";46;"D4 CHFU";1.01754385964912;0.0175438596491228;1;2;1;1;0.0389018670456649;0.00246936864942545;0.999999999999999;2.8763194486127e-06;0.079060509891012;0.2;2
"5-Multi";47;"D4 LEMA";2.1;1.1;1;4;2;2;0.0657009050192871;0.0360166730566255;0.00973962426124443;0.000752875095657702;0.104491151060566;0.2;2
"5-Multi";48;"D5 CHFU";1.01754385964912;0.0175438596491228;1;2;1;1;0.0389018670459304;0.0024693686494252;1;2.87631944859652e-06;0.079060509891012;0.2;2
"5-Multi";49;"D5 LEMA";1.55555555555556;0.555555555555556;1;6;3;3;0.0736819988637388;0.0156521463134261;9.93429280329941e-05;4.75221236395395e-06;0.0188552016271741;0.2;4
"5-Multi";50;"D5 PUPA";1.25;0.25;1;2;1;1;0.0572195477729467;0;0;0;1.17011423114678e-05;0.2;2
"5-Multi";51;"D6 CHFU";1.05263157894737;0.0526315789473684;1;2;1;1;0.0496314378199611;0.00740810594827586;1;8.62895834579898e-06;0.079060509891012;0.2;2
"5-Multi";52;"D6 LEMA";1.6;0.6;1;4;2;2;0.0747651153067613;0.0367163854638782;0.00655937296755382;0.000728148915545756;0.0692826133702998;0.2;4
"5-Multi";53;"E1 CHFU";1.01754385964912;0.0175438596491228;1;2;1;1;0.0389018670457556;0.0024693686494254;1;2.87631944861061e-06;0.079060509891012;0.2;2
"5-Multi";54;"E1 LEMA";1.11764705882353;0.117647058823529;1;2;1;1;0.0468732029880384;0.00317489686637578;0.000354036261886049;6.87216095587205e-07;0.0115882905805861;0.2;2
"5-Multi";55;"E2 CHFU";2.05263157894737;1.05263157894737;1;4;2;2;0.0616160285616311;0.00838310304554162;0.752041067927023;9.02067771873122e-06;0.0671009716340294;0.2;2
"5-Multi";56;"E2 LEMA";1.17647058823529;0.176470588235294;1;2;1;1;0.0535412636524686;0.0047623452995638;0.000354036261886071;1.03082414338769e-06;0.0115882905805861;0.2;2
"5-Multi";57;"E2 ME";2;1;1;2;1;1;0.0479887650724735;0.0211638605663641;8.94178384250845e-05;0.000210826209669192;0.1554913985511;0.2;2
"5-Multi";58;"E3 CHFU";1.03508771929825;0.0350877192982456;1;2;1;1;0.0442666524330246;0.00493873729885051;1;5.75263889719549e-06;0.079060509891012;0.2;2
"5-Multi";59;"E3 LEMA";1.30555555555556;0.305555555555556;1;4;2;2;0.0565124064001049;0.00653900109298008;0.00023385857196168;4.72412818430237e-06;0.0181050606103347;0.2;4
"5-Multi";60;"E3 PUPA";2;1;1;2;1;1;0.0715457742046751;0;0;0;1.17011423114678e-05;0.2;2
"5-Multi";61;"E4 CHFU";1.03508771929825;0.0350877192982456;1;2;1;1;0.0442666524332081;0.00493873729885051;1;5.75263889719629e-06;0.079060509891012;0.2;2
"5-Multi";62;"E4 LEMA";1.13888888888889;0.138888888888889;1;4;2;2;0.0478317291341924;0.00503793952460562;0.000136106475077809;7.4992755462503e-07;0.015912155543877;0.2;4
"5-Multi";63;"E4 PUPA";1.46666666666667;0.466666666666667;1;4;2;2;0.0827597051443218;0;0;0;1.17011423114678e-05;0.2;4
"5-Multi";64;"E5 CHFU";1.01754385964912;0.0175438596491228;1;2;1;1;0.0389018670457325;0.00246936864942537;1;2.8763194486093e-06;0.079060509891012;0.2;2
"5-Multi";65;"E6 CHFU";2;1;1;2;1;1;0.0829825368792395;0.0193833908155941;1.69604980310634e-07;7.19799026091621e-08;0.0103000569269694;0.2;2
"5-Multi";66;"E6 LEMA";1.55882352941176;0.558823529411765;1;4;2;2;0.0745443272512794;0.0198137388740803;5.88616077670213e-05;3.99776407117879e-07;0.0182457234872841;0.2;4
"5-Multi";67;"E6 PUPA";1.1;0.1;1;2;1;1;0.0456471099158237;0;0;0;1.17011423114678e-05;0.2;2
"5-Multi";68;"F1 CHFU";1.03508771929825;0.0350877192982456;1;2;1;1;0.0442666524328195;0.00493873729885076;1;5.75263889721251e-06;0.079060509891012;0.2;2
"5-Multi";69;"F2 CHFU";2.28508771929825;1.28508771929825;1;6;3;3;0.064286655586292;0.00650032699976405;0.507948489277271;6.09795056226105e-06;0.0520330893633944;0.2;4
"5-Multi";70;"F2 LEMA";1.2;0.2;1;2;1;1;0.0583776499390857;0.0552776643603309;0.0192677788509648;0.00144036358299995;0.160365628568268;0.2;2
"5-Multi";71;"F3 CHFU";1.01754385964912;0.0175438596491228;1;2;1;1;0.0389018670458375;0.00246936864942532;1;2.87631944860477e-06;0.079060509891012;0.2;2
"5-Multi";72;"F3 LEMA";2.57142857142857;1.57142857142857;1;6;3;3;0.0674477898087819;0.00137778312205238;2.96016987717307e-05;4.18166058693719e-06;0.00478769096645238;0.2;4
"5-Multi";73;"F3 PUPA";1.26666666666667;0.266666666666667;1;4;2;2;0.0585396486297114;0;0;0;1.17011423114678e-05;0.2;4
"5-Multi";74;"F4 CHFU";1.05263157894737;0.0526315789473684;1;2;1;1;0.0496314378197389;0.00740810594827582;0.999999999999999;8.62895834579516e-06;0.079060509891012;0.2;2
"5-Multi";75;"F4 CHMI";2.4;1.4;1;4;2;2;0.0580253490484184;0.00626160239491851;2.38049213490247e-06;1.94998008658459e-05;0.0261738968616308;0.2;2
"5-Multi";76;"F4 LEMA";1.57142857142857;0.571428571428571;1;4;2;2;0.0519642876128979;0.00116412563550765;4.41883078080119e-05;4.00007362483327e-06;0.00606476476524613;0.2;4
"5-Multi";77;"F4 PUPA";1.16666666666667;0.166666666666667;1;2;1;1;0.0464296203727197;0;0;0;1.17011423114678e-05;0.2;2
"5-Multi";78;"F5 CHFU";1.01754385964912;0.0175438596491228;1;2;1;1;0.0389018670457559;0.00246936864942546;1;2.87631944861538e-06;0.079060509891012;0.2;2
"5-Multi";79;"F5 CHMI";1.2;0.2;1;2;1;1;0.0384629210674395;0.00111139900518826;3.05483517211959e-06;1.82295095774838e-06;0.0292203426548492;0.2;2
"5-Multi";80;"F6 PUPA";1.16666666666667;0.166666666666667;1;2;1;1;0.0464296203728111;0;0;0;1.17011423114678e-05;0.2;2
"5-Multi";81;"Andrena_cinerea";8.7;5.36666666666667;3.33333333333333;22;11;11;0.216841903066432;0.0250921517651033;0.00131481464856961;0.00696928418806623;0.0523620485405665;0.6;4
"5-Multi";82;"Bombyliidae";6.45;5.45;1;16;8;8;0.169300585998852;0;0;0;1.17011423114678e-05;0.2;4
"5-Multi";83;"Coleoptera";1.33333333333333;0.333333333333333;1;2;1;1;0.0450455502613835;0.000313248399233919;4.28385565703257e-06;4.18258922416746e-07;0.00326923024653537;0.2;2
"5-Multi";84;"Colias_croceus";2;1;1;2;1;1;0.071545774205548;0;0;0;1.17011423114678e-05;0.2;2
"5-Multi";85;"Curculionidae";1.83333333333333;0.833333333333333;1;4;2;2;0.0557277647341383;0.000710256265706028;4.19084328571994e-06;1.35480081563866e-06;0.00370475306180442;0.2;4
"5-Multi";86;"Dilophus_sp.";42.9416666666667;34.4416666666667;8.5;94;47;47;1;1;0.562517578245743;1;1;1;4
"5-Multi";87;"Diptera";1.25;0.25;1;2;1;1;0.0409291838461454;0.00142946678305946;9.24113291179998e-06;0.00796950596759844;0.0457708545859082;0.2;2
"5-Multi";88;"Empididae";2.11666666666667;1.11666666666667;1;8;4;4;0.0623733378257654;0.00472425627625376;7.59736583024375e-06;0.0256526690856035;0.0378190544348942;0.2;4
"5-Multi";89;"Eucera_sp.";4.9;3.9;1;10;5;5;0.138276564691717;0;0;0;1.17011423114678e-05;0.2;4
"5-Multi";90;"Eupeodes_corollae";3.41666666666667;1.08333333333333;2.33333333333333;8;4;4;0.0590484590583545;0.0026958647444874;0.00143483334348148;0.00798248369564832;0.0599446838398643;0.4;2
"5-Multi";91;"Lasiocampa_trifolii";4.45;3.45;1;12;6;6;0.117835820952493;0;0;0;1.17011423114678e-05;0.2;4
"5-Multi";92;"Malachius_bipustulatus";1.2;0.2;1;2;1;1;0.0428243030077927;0.00493550508924797;0.000772803589283856;3.437486385938e-05;0.0294861056527245;0.2;2
"5-Multi";93;"Melanostoma_sp.";1.5;0.5;1;2;1;1;0.0500573585280608;0.0122829547700858;0.00077127451415378;0.00020642488018935;0.0712733372500137;0.2;2
"5-Multi";94;"Mordellidae";8.36666666666667;5.2;3.16666666666667;16;8;8;0.157153397548547;0.0347648846128534;0.000590936218418842;0.000203257477437784;0.0776297379110154;0.4;4
"5-Multi";95;"Musca_sp.";9.53333333333333;4.2;5.33333333333333;20;10;10;0.131110707916805;0.090596518941751;0.00896309007139463;0.0134101657414745;0.464004103301331;0.6;4
"5-Multi";96;"Odontomyia_sp.";14.7904761904762;9.45714285714286;5.33333333333333;30;15;15;0.321809476421904;0.121985247961076;1.42315607355876e-05;9.67917948270289e-06;0.0860552619261638;0.6;4
"5-Multi";97;"Psilothrix_viridicoerulea";9.80952380952381;6.64285714285714;3.16666666666667;26;13;13;0.210149363109003;0.0454871286504192;0.000511816803274839;0.000346597613060115;0.0464124868115995;0.4;4
"5-Multi";98;"Scaeva_sp.";1.25;0.25;1;2;1;1;0.0414966920889938;0.0011084202919495;6.24697759889287e-06;0.0053828157652165;0.035493599641287;0.2;2
"5-Multi";99;"Sphaerophoria_scripta";7.96666666666667;6.96666666666667;1;26;13;13;0.208342723880925;0.0527863924438603;0.00031447529636291;0.000256283830215551;0.0182758530387327;0.2;4
"5-Multi";100;"Ulidiidae";1.525;0.525;1;4;2;2;0.0524421169132719;0.00355020889880282;1.11276877938961e-05;0.0115960019834985;0.0378939249809708;0.2;4
"Aggr";1;"A1 CHFU";1.01754385964912;0.0175438596491228;1;2;1;1;0.0143041405724506;0.00910410489468949;1;0;0.518933346538933;0;2
"Aggr";2;"A4 LEMA";1.16993464052288;0.169934640522876;1;4;2;2;0.0400851045284498;0.00421021477668987;0.0119718065768542;0;0.0237654880230374;0;4
"Aggr";3;"A5 CHFU";1.45614035087719;0.456140350877193;1;4;2;2;0.0408509898893981;0.0652822759718575;0.876229846397562;0;0.465136380213809;0;4
"Aggr";4;"A5 LEMA";2.05555555555556;1.05555555555556;1;4;2;2;0.0380510294076165;0.0040435857804806;0.00888762960610444;0;0.0780559248722948;0;4
"Aggr";5;"A5 ME";1.5;0.5;1;2;1;1;0.0571551318084676;0.00358719011930297;0.000394631637269341;0;0.0135933292398565;0;2
"Aggr";6;"A6 LEMA";1.1;0.1;1;2;1;1;0.0283216844320489;0.0518933978965478;1;0;0.518933346538933;0;2
"Aggr";7;"A6 PUPA";1.1;0.1;1;2;1;1;0.0408595805475255;0.00410674303058388;0.00180928683322987;0;0.00411601683226388;0;2
"Aggr";8;"B1 CHFU";1.01754385964912;0.0175438596491228;1;2;1;1;0.0143041405723418;0.00910410489384854;1;0;0.518933346538933;0;2
"Aggr";9;"B2 CHFU";2.05263157894737;1.05263157894737;1;4;2;2;0.0351260580404409;0.0298675445370109;0.751734290462908;0;0.422928928471958;0;4
"Aggr";10;"B3 CHFU";1.03508771929825;0.0350877192982456;1;2;1;1;0.0172865967126484;0.0182082097876017;0.999999999999999;0;0.518933346538933;0;2
"Aggr";11;"B3 LEMA";1.13025210084034;0.130252100840336;1;4;2;2;0.0209197611238223;0.00281680258405577;0.0122885365383649;0;0.0955171647935887;0;4
"Aggr";12;"B3 ME";1.25;0.25;1;2;1;1;0.0342384081202448;0.00179359505964772;0.000394631637269339;0;0.0135933292398565;0;2
"Aggr";13;"B4 CHFU";1.01754385964912;0.0175438596491228;1;2;1;1;0.0143041405723175;0.00910410489366012;0.999999999999999;0;0.518933346538933;0;2
"Aggr";14;"B4 LEMA";1.28571428571429;0.285714285714286;1;2;1;1;0.0296390291192117;0.00633319863454252;0.0103378480673225;0;0.162130216465176;0;2
"Aggr";15;"B4 PUPA";1.26666666666667;0.266666666666667;1;4;2;2;0.0733680402370187;0.0102375671911293;0.00173201261518162;0;0.0051280158016328;0;4
"Aggr";16;"B5 CHFU";1.03508771929825;0.0350877192982456;1;2;1;1;0.0172865967127132;0.0182082097881034;1;0;0.518933346538933;0;2
"Aggr";17;"B5 LEMA";1.35396825396825;0.353968253968254;1;6;3;3;0.0612250363518992;0.0580367090637841;0.20847037817116;0;0.177117226083279;0;4
"Aggr";18;"B5 ME";1.25;0.25;1;2;1;1;0.0342384081203267;0.00179359506028162;0.00039463163726946;0;0.0135933292398565;0;2
"Aggr";19;"B5 PUPA";1.225;0.225;1;4;2;2;0.075444390197088;0.013237243927658;0.00256427976399586;0;0.00662778664171885;0;4
"Aggr";20;"B6 CHFU";1.33771929824561;0.337719298245614;1;4;2;2;0.035392453618145;0.0470718369830201;0.836958783978676;0;0.447182881905686;0;4
"Aggr";21;"B6 LEMA";1.22875816993464;0.228758169934641;1;4;2;2;0.0451038450484061;0.0054437177017556;0.0125386611849925;0;0.0250501442977784;0;4
"Aggr";22;"C1 LEMA";2.31111111111111;1.31111111111111;1;6;3;3;0.0963776061149437;0.130294928715383;0.342176823234176;0;0.257207011637495;0;4
"Aggr";23;"C2 CHFU";2.53508771929825;1.53508771929825;1;6;3;3;0.095052924170915;0.0521401155431117;0.407273613695319;0;0.318723727781643;0;4
"Aggr";24;"C2 LEMA";2.27320261437908;1.27320261437909;1;8;4;4;0.0699648591789901;0.0590279142927616;0.208163566043166;0;0.126396313008077;0;4
"Aggr";25;"C2 PUPA";2.51666666666667;1.51666666666667;1;8;4;4;0.312537659535934;0.547432547947125;0.202020514123977;0;0.109493698208909;0;4
"Aggr";26;"C3 CHFU";1.95175438596491;0.951754385964912;1;6;3;3;0.0437493101469955;0.0228666057276066;0.408286049246612;0;0.260682496738642;0;4
"Aggr";27;"C3 LEMA";1.31932773109244;0.319327731092437;1;4;2;2;0.0355365783356518;0.00686710809374834;0.0126786742325734;0;0.0821945544592713;0;4
"Aggr";28;"C3 PUPA";2;1;1;2;1;1;0.0754778962130639;0;0;0;9.47243651628986e-06;0;2
"Aggr";29;"C4 LEMA";1.41199813258637;0.411998132586368;1;8;4;4;0.049589681151632;0.00806962284629583;0.00941424970153691;0;0.091680711205157;0;4
"Aggr";30;"C4 PUPA";1.1;0.1;1;2;1;1;0.0408595805474207;0.00410674302977355;0.00180928683322986;0;0.00411601683226388;0;2
"Aggr";31;"C5 CHFU";1.01754385964912;0.0175438596491228;1;2;1;1;0.0143041405723048;0.00910410489356181;1;0;0.518933346538933;0;2
"Aggr";32;"C5 LEMA";1.11111111111111;0.111111111111111;1;2;1;1;0.0350663640083467;0.00297671185048865;0.0108380973605775;0;0.0211961754735553;0;2
"Aggr";33;"C6 CHFU";1.05263157894737;0.0526315789473684;1;2;1;1;0.0202690528531036;0.0273123146825046;1;0;0.518933346538933;0;2
"Aggr";34;"C6 LEMA";1.08333333333333;0.0833333333333333;1;2;1;1;0.0189605923281704;0.000597865020451174;0.00039463163726942;0;0.0135933292398565;0;2
"Aggr";35;"D1 CHFU";1.26754385964912;0.267543859649123;1;4;2;2;0.0234626290566477;0.0106554174059107;0.51087635193603;0;0.303681952639195;0;4
"Aggr";36;"D1 CHMI";1.4;0.4;1;2;1;1;0.0515437748513292;0.00854860186933394;0.00930970602467241;0;0.041101749305418;0;2
"Aggr";37;"D1 LEMA";1.05555555555556;0.0555555555555556;1;2;1;1;0.0231940242201846;0.00148835592524242;0.0108380973605775;0;0.0211961754735553;0;2
"Aggr";38;"D2 CHFU";1.53508771929825;0.535087719298246;1;4;2;2;0.0309422177659886;0.0299739203240235;0.671897457447317;0;0.42311940199262;0;4
"Aggr";39;"D2 LEMA";1.15882352941176;0.158823529411765;1;4;2;2;0.0333404249519274;0.0531269008210113;0.507119612504703;0;0.273918729830467;0;4
"Aggr";40;"D2 ME";2;1;1;2;1;1;0.181321684431853;0.518933978962163;0.999999999999999;0;0.518933346538933;0;2
"Aggr";41;"D2 PUPA";1.25;0.25;1;2;1;1;0.0804913037312962;0.018261001795295;0.00331927269476187;0;0.00913955645117382;0;2
"Aggr";42;"D3 CHFU";1.01754385964912;0.0175438596491228;1;2;1;1;0.0143041405722932;0.00910410489347234;0.999999999999999;0;0.518933346538933;0;2
"Aggr";43;"D3 CHMI";2;1;1;2;1;1;0.181321684431796;0.518933978961721;1;0;0.518933346538933;0;2
"Aggr";44;"D3 LEMA";1.05555555555556;0.0555555555555556;1;2;1;1;0.0231940242201652;0.00148835592509288;0.0108380973605775;0;0.0211961754735553;0;2
"Aggr";45;"D3 PUPA";1.125;0.125;1;2;1;1;0.0459064940816151;0.00913050089730315;0.00331927269476182;0;0.00913955645117382;0;2
"Aggr";46;"D4 CHFU";1.01754385964912;0.0175438596491228;1;2;1;1;0.0143041405724389;0.00910410489459945;1;0;0.518933346538933;0;2
"Aggr";47;"D4 LEMA";2.1;1.1;1;4;2;2;0.0594052699786731;0.0599678422054611;0.504548526777524;0;0.299841911839961;0;2
"Aggr";48;"D5 CHFU";1.01754385964912;0.0175438596491228;1;2;1;1;0.0143041405723089;0.00910410489359355;1;0;0.518933346538933;0;2
"Aggr";49;"D5 LEMA";1.55555555555556;0.555555555555556;1;6;3;3;0.0712495544205163;0.00862482715356078;0.00426633965941164;0;0.0206155824997086;0;4
"Aggr";50;"D5 PUPA";1.25;0.25;1;2;1;1;0.0804913037312659;0.0182610017950605;0.00331927269476185;0;0.00913955645117382;0;2
"Aggr";51;"D6 CHFU";1.05263157894737;0.0526315789473684;1;2;1;1;0.0202690528530229;0.0273123146818802;0.999999999999999;0;0.518933346538933;0;2
"Aggr";52;"D6 LEMA";1.6;0.6;1;4;2;2;0.0785992974561058;0.0625791502326287;0.339539804016448;0;0.200378948383256;0;4
"Aggr";53;"E1 CHFU";1.01754385964912;0.0175438596491228;1;2;1;1;0.0143041405724125;0.00910410489439495;1;0;0.518933346538933;0;2
"Aggr";54;"E1 LEMA";1.11764705882353;0.117647058823529;1;2;1;1;0.0213591654720632;0.00246700585111877;0.0142392250094075;0;0.0289041131220015;0;2
"Aggr";55;"E2 CHFU";2.05263157894737;1.05263157894737;1;4;2;2;0.0364820559835854;0.0292837908035539;0.751694138788107;0;0.417294763296477;0;2
"Aggr";56;"E2 LEMA";1.17647058823529;0.176470588235294;1;2;1;1;0.0263779059920827;0.00370050877667302;0.0142392250094075;0;0.0289041131220015;0;2
"Aggr";57;"E2 ME";2;1;1;2;1;1;0.0386329265386483;0.0235314210724185;0.0156923723419524;0;0.231491512899996;0;2
"Aggr";58;"E3 CHFU";1.03508771929825;0.0350877192982456;1;2;1;1;0.0172865967126543;0.0182082097876476;1;0;0.518933346538933;0;2
"Aggr";59;"E3 LEMA";1.30555555555556;0.305555555555556;1;4;2;2;0.0483328307321895;0.00683123209310053;0.0100739016926249;0;0.0311489623894866;0;4
"Aggr";60;"E3 PUPA";2;1;1;2;1;1;0.075432390836993;0.0221661952194252;0.0103378480673224;0;0.162130216465176;0;2
"Aggr";61;"E4 CHFU";1.03508771929825;0.0350877192982456;1;2;1;1;0.0172865967126532;0.018208209787639;1;0;0.518933346538933;0;2
"Aggr";62;"E4 LEMA";1.13888888888889;0.138888888888889;1;4;2;2;0.03083293211628;0.00208622094529172;0.00561636449892345;0;0.0173947523567059;0;4
"Aggr";63;"E4 PUPA";1.46666666666667;0.466666666666667;1;4;2;2;0.132443832467805;0.0184510532506016;0.00177064972420566;0;0.00462201631694834;0;4
"Aggr";64;"E5 CHFU";1.01754385964912;0.0175438596491228;1;2;1;1;0.0143041405723995;0.00910410489429428;1;0;0.518933346538933;0;2
"Aggr";65;"E6 CHFU";2;1;1;2;1;1;0.102988579184845;0.00717438023808427;0.000394631637269365;0;0.0135933292398565;0;2
"Aggr";66;"E6 LEMA";1.55882352941176;0.558823529411765;1;4;2;2;0.062173872328476;0.00482069304477098;0.00237243069043187;0;0.0157805840801629;0;4
"Aggr";67;"E6 PUPA";1.1;0.1;1;2;1;1;0.0408595805474904;0.00410674303031247;0.00180928683322986;0;0.00411601683226388;0;2
"Aggr";68;"F1 CHFU";1.03508771929825;0.0350877192982456;1;2;1;1;0.0172865967127836;0.0182082097886472;1;0;0.518933346538933;0;2
"Aggr";69;"F2 CHFU";2.28508771929825;1.28508771929825;1;6;3;3;0.0440195477830422;0.021185817612095;0.506579885859879;0;0.301900521489394;0;4
"Aggr";70;"F2 LEMA";1.2;0.2;1;2;1;1;0.045321684432053;0.103786795792927;1;0;0.518933346538933;0;2
"Aggr";71;"F3 CHFU";1.01754385964912;0.0175438596491228;1;2;1;1;0.0143041405723704;0.00910410489406923;1;0;0.518933346538933;0;2
"Aggr";72;"F3 LEMA";2.57142857142857;1.57142857142857;1;6;3;3;0.057010528180268;0.00196909731975909;0.00350551611814161;0;0.0672172207897247;0;4
"Aggr";73;"F3 PUPA";1.26666666666667;0.266666666666667;1;4;2;2;0.0733680402369829;0.0102375671908523;0.00173201261518159;0;0.0051280158016328;0;4
"Aggr";74;"F4 CHFU";1.05263157894737;0.0526315789473684;1;2;1;1;0.0202690528529993;0.0273123146816977;1;0;0.518933346538933;0;2
"Aggr";75;"F4 CHMI";2.4;1.4;1;4;2;2;0.136862363691333;0.0295181516012238;0.0109528790195841;0;0.0370358705776125;0;4
"Aggr";76;"F4 LEMA";1.57142857142857;0.571428571428571;1;4;2;2;0.0336570608766875;0.00179234295747291;0.00523720592432729;0;0.0917720055203035;0;4
"Aggr";77;"F4 PUPA";1.16666666666667;0.166666666666667;1;2;1;1;0.0438301441214466;0.00613082416000713;0.00165473839713328;0;0.00614001477100173;0;2
"Aggr";78;"F5 CHFU";1.01754385964912;0.0175438596491228;1;2;1;1;0.0143041405724425;0.00910410489462745;1;0;0.518933346538933;0;2
"Aggr";79;"F5 CHMI";1.2;0.2;1;2;1;1;0.0314327296416205;0.00427430093423663;0.00930970602467235;0;0.041101749305418;0;2
"Aggr";80;"F6 PUPA";1.16666666666667;0.166666666666667;1;2;1;1;0.043830144121474;0.00613082416021868;0.0016547383971333;0;0.00614001477100173;0;2
"Aggr";81;"Andrena_cinerea";8.03333333333333;5.03333333333333;3;18;9;9;0.226273081430371;0.0427148657010709;0;0.0103378480673225;0.312423713601701;0;4
"Aggr";82;"Bombyliidae";6.45;5.45;1;16;8;8;0.347504660182085;0.0791380637363806;0;0.00180928683322974;0.00792297517113133;0;4
"Aggr";83;"Coleoptera";1.33333333333333;0.333333333333333;1;2;1;1;0.0274746674161728;0.000340610501267615;0;4.21365057701231e-05;0.0348855079426957;0;2
"Aggr";84;"Colias_croceus";2;1;1;2;1;1;0.0754778962130685;2.77232284102743e-12;0;0;9.47243651628986e-06;0;2
"Aggr";85;"Curculionidae";1.83333333333333;0.833333333333333;1;4;2;2;0.0417789182890732;0.000805664334445848;0;0.000136563781332166;0.0412566003025351;0;4
"Aggr";86;"Dilophus_sp.";35.9416666666667;30.9416666666667;5;78;39;39;1;1;0;1;1;0;4
"Aggr";87;"Diptera";1.25;0.25;1;2;1;1;0.0190741213289582;0.00379908852025297;0;0.00677655515243086;0.21655082334972;0;2
"Aggr";88;"Empididae";2.11666666666667;1.11666666666667;1;8;4;4;0.0430987693390964;0.0119576869156407;0;0.0217527038720608;0.170401033034408;0;4
"Aggr";89;"Eucera_sp.";4.9;3.9;1;10;5;5;0.325504090820481;0.140757803761591;0;0.00331927269476174;0.0176035705039997;0;4
"Aggr";90;"Eupeodes_corollae";2.75;0.75;2;4;2;2;0.0349576592643528;0.00492399796179587;0;0.00693716185163127;0.259980020481605;0;4
"Aggr";91;"Lasiocampa_trifolii";4.45;3.45;1;12;6;6;0.22947148016072;0.0708855971120962;0;0.00165473839713319;0.0118233136746291;0;4
"Aggr";92;"Malachius_bipustulatus";1.2;0.2;1;2;1;1;0.0232157104929582;0.0061263180870142;0;0.00150128283643923;0.0655952426385198;0;2
"Aggr";93;"Melanostoma_sp.";1.5;0.5;1;2;1;1;0.0365689241728677;0.0155596754825836;0;0.0090970535550482;0.155601157305687;0;2
"Aggr";94;"Mordellidae";6.03333333333333;4.03333333333333;2;12;6;6;0.236600531879937;0.0411834752357955;0;0.00930970602467238;0.0791962080554825;0;4
"Aggr";95;"Musca_sp.";4.86666666666667;1.86666666666667;3;8;4;4;0.096392619198917;0.0453456933371327;0;0.0156923723419523;0.446086169456746;0;4
"Aggr";96;"Odontomyia_sp.";10.1238095238095;7.12380952380952;3;18;9;9;0.323530216775331;0.0138252273494535;0;0.000394631637271195;0.0261861985596202;0;4
"Aggr";97;"Psilothrix_viridicoerulea";7.47619047619048;5.47619047619048;2;22;11;11;0.200749620799462;0.0404088970540179;0;0.0142392250094076;0.0556907937725491;0;4
"Aggr";98;"Scaeva_sp.";1.25;0.25;1;2;1;1;0.0206758383361236;0.00274851015782696;0;0.00456683956745509;0.156669429119372;0;2
"Aggr";99;"Sphaerophoria_scripta";7.96666666666667;6.96666666666667;1;26;13;13;0.251414254335033;0.0516258478742303;0;0.0108380973605779;0.0408372381352633;0;4
"Aggr";100;"Ulidiidae";1.525;0.525;1;4;2;2;0.0305368675577721;0.00898115238080678;0;0.00983877118050103;0.170645878186629;0;4
