"Layer";"Node";"Label";"Strength";"StrengthIn";"StrengthOut";"Degree";"DegreeIn";"DegreeOut";"PageRank";"Eigenvector";"Hub";"Authority";"Katz";"Multiplexity";"Kcore"
"1-Multi";1;"4 A1 LEMA";1.35087719298246;0.350877192982456;1;4;2;2;0.0387805268130573;0.000375431763569807;0.508375105791337;4.05011578402986e-09;0.00146805879487558;0.333333333333333;4
"1-Multi";2;"4 A2 CHFU";1.7;0.7;1;4;2;2;0.0704584083617928;0.00429169875693911;0.000492041196080189;0.000527070824642355;0.00285401266337414;0.333333333333333;2
"1-Multi";3;"4 A2 LEMA";1.80987795575896;0.809877955758963;1;8;4;4;0.0802150898579379;0.00283570018760453;0.367439708595409;7.12072294200556e-08;0.00244966416108722;0.333333333333333;4
"1-Multi";4;"4 A5 CHFU";1.25;0.25;1;2;1;1;0.0356977601192592;0.0461950657298441;0.00168060471618923;0.00025717295950785;0.174497545353816;0.333333333333333;2
"1-Multi";5;"4 A6 CHFU";1.25;0.25;1;2;1;1;0.0356977601228117;0.0461950657298449;0.00168060471618922;0.00025717295950785;0.174497545353816;0.333333333333333;2
"1-Multi";6;"4 B1 CHFU";1.5;0.5;1;4;2;2;0.103297854521295;0.00288565959344365;9.32101722558133e-06;0.0130335190001678;0.000828631195670905;0.333333333333333;4
"1-Multi";7;"4 B2 CHFU";1.1;0.1;1;2;1;1;0.0387120675582429;0.000165418369651324;2.53540222776242e-05;8.57131912817032e-06;0.000352239697353851;0.333333333333333;2
"1-Multi";8;"4 B2 LEMA";1.18281499202552;0.182814992025518;1;6;3;3;0.0442173702095707;0.00195205787537929;0.565232196897815;9.98749709343454e-06;0.00382764204563158;0.333333333333333;6
"1-Multi";9;"4 B4 LEMA";1.25;0.25;1;2;1;1;0.0332626764330069;0.00197490308473958;0.0300240108092562;1.98670390247185e-05;0.00782759806618607;0.333333333333333;2
"1-Multi";10;"4 B4 ME";2;1;1;2;1;1;0.0525036146379097;0.0086482132204004;0.00083165949659873;0.00154952990668394;0.0100033544736336;0.333333333333333;2
"1-Multi";11;"4 B5 CHFU";1.45;0.45;1;4;2;2;0.101905728639937;0.00354680986916203;2.08546096245913e-05;0.0133976444047399;0.00167279919874758;0.333333333333333;4
"1-Multi";12;"4 B6 CHFU";1.15;0.15;1;4;2;2;0.0523061363978514;0.000991987015029263;4.26544108759782e-05;0.000381268042828445;0.00161849170196886;0.333333333333333;4
"1-Multi";13;"4 B6 LEMA";1.03508771929825;0.0350877192982456;1;2;1;1;0.0334319259694666;0.000583954411202003;1;6.67287069612131e-09;0.00228548857536365;0.333333333333333;2
"1-Multi";14;"4 C1 LEMA";1.02272727272727;0.0227272727272727;1;2;1;1;0.0297429152818916;0.00038065192181285;0.230904776782005;4.73047103926516e-08;0.00291199296561295;0.333333333333333;2
"1-Multi";15;"4 C2 CHFU";1.43333333333333;0.433333333333333;1;4;2;2;0.0722365076866954;0.000308479679270768;5.30644955040981e-06;7.98265297716655e-05;0.000194960822740748;0.333333333333333;4
"1-Multi";16;"4 C2 LEMA";1.68281499202552;0.682814992025518;1;8;4;4;0.0527885100939376;0.00250338980925251;0.453578568166351;1.02905862798624e-05;0.00390196482177846;0.333333333333333;6
"1-Multi";17;"4 C3 LEMA";1.01754385964912;0.0175438596491228;1;2;1;1;0.0285788994021852;0.000291977205595313;1;3.33643535368383e-09;0.00228548857536365;0.333333333333333;2
"1-Multi";18;"4 C4 LEMA";1.29128527841342;0.291285278413425;1;8;4;4;0.0482848172192681;0.00218168313097922;0.25899346447828;9.96527851348766e-06;0.00347700109255792;0.333333333333333;6
"1-Multi";19;"4 C5 CHFU";1.08333333333333;0.0833333333333333;1;2;1;1;0.0321069828691595;3.57653274035793e-05;2.94556368591781e-07;1.7813802660883e-05;0.000155641104087472;0.333333333333333;2
"1-Multi";20;"4 C5 LEMA";1.05263157894737;0.0526315789473684;1;2;1;1;0.0285694056266441;0.000294187897294274;0.0966215208239152;1.15368737885718e-08;0.00240688928851225;0.333333333333333;2
"1-Multi";21;"4 C6 LEMA";1.02272727272727;0.0227272727272727;1;2;1;1;0.029742915277221;0.000380651921812575;0.230904776782005;4.73047103928533e-08;0.00291199296561295;0.333333333333333;2
"1-Multi";22;"4 D2 LEMA";1.01754385964912;0.0175438596491228;1;2;1;1;0.0285788994052485;0.000291977205596439;1;3.33643535168532e-09;0.00228548857536365;0.333333333333333;2
"1-Multi";23;"4 D5 LEMA";1.58333333333333;0.583333333333333;1;4;2;2;0.0446542083536506;0.000704254217176459;0.010078148810711;3.98026505121821e-08;0.0026789753734163;0.333333333333333;4
"1-Multi";24;"4 D6 CHFU";1.1;0.1;1;2;1;1;0.0387120675541046;0.000165418369660904;2.53540222775889e-05;8.57131912817072e-06;0.000352239697353851;0.333333333333333;2
"1-Multi";25;"4 E1 LEMA";1.16429165799875;0.164291657998752;1;6;3;3;0.0615865303128125;0.00233176597064613;0.537773514325761;1.5727225541125e-07;0.00257865498102074;0.333333333333333;6
"1-Multi";26;"4 E2 LEMA";1.07017543859649;0.0701754385964912;1;4;2;2;0.0334224321920362;0.000586165102893231;0.548310760411957;1.48733091309939e-08;0.00234618893193795;0.333333333333333;4
"1-Multi";27;"4 E4 LEMA";1.23865369946606;0.238653699466056;1;8;4;4;0.0444067822474329;0.0215396044813001;0.299725139055016;1.10291479921452e-05;0.0407741805318977;0.333333333333333;6
"1-Multi";28;"4 E5 CHFU";1.1;0.1;1;2;1;1;0.0387120675607718;0.000165418369657904;2.53540222775967e-05;8.57131912816871e-06;0.000352239697353851;0.333333333333333;2
"1-Multi";29;"4 E5 LEMA";1.25;0.25;1;2;1;1;0.0344525809529963;0.000620799659204486;0.00340608603874658;3.90889700792628e-08;0.00470732173244509;0.333333333333333;2
"1-Multi";30;"4 F1 LEMA";1.19517543859649;0.195175438596491;1;6;3;3;0.0381908339848245;0.00157361664526364;0.37554851054439;9.94839282148789e-06;0.00417332531002066;0.333333333333333;6
"1-Multi";31;"4 F2 LEMA";1.2;0.2;1;2;1;1;0.0399149841668473;6.60885474730673e-05;0.0064276572941044;2.12617950516159e-09;0.000313143485407818;0.333333333333333;2
"1-Multi";32;"4 F3 LEMA";1.01754385964912;0.0175438596491228;1;2;1;1;0.0285788993997721;0.000291977205600448;1;3.33643535314584e-09;0.00228548857536365;0.333333333333333;2
"1-Multi";33;"4 F4 CHFU";1.2;0.2;1;2;1;1;0.0560187663182995;0.00136012061189267;1.30451469967841e-06;0.00651247384051982;0.00106682694482943;0.333333333333333;2
"1-Multi";34;"4 F4 LEMA";1.03508771929825;0.0350877192982456;1;2;1;1;0.0334319259761511;0.000583954411195522;1;6.67287069707792e-09;0.00228548857536365;0.333333333333333;2
"1-Multi";35;"4 F5 CHFU";1.25;0.25;1;4;2;2;0.0672923311195566;0.00115740538468785;3.68876146765579e-05;0.000389839361956605;0.00119640770043052;0.333333333333333;4
"1-Multi";36;"4 F6 LEMA";1.68421052631579;0.684210526315789;1;4;2;2;0.0463601973000541;0.000406763725385313;0.342591545639052;8.67301799393195e-09;0.00106306567524527;0.333333333333333;4
"1-Multi";37;"5 A1 CHFU";1.05;0.05;1;2;1;1;0.037319941676116;0.00082656864537426;5.99547994744077e-05;0.000372696723700284;0.00288474370658387;0.333333333333333;2
"1-Multi";38;"5 A1 LEMA";1.41847826086957;0.418478260869565;1;6;3;3;0.0454369310075283;0.021574239037604;0.0352283738116316;1.10533636530907e-05;0.0543705553320533;0.333333333333333;4
"1-Multi";39;"5 A2 LEMA";1.46052631578947;0.460526315789474;1;4;2;2;0.0508067317510683;0.00124860203191304;0.0799828789662063;4.69079933345739e-08;0.00204006064878307;0.333333333333333;4
"1-Multi";40;"5 A3 CHFU";2.1;1.1;1;4;2;2;0.103881337568056;0.00396170512886092;3.04652018923136e-05;0.00405387162471601;0.00212846231705245;0.333333333333333;2
"1-Multi";41;"5 A3 LEMA";1.2;0.2;1;2;1;1;0.0399149841734537;6.60885474675417e-05;0.00642765729410444;2.12617950529771e-09;0.000313143485407818;0.333333333333333;2
"1-Multi";42;"5 A4 CHFU";1.1;0.1;1;2;1;1;0.0509140105153415;0.00165313729075087;5.99547994743892e-05;0.00074539344740056;0.00288474370658387;0.333333333333333;2
"1-Multi";43;"5 A4 LEMA";1.04347826086957;0.0434782608695652;1;2;1;1;0.0289763232865548;0.000313878588407162;0.0717002699343137;5.34881822842002e-09;0.00245814024421537;0.333333333333333;2
"1-Multi";44;"5 A5 CHFU";1.1;0.1;1;2;1;1;0.0509140105182032;0.00165313729074839;5.99547994744176e-05;0.00074539344740056;0.00288474370658387;0.333333333333333;2
"1-Multi";45;"5 A6 LEMA";1.01754385964912;0.0175438596491228;1;2;1;1;0.0285788993996067;0.00029197720560331;1;3.33643535294133e-09;0.00228548857536365;0.333333333333333;2
"1-Multi";46;"5 B1 CHFU";1.05;0.05;1;2;1;1;0.037319941680051;0.000826568645368185;5.99547994744257e-05;0.000372696723700283;0.00288474370658387;0.333333333333333;2
"1-Multi";47;"5 B2 CHFU";1.3;0.3;1;4;2;2;0.0492918289635308;0.0470216343752187;0.000870279757831839;0.000629869683208126;0.0886911445301997;0.333333333333333;2
"1-Multi";48;"5 B2 LEMA";1.16008771929825;0.160087719298246;1;4;2;2;0.0391658255733932;0.0212235152011915;0.676859588487278;1.10155987354879e-05;0.0535057270567422;0.333333333333333;4
"1-Multi";49;"5 B3 CHFU";1.25;0.25;1;2;1;1;0.0356977601232725;0.0461950657298421;0.00168060471618924;0.00025717295950785;0.174497545353816;0.333333333333333;2
"1-Multi";50;"5 B4 LEMA";1.03508771929825;0.0350877192982456;1;2;1;1;0.0334319259726358;0.000583954411195578;1;6.67287069684203e-09;0.00228548857536365;0.333333333333333;2
"1-Multi";51;"5 B5 LEMA";1.01754385964912;0.0175438596491228;1;2;1;1;0.0285788994067278;0.00029197720559517;1;3.33643535397885e-09;0.00228548857536365;0.333333333333333;2
"1-Multi";52;"5 C1 LEMA";1.09290271132376;0.092902711323764;1;6;3;3;0.0394394746293162;0.000966817024712233;0.44250876586864;6.21780195162143e-08;0.00253479027649628;0.333333333333333;6
"1-Multi";53;"5 C3 CHFU";2;1;1;2;1;1;0.0685414104156532;0;0;0;9.46592147763768e-06;0.333333333333333;2
"1-Multi";54;"5 C3 LEMA";1.01754385964912;0.0175438596491228;1;2;1;1;0.0285788994068107;0.000291977205597496;1;3.33643535288059e-09;0.00228548857536365;0.333333333333333;2
"1-Multi";55;"5 C4 CHFU";1.05;0.05;1;2;1;1;0.0373199416769695;0.000826568645371295;5.9954799474434e-05;0.000372696723700285;0.00288474370658387;0.333333333333333;2
"1-Multi";56;"5 C4 LEMA";1.0402711323764;0.0402711323763955;1;4;2;2;0.034595941848415;0.00067262912741435;0.615452388391003;5.06411457366439e-08;0.0025987407704883;0.333333333333333;4
"1-Multi";57;"5 C5 LEMA";1.06818181818182;0.0681818181818182;1;2;1;1;0.0417770001592744;0.0011419557654403;0.230904776782005;1.41914131161044e-07;0.00291199296561295;0.333333333333333;2
"1-Multi";58;"5 D1 CHFU";1.08333333333333;0.0833333333333333;1;2;1;1;0.0321069828641702;3.57653274091572e-05;2.94556368580403e-07;1.78138026608848e-05;0.000155641104087472;0.333333333333333;2
"1-Multi";59;"5 D1 LEMA";2.5761736356702;1.5761736356702;1;10;5;5;0.10281676481507;0.00380123033173539;0.244496933748831;4.12837522532231e-07;0.00243424802253158;0.333333333333333;6
"1-Multi";60;"5 D2 CHFU";1.1;0.1;1;2;1;1;0.0509140105192705;0.00165313729074087;5.99547994744129e-05;0.000745393447400561;0.00288474370658387;0.333333333333333;2
"1-Multi";61;"5 D2 LEMA";1.27272727272727;0.272727272727273;1;4;2;2;0.0412107144804276;0.0416597735018121;0.0973541025685581;2.20651564399778e-05;0.104934800334871;0.333333333333333;4
"1-Multi";62;"5 D4 LEMA";1.01754385964912;0.0175438596491228;1;2;1;1;0.0285788994039378;0.000291977205596417;1;3.33643535227435e-09;0.00228548857536365;0.333333333333333;2
"1-Multi";63;"5 D5 CHFU";1.05;0.05;1;2;1;1;0.0373199416769204;0.000826568645372998;5.99547994744562e-05;0.000372696723700285;0.00288474370658387;0.333333333333333;2
"1-Multi";64;"5 D5 LEMA";1.125;0.125;1;2;1;1;0.0294597724417282;0.0206395607899976;0.0305787654618344;1.10089258648015e-05;0.155946204019499;0.333333333333333;2
"1-Multi";65;"5 E1 CHFU";1.58333333333333;0.583333333333333;1;4;2;2;0.0640477952052303;0.00136653191970778;3.78927549941427e-07;0.00120025434654455;0.000613000509607056;0.333333333333333;4
"1-Multi";66;"5 E1 LEMA";1.29326156299841;0.293261562998405;1;8;4;4;0.0657494963779719;0.0228629613533174;0.57362622998122;1.11284179007247e-05;0.0216648791925865;0.333333333333333;6
"1-Multi";67;"5 E5 LEMA";1.04347826086957;0.0434782608695652;1;2;1;1;0.0289763232835135;0.00031387858841158;0.0717002699343137;5.34881822792731e-09;0.00245814024421537;0.333333333333333;2
"1-Multi";68;"5 F1 LEMA";1.01754385964912;0.0175438596491228;1;2;1;1;0.0285788994042406;0.000291977205601906;0.999999999999999;3.33643535310862e-09;0.00228548857536365;0.333333333333333;2
"1-Multi";69;"5 F4 LEMA";1.08695652173913;0.0869565217391304;1;2;1;1;0.0342267737320808;0.000627757176815861;0.0717002699343137;1.06976364479917e-08;0.00245814024421537;0.333333333333333;2
"1-Multi";70;"5 F5 CHFU";1.05;0.05;1;2;1;1;0.0373199416779205;0.000826568645368192;5.99547994745114e-05;0.000372696723700284;0.00288474370658387;0.333333333333333;2
"1-Multi";71;"5 F6 CHFU";2.08333333333333;1.08333333333333;1;4;2;2;0.0703482081252271;4.67081082553856e-05;6.10940063958103e-08;1.88670386343565e-05;4.76454935757072e-05;0.333333333333333;2
"1-Multi";72;"6 A1 LEMA";1.09808612440191;0.0980861244019139;1;4;2;2;0.0503190374252992;0.00163723546042047;0.692361910712802;1.04618726808296e-07;0.00253609033146337;0.333333333333333;4
"1-Multi";73;"6 A2 CHFU";1.55;0.55;1;4;2;2;0.056892750793544;0.00101542413512989;3.05956045893343e-05;0.000400374171092542;0.00167639004323124;0.333333333333333;4
"1-Multi";74;"6 A3 CHFU";2.05;1.05;1;6;3;3;0.0888335631297125;0.00234619072743446;2.05515026366474e-05;0.00158281471497621;0.00147438000052971;0.333333333333333;4
"1-Multi";75;"6 A3 LEMA";1.22272727272727;0.222727272727273;1;4;2;2;0.0459320266095979;0.000446740469285489;0.118666217038055;4.9430889890227e-08;0.00161256822551038;0.333333333333333;4
"1-Multi";76;"6 A4 LEMA";1.07535885167464;0.0753588516746412;1;4;2;2;0.0345864480612403;0.000674839819115313;0.16376314880296;5.88415841723291e-08;0.0026594411270626;0.333333333333333;4
"1-Multi";77;"6 A5 CHFU";2;1;1;2;1;1;0.0473181252804707;3.70679275427969e-05;3.72763432922787e-09;0.000132440423130858;0.00029690671001799;0.333333333333333;2
"1-Multi";78;"6 A6 CHFU";1.05;0.05;1;2;1;1;0.0373199416783089;0.000826568645367938;5.99547994744936e-05;0.000372696723700284;0.00288474370658387;0.333333333333333;2
"1-Multi";79;"6 A6 LEMA";1.02272727272727;0.0227272727272727;1;2;1;1;0.0297429152785094;0.000380651921809585;0.230904776782006;4.73047103925569e-08;0.00291199296561295;0.333333333333333;2
"1-Multi";80;"6 B1 LEMA";1.26620553359684;0.266205533596838;1;6;3;3;0.0511824770595478;0.000760619057691837;0.103010901336808;5.47797081092678e-08;0.00189442556507871;0.333333333333333;4
"1-Multi";81;"6 B2 LEMA";1.04347826086957;0.0434782608695652;1;2;1;1;0.0289763232839537;0.000313878588408291;0.0717002699343137;5.34881822830583e-09;0.00245814024421537;0.333333333333333;2
"1-Multi";82;"6 B3 CHFU";2.33333333333333;1.33333333333333;1;4;2;2;0.0792491629853711;0.000158537188959983;1.97596540715349e-07;7.54681545374042e-05;0.000117457627878583;0.333333333333333;2
"1-Multi";83;"6 B3 LEMA";2.10647666597323;1.10647666597323;1;8;4;4;0.0733804843104034;0.00160168673042256;0.194401805743045;1.09401942336495e-07;0.00155146806116726;0.333333333333333;6
"1-Multi";84;"6 B4 LEMA";1.7841082449206;0.784108244920602;1;12;6;6;0.0650120070095517;0.0228522402587993;0.238239166146367;1.14268465993399e-05;0.0247314234264547;0.333333333333333;6
"1-Multi";85;"6 B5 LEMA";1.02272727272727;0.0227272727272727;1;2;1;1;0.0297429152747638;0.000380651921815954;0.230904776782005;4.73047103920023e-08;0.00291199296561295;0.333333333333333;2
"1-Multi";86;"6 B6 LEMA";1.07017543859649;0.0701754385964912;1;2;1;1;0.0431379791085236;0.00116790882239586;1;1.33457413837846e-08;0.00228548857536365;0.333333333333333;2
"1-Multi";87;"6 C1 LEMA";2.33054226475279;1.33054226475279;1;8;4;4;0.0688029675659103;0.00150187536196214;0.413192983625264;1.08201980351101e-07;0.00193863890464969;0.333333333333333;4
"1-Multi";88;"6 C3 LEMA";1.04347826086957;0.0434782608695652;1;2;1;1;0.0289763232814252;0.00031387858841214;0.0717002699343137;5.34881822905417e-09;0.00245814024421537;0.333333333333333;2
"1-Multi";89;"6 C4 LEMA";1.29545454545455;0.295454545454545;1;4;2;2;0.0452967613119258;0.00273620692836688;0.130464393795631;1.99616484454851e-05;0.00536979551589951;0.333333333333333;4
"1-Multi";90;"6 C6 LEMA";1.07017543859649;0.0701754385964912;1;4;2;2;0.0334224321837554;0.00058616510290055;0.548310760411957;1.48733091310163e-08;0.00234618893193795;0.333333333333333;4
"1-Multi";91;"6 D1 LEMA";1.11562998405104;0.115629984051037;1;6;3;3;0.0454565170728656;0.00134746894652327;0.389607768596981;1.09482729901245e-07;0.00262909094877545;0.333333333333333;6
"1-Multi";92;"6 D2 LEMA";1.5;0.5;1;2;1;1;0.0377882449697863;4.83279208501499e-05;0.00442410336002433;2.96206991627491e-10;0.00039361831911505;0.333333333333333;2
"1-Multi";93;"6 D3 LEMA";1.61365369946606;0.613653699466056;1;8;4;4;0.0527352547793762;0.000948371612147736;0.293186473529563;2.05183343338679e-08;0.00188603410680158;0.333333333333333;6
"1-Multi";94;"6 D4 LEMA";1.02272727272727;0.0227272727272727;1;2;1;1;0.0297429152735077;0.000380651921816059;0.230904776782005;4.73047103929561e-08;0.00291199296561295;0.333333333333333;2
"1-Multi";95;"6 D5 LEMA";1.2902711323764;0.290271132376396;1;6;3;3;0.0423026696287915;0.000744479570127315;0.414777696105792;5.14016439417502e-08;0.00192340921028099;0.333333333333333;4
"1-Multi";96;"6 D6 LEMA";1.2;0.2;1;2;1;1;0.0399149841670477;6.60885474710267e-05;0.00642765729410439;2.1261795052709e-09;0.000313143485407818;0.333333333333333;2
"1-Multi";97;"6 E1 LEMA";1.33695652173913;0.33695652173913;1;4;2;2;0.0419335015208308;0.000699607619527602;0.0522762838013329;1.14581346527043e-08;0.00182967552609904;0.333333333333333;4
"1-Multi";98;"6 E2 LEMA";1.05263157894737;0.0526315789473684;1;2;1;1;0.0285694056169357;0.000294187897300474;0.0966215208239151;1.15368737887506e-08;0.00240688928851225;0.333333333333333;2
"1-Multi";99;"6 E3 CHFU";2;1;1;2;1;1;0.0544668593119198;4.22669897168078e-05;3.5853791613803e-10;0.00014947057207926;0.000178618333092637;0.333333333333333;2
"1-Multi";100;"6 E5 ME";2;1;1;2;1;1;0.0594024769965844;0.191259551087359;0.000844852210355781;0.00158943626826949;0.210727523654401;0.333333333333333;2
"1-Multi";101;"6 F2 CHFU";1.5;0.5;1;2;1;1;0.0404860189092772;0.00396086201763105;0.0014254155436853;0.000509928186386036;0.00785755859541472;0.333333333333333;2
"1-Multi";102;"6 F2 LEMA";1.01754385964912;0.0175438596491228;1;2;1;1;0.0285788994075107;0.000291977205595869;1;3.33643535383529e-09;0.00228548857536365;0.333333333333333;2
"1-Multi";103;"6 F3 LEMA";1.02272727272727;0.0227272727272727;1;2;1;1;0.0297429152761075;0.00038065192181639;0.230904776782005;4.73047103902331e-08;0.00291199296561295;0.333333333333333;2
"1-Multi";104;"6 F4 LEMA";1.07535885167464;0.0753588516746412;1;4;2;2;0.0345864480640015;0.000674839819113998;0.16376314880296;5.88415841754618e-08;0.0026594411270626;0.333333333333333;4
"1-Multi";105;"6 F5 LEMA";1.07856598016781;0.0785659801678108;1;4;2;2;0.0386823764211444;0.000897832999610621;0.690566756644771;1.20216889150005e-08;0.00234303913164756;0.333333333333333;4
"1-Multi";106;"6 F6 LEMA";1.04347826086957;0.0434782608695652;1;2;1;1;0.0289763232849575;0.000313878588408612;0.0717002699343136;5.34881822845054e-09;0.00245814024421537;0.333333333333333;2
"1-Multi";107;"Andrena_cinerea";16.2928571428571;9.05476190476191;7.23809523809524;30;15;15;0.283002456872679;0.045217157371783;0.0474500543330905;0.0322810437384438;0.0474324766052542;1;6
"1-Multi";108;"Bruchidae";1.83333333333333;0.833333333333333;1;4;2;2;0.061870917097651;0.000697970215426388;0.000991595736583963;1.23640809112101e-06;0.000856864434392652;0.333333333333333;4
"1-Multi";109;"Cantharidae";5.45238095238095;2.30952380952381;3.14285714285714;8;4;4;0.0804207747627311;0.000225137528455061;0.00237257187221506;0.00392003526609196;0.00175305471901935;0.666666666666667;2
"1-Multi";110;"Chrysotoxum_sp.";1.34285714285714;0.342857142857143;1;4;2;2;0.0359846365375387;0.00203760700386553;1.08587306050589e-05;0.00696404415579556;0.00775183517908044;0.333333333333333;4
"1-Multi";111;"Coleoptera";2.03333333333333;1.03333333333333;1;8;4;4;0.0520842028026237;0.000531088283925524;5.44925093285311e-08;0.0134282940179642;0.00105035891469735;0.333333333333333;4
"1-Multi";112;"Dilophus_sp.";30.6833333333333;27.5404761904762;3.14285714285714;88;44;44;1;0.0614980504655174;0.133562778658382;0.230964430284985;0.0106890202815042;0.666666666666667;6
"1-Multi";113;"Diptera";12.2857142857143;9.14285714285714;3.14285714285714;26;13;13;0.343489741481061;0.00140371028791931;0.00382946497555977;0.0064279434651259;0.000843426024283477;0.666666666666667;4
"1-Multi";114;"Empididae";6.36666666666667;5.36666666666667;1;16;8;8;0.192125421691629;0.00305675771615441;0.00153541679330637;2.53539892028188e-05;0.000642882188536387;0.333333333333333;4
"1-Multi";115;"Episyrphus_balteatus";2;1;1;2;1;1;0.0685414104156402;0;0;0;9.46592147763768e-06;0.333333333333333;2
"1-Multi";116;"Eristalis_sp.";1.5;0.5;1;2;1;1;0.0481902480364456;0.00043338143265392;1.09402085190257e-07;0.00542614853301898;0.000843921749846171;0.333333333333333;2
"1-Multi";117;"Eucera_sp.";6.53571428571429;3.39285714285714;3.14285714285714;10;5;5;0.116736025658185;0.000256714799968148;0.00267754044210003;0.00442409794726113;0.00103459648128623;0.666666666666667;2
"1-Multi";118;"Eupeodes_corollae";18.827380952381;11.5892857142857;7.23809523809524;36;18;18;0.364050960225697;1;0.0484773010607273;0.0331041792034905;1;1;6
"1-Multi";119;"Lomatia_sp.";1.33333333333333;0.333333333333333;1;2;1;1;0.0416982485915175;2.85977995614751e-05;7.54682529869365e-05;3.67688004814517e-09;6.79057293756156e-05;0.333333333333333;2
"1-Multi";120;"Malachius_bipustulatus";1.08333333333333;0.0833333333333333;1;2;1;1;0.0298883385752641;0.000171421645252452;4.12838061321415e-07;0.00113740085328085;0.00132163891052124;0.333333333333333;2
"1-Multi";121;"Meligethes_sp.";14.4242063492063;11.2813492063492;3.14285714285714;44;22;22;0.349263554611646;0.0182585709747855;0.0423653229256446;0.071700639698506;0.00649751554603775;0.666666666666667;6
"1-Multi";122;"Mordellidae";1.75;0.75;1;4;2;2;0.0471960095353447;0.000318170147067303;1.43394706790392e-07;0.0138873003423913;0.000826961213260532;0.333333333333333;4
"1-Multi";123;"Nemotelus_sp.";2.94444444444444;1.94444444444444;1;8;4;4;0.0662958749740407;0.00458869024592705;2.80086927966334e-06;0.00340608159546291;0.00869069681014946;0.333333333333333;4
"1-Multi";124;"Odontomyia_sp.";2.11111111111111;1.11111111111111;1;6;3;3;0.0518229923586581;0.000462645771225609;3.83533820097888e-08;0.0167501897318065;0.00119427981760684;0.333333333333333;4
"1-Multi";125;"Psilothrix_viridicoerulea";28.6821428571429;25.5392857142857;3.14285714285714;84;42;42;0.817817330128848;0.0433207629006592;0.583306953767736;1;0.00617194158356779;0.666666666666667;6
"1-Multi";126;"Scaeva_sp.";1.8;0.8;1;2;1;1;0.0608069253197776;2.02211096424362e-05;1.88670632469088e-05;2.72841213342494e-09;3.01268308511249e-05;0.333333333333333;2
"1-Multi";127;"Sphaerophoria_scripta";11.6702380952381;8.52738095238095;3.14285714285714;36;18;18;0.275965590638993;0.0145949291951932;0.0592701011601807;0.0966223703829225;0.00696054732126725;0.666666666666667;6
"2-Multi";1;"4 A1 LEMA";1.35087719298246;0.350877192982456;1;4;2;2;0.0387805268130573;0.000375431763569807;0.508375105791337;4.05011578402986e-09;0.00146805879487558;0.333333333333333;4
"2-Multi";2;"4 A2 CHFU";1.7;0.7;1;4;2;2;0.0704584083617928;0.00429169875693911;0.000492041196080189;0.000527070824642355;0.00285401266337414;0.333333333333333;2
"2-Multi";3;"4 A2 LEMA";1.80987795575896;0.809877955758963;1;8;4;4;0.0802150898579379;0.00283570018760453;0.367439708595409;7.12072294200556e-08;0.00244966416108722;0.333333333333333;4
"2-Multi";4;"4 A5 CHFU";1.25;0.25;1;2;1;1;0.0356977601192592;0.0461950657298441;0.00168060471618923;0.00025717295950785;0.174497545353816;0.333333333333333;2
"2-Multi";5;"4 A6 CHFU";1.25;0.25;1;2;1;1;0.0356977601228117;0.0461950657298449;0.00168060471618922;0.00025717295950785;0.174497545353816;0.333333333333333;2
"2-Multi";6;"4 B1 CHFU";1.5;0.5;1;4;2;2;0.103297854521295;0.00288565959344365;9.32101722558133e-06;0.0130335190001678;0.000828631195670905;0.333333333333333;4
"2-Multi";7;"4 B2 CHFU";1.1;0.1;1;2;1;1;0.0387120675582429;0.000165418369651324;2.53540222776242e-05;8.57131912817032e-06;0.000352239697353851;0.333333333333333;2
"2-Multi";8;"4 B2 LEMA";1.18281499202552;0.182814992025518;1;6;3;3;0.0442173702095707;0.00195205787537929;0.565232196897815;9.98749709343454e-06;0.00382764204563158;0.333333333333333;6
"2-Multi";9;"4 B4 LEMA";1.25;0.25;1;2;1;1;0.0332626764330069;0.00197490308473958;0.0300240108092562;1.98670390247185e-05;0.00782759806618607;0.333333333333333;2
"2-Multi";10;"4 B4 ME";2;1;1;2;1;1;0.0525036146379097;0.0086482132204004;0.00083165949659873;0.00154952990668394;0.0100033544736336;0.333333333333333;2
"2-Multi";11;"4 B5 CHFU";1.45;0.45;1;4;2;2;0.101905728639937;0.00354680986916203;2.08546096245913e-05;0.0133976444047399;0.00167279919874758;0.333333333333333;4
"2-Multi";12;"4 B6 CHFU";1.15;0.15;1;4;2;2;0.0523061363978514;0.000991987015029263;4.26544108759782e-05;0.000381268042828445;0.00161849170196886;0.333333333333333;4
"2-Multi";13;"4 B6 LEMA";1.03508771929825;0.0350877192982456;1;2;1;1;0.0334319259694666;0.000583954411202003;1;6.67287069612131e-09;0.00228548857536365;0.333333333333333;2
"2-Multi";14;"4 C1 LEMA";1.02272727272727;0.0227272727272727;1;2;1;1;0.0297429152818916;0.00038065192181285;0.230904776782005;4.73047103926516e-08;0.00291199296561295;0.333333333333333;2
"2-Multi";15;"4 C2 CHFU";1.43333333333333;0.433333333333333;1;4;2;2;0.0722365076866954;0.000308479679270768;5.30644955040981e-06;7.98265297716655e-05;0.000194960822740748;0.333333333333333;4
"2-Multi";16;"4 C2 LEMA";1.68281499202552;0.682814992025518;1;8;4;4;0.0527885100939376;0.00250338980925251;0.453578568166351;1.02905862798624e-05;0.00390196482177846;0.333333333333333;6
"2-Multi";17;"4 C3 LEMA";1.01754385964912;0.0175438596491228;1;2;1;1;0.0285788994021852;0.000291977205595313;1;3.33643535368383e-09;0.00228548857536365;0.333333333333333;2
"2-Multi";18;"4 C4 LEMA";1.29128527841342;0.291285278413425;1;8;4;4;0.0482848172192681;0.00218168313097922;0.25899346447828;9.96527851348766e-06;0.00347700109255792;0.333333333333333;6
"2-Multi";19;"4 C5 CHFU";1.08333333333333;0.0833333333333333;1;2;1;1;0.0321069828691595;3.57653274035793e-05;2.94556368591781e-07;1.7813802660883e-05;0.000155641104087472;0.333333333333333;2
"2-Multi";20;"4 C5 LEMA";1.05263157894737;0.0526315789473684;1;2;1;1;0.0285694056266441;0.000294187897294274;0.0966215208239152;1.15368737885718e-08;0.00240688928851225;0.333333333333333;2
"2-Multi";21;"4 C6 LEMA";1.02272727272727;0.0227272727272727;1;2;1;1;0.029742915277221;0.000380651921812575;0.230904776782005;4.73047103928533e-08;0.00291199296561295;0.333333333333333;2
"2-Multi";22;"4 D2 LEMA";1.01754385964912;0.0175438596491228;1;2;1;1;0.0285788994052485;0.000291977205596439;1;3.33643535168532e-09;0.00228548857536365;0.333333333333333;2
"2-Multi";23;"4 D5 LEMA";1.58333333333333;0.583333333333333;1;4;2;2;0.0446542083536506;0.000704254217176459;0.010078148810711;3.98026505121821e-08;0.0026789753734163;0.333333333333333;4
"2-Multi";24;"4 D6 CHFU";1.1;0.1;1;2;1;1;0.0387120675541046;0.000165418369660904;2.53540222775889e-05;8.57131912817072e-06;0.000352239697353851;0.333333333333333;2
"2-Multi";25;"4 E1 LEMA";1.16429165799875;0.164291657998752;1;6;3;3;0.0615865303128125;0.00233176597064613;0.537773514325761;1.5727225541125e-07;0.00257865498102074;0.333333333333333;6
"2-Multi";26;"4 E2 LEMA";1.07017543859649;0.0701754385964912;1;4;2;2;0.0334224321920362;0.000586165102893231;0.548310760411957;1.48733091309939e-08;0.00234618893193795;0.333333333333333;4
"2-Multi";27;"4 E4 LEMA";1.23865369946606;0.238653699466056;1;8;4;4;0.0444067822474329;0.0215396044813001;0.299725139055016;1.10291479921452e-05;0.0407741805318977;0.333333333333333;6
"2-Multi";28;"4 E5 CHFU";1.1;0.1;1;2;1;1;0.0387120675607718;0.000165418369657904;2.53540222775967e-05;8.57131912816871e-06;0.000352239697353851;0.333333333333333;2
"2-Multi";29;"4 E5 LEMA";1.25;0.25;1;2;1;1;0.0344525809529963;0.000620799659204486;0.00340608603874658;3.90889700792628e-08;0.00470732173244509;0.333333333333333;2
"2-Multi";30;"4 F1 LEMA";1.19517543859649;0.195175438596491;1;6;3;3;0.0381908339848245;0.00157361664526364;0.37554851054439;9.94839282148789e-06;0.00417332531002066;0.333333333333333;6
"2-Multi";31;"4 F2 LEMA";1.2;0.2;1;2;1;1;0.0399149841668473;6.60885474730673e-05;0.0064276572941044;2.12617950516159e-09;0.000313143485407818;0.333333333333333;2
"2-Multi";32;"4 F3 LEMA";1.01754385964912;0.0175438596491228;1;2;1;1;0.0285788993997721;0.000291977205600448;1;3.33643535314584e-09;0.00228548857536365;0.333333333333333;2
"2-Multi";33;"4 F4 CHFU";1.2;0.2;1;2;1;1;0.0560187663182995;0.00136012061189267;1.30451469967841e-06;0.00651247384051982;0.00106682694482943;0.333333333333333;2
"2-Multi";34;"4 F4 LEMA";1.03508771929825;0.0350877192982456;1;2;1;1;0.0334319259761511;0.000583954411195522;1;6.67287069707792e-09;0.00228548857536365;0.333333333333333;2
"2-Multi";35;"4 F5 CHFU";1.25;0.25;1;4;2;2;0.0672923311195566;0.00115740538468785;3.68876146765579e-05;0.000389839361956605;0.00119640770043052;0.333333333333333;4
"2-Multi";36;"4 F6 LEMA";1.68421052631579;0.684210526315789;1;4;2;2;0.0463601973000541;0.000406763725385313;0.342591545639052;8.67301799393195e-09;0.00106306567524527;0.333333333333333;4
"2-Multi";37;"5 A1 CHFU";1.05;0.05;1;2;1;1;0.037319941676116;0.00082656864537426;5.99547994744077e-05;0.000372696723700284;0.00288474370658387;0.333333333333333;2
"2-Multi";38;"5 A1 LEMA";1.41847826086957;0.418478260869565;1;6;3;3;0.0454369310075283;0.021574239037604;0.0352283738116316;1.10533636530907e-05;0.0543705553320533;0.333333333333333;4
"2-Multi";39;"5 A2 LEMA";1.46052631578947;0.460526315789474;1;4;2;2;0.0508067317510683;0.00124860203191304;0.0799828789662063;4.69079933345739e-08;0.00204006064878307;0.333333333333333;4
"2-Multi";40;"5 A3 CHFU";2.1;1.1;1;4;2;2;0.103881337568056;0.00396170512886092;3.04652018923136e-05;0.00405387162471601;0.00212846231705245;0.333333333333333;2
"2-Multi";41;"5 A3 LEMA";1.2;0.2;1;2;1;1;0.0399149841734537;6.60885474675417e-05;0.00642765729410444;2.12617950529771e-09;0.000313143485407818;0.333333333333333;2
"2-Multi";42;"5 A4 CHFU";1.1;0.1;1;2;1;1;0.0509140105153415;0.00165313729075087;5.99547994743892e-05;0.00074539344740056;0.00288474370658387;0.333333333333333;2
"2-Multi";43;"5 A4 LEMA";1.04347826086957;0.0434782608695652;1;2;1;1;0.0289763232865548;0.000313878588407162;0.0717002699343137;5.34881822842002e-09;0.00245814024421537;0.333333333333333;2
"2-Multi";44;"5 A5 CHFU";1.1;0.1;1;2;1;1;0.0509140105182032;0.00165313729074839;5.99547994744176e-05;0.00074539344740056;0.00288474370658387;0.333333333333333;2
"2-Multi";45;"5 A6 LEMA";1.01754385964912;0.0175438596491228;1;2;1;1;0.0285788993996067;0.00029197720560331;1;3.33643535294133e-09;0.00228548857536365;0.333333333333333;2
"2-Multi";46;"5 B1 CHFU";1.05;0.05;1;2;1;1;0.037319941680051;0.000826568645368185;5.99547994744257e-05;0.000372696723700283;0.00288474370658387;0.333333333333333;2
"2-Multi";47;"5 B2 CHFU";1.3;0.3;1;4;2;2;0.0492918289635308;0.0470216343752187;0.000870279757831839;0.000629869683208126;0.0886911445301997;0.333333333333333;2
"2-Multi";48;"5 B2 LEMA";1.16008771929825;0.160087719298246;1;4;2;2;0.0391658255733932;0.0212235152011915;0.676859588487278;1.10155987354879e-05;0.0535057270567422;0.333333333333333;4
"2-Multi";49;"5 B3 CHFU";1.25;0.25;1;2;1;1;0.0356977601232725;0.0461950657298421;0.00168060471618924;0.00025717295950785;0.174497545353816;0.333333333333333;2
"2-Multi";50;"5 B4 LEMA";1.03508771929825;0.0350877192982456;1;2;1;1;0.0334319259726358;0.000583954411195578;1;6.67287069684203e-09;0.00228548857536365;0.333333333333333;2
"2-Multi";51;"5 B5 LEMA";1.01754385964912;0.0175438596491228;1;2;1;1;0.0285788994067278;0.00029197720559517;1;3.33643535397885e-09;0.00228548857536365;0.333333333333333;2
"2-Multi";52;"5 C1 LEMA";1.09290271132376;0.092902711323764;1;6;3;3;0.0394394746293162;0.000966817024712233;0.44250876586864;6.21780195162143e-08;0.00253479027649628;0.333333333333333;6
"2-Multi";53;"5 C3 CHFU";2;1;1;2;1;1;0.0685414104156532;0;0;0;9.46592147763768e-06;0.333333333333333;2
"2-Multi";54;"5 C3 LEMA";1.01754385964912;0.0175438596491228;1;2;1;1;0.0285788994068107;0.000291977205597496;1;3.33643535288059e-09;0.00228548857536365;0.333333333333333;2
"2-Multi";55;"5 C4 CHFU";1.05;0.05;1;2;1;1;0.0373199416769695;0.000826568645371295;5.9954799474434e-05;0.000372696723700285;0.00288474370658387;0.333333333333333;2
"2-Multi";56;"5 C4 LEMA";1.0402711323764;0.0402711323763955;1;4;2;2;0.034595941848415;0.00067262912741435;0.615452388391003;5.06411457366439e-08;0.0025987407704883;0.333333333333333;4
"2-Multi";57;"5 C5 LEMA";1.06818181818182;0.0681818181818182;1;2;1;1;0.0417770001592744;0.0011419557654403;0.230904776782005;1.41914131161044e-07;0.00291199296561295;0.333333333333333;2
"2-Multi";58;"5 D1 CHFU";1.08333333333333;0.0833333333333333;1;2;1;1;0.0321069828641702;3.57653274091572e-05;2.94556368580403e-07;1.78138026608848e-05;0.000155641104087472;0.333333333333333;2
"2-Multi";59;"5 D1 LEMA";2.5761736356702;1.5761736356702;1;10;5;5;0.10281676481507;0.00380123033173539;0.244496933748831;4.12837522532231e-07;0.00243424802253158;0.333333333333333;6
"2-Multi";60;"5 D2 CHFU";1.1;0.1;1;2;1;1;0.0509140105192705;0.00165313729074087;5.99547994744129e-05;0.000745393447400561;0.00288474370658387;0.333333333333333;2
"2-Multi";61;"5 D2 LEMA";1.27272727272727;0.272727272727273;1;4;2;2;0.0412107144804276;0.0416597735018121;0.0973541025685581;2.20651564399778e-05;0.104934800334871;0.333333333333333;4
"2-Multi";62;"5 D4 LEMA";1.01754385964912;0.0175438596491228;1;2;1;1;0.0285788994039378;0.000291977205596417;1;3.33643535227435e-09;0.00228548857536365;0.333333333333333;2
"2-Multi";63;"5 D5 CHFU";1.05;0.05;1;2;1;1;0.0373199416769204;0.000826568645372998;5.99547994744562e-05;0.000372696723700285;0.00288474370658387;0.333333333333333;2
"2-Multi";64;"5 D5 LEMA";1.125;0.125;1;2;1;1;0.0294597724417282;0.0206395607899976;0.0305787654618344;1.10089258648015e-05;0.155946204019499;0.333333333333333;2
"2-Multi";65;"5 E1 CHFU";1.58333333333333;0.583333333333333;1;4;2;2;0.0640477952052303;0.00136653191970778;3.78927549941427e-07;0.00120025434654455;0.000613000509607056;0.333333333333333;4
"2-Multi";66;"5 E1 LEMA";1.29326156299841;0.293261562998405;1;8;4;4;0.0657494963779719;0.0228629613533174;0.57362622998122;1.11284179007247e-05;0.0216648791925865;0.333333333333333;6
"2-Multi";67;"5 E5 LEMA";1.04347826086957;0.0434782608695652;1;2;1;1;0.0289763232835135;0.00031387858841158;0.0717002699343137;5.34881822792731e-09;0.00245814024421537;0.333333333333333;2
"2-Multi";68;"5 F1 LEMA";1.01754385964912;0.0175438596491228;1;2;1;1;0.0285788994042406;0.000291977205601906;0.999999999999999;3.33643535310862e-09;0.00228548857536365;0.333333333333333;2
"2-Multi";69;"5 F4 LEMA";1.08695652173913;0.0869565217391304;1;2;1;1;0.0342267737320808;0.000627757176815861;0.0717002699343137;1.06976364479917e-08;0.00245814024421537;0.333333333333333;2
"2-Multi";70;"5 F5 CHFU";1.05;0.05;1;2;1;1;0.0373199416779205;0.000826568645368192;5.99547994745114e-05;0.000372696723700284;0.00288474370658387;0.333333333333333;2
"2-Multi";71;"5 F6 CHFU";2.08333333333333;1.08333333333333;1;4;2;2;0.0703482081252271;4.67081082553856e-05;6.10940063958103e-08;1.88670386343565e-05;4.76454935757072e-05;0.333333333333333;2
"2-Multi";72;"6 A1 LEMA";1.09808612440191;0.0980861244019139;1;4;2;2;0.0503190374252992;0.00163723546042047;0.692361910712802;1.04618726808296e-07;0.00253609033146337;0.333333333333333;4
"2-Multi";73;"6 A2 CHFU";1.55;0.55;1;4;2;2;0.056892750793544;0.00101542413512989;3.05956045893343e-05;0.000400374171092542;0.00167639004323124;0.333333333333333;4
"2-Multi";74;"6 A3 CHFU";2.05;1.05;1;6;3;3;0.0888335631297125;0.00234619072743446;2.05515026366474e-05;0.00158281471497621;0.00147438000052971;0.333333333333333;4
"2-Multi";75;"6 A3 LEMA";1.22272727272727;0.222727272727273;1;4;2;2;0.0459320266095979;0.000446740469285489;0.118666217038055;4.9430889890227e-08;0.00161256822551038;0.333333333333333;4
"2-Multi";76;"6 A4 LEMA";1.07535885167464;0.0753588516746412;1;4;2;2;0.0345864480612403;0.000674839819115313;0.16376314880296;5.88415841723291e-08;0.0026594411270626;0.333333333333333;4
"2-Multi";77;"6 A5 CHFU";2;1;1;2;1;1;0.0473181252804707;3.70679275427969e-05;3.72763432922787e-09;0.000132440423130858;0.00029690671001799;0.333333333333333;2
"2-Multi";78;"6 A6 CHFU";1.05;0.05;1;2;1;1;0.0373199416783089;0.000826568645367938;5.99547994744936e-05;0.000372696723700284;0.00288474370658387;0.333333333333333;2
"2-Multi";79;"6 A6 LEMA";1.02272727272727;0.0227272727272727;1;2;1;1;0.0297429152785094;0.000380651921809585;0.230904776782006;4.73047103925569e-08;0.00291199296561295;0.333333333333333;2
"2-Multi";80;"6 B1 LEMA";1.26620553359684;0.266205533596838;1;6;3;3;0.0511824770595478;0.000760619057691837;0.103010901336808;5.47797081092678e-08;0.00189442556507871;0.333333333333333;4
"2-Multi";81;"6 B2 LEMA";1.04347826086957;0.0434782608695652;1;2;1;1;0.0289763232839537;0.000313878588408291;0.0717002699343137;5.34881822830583e-09;0.00245814024421537;0.333333333333333;2
"2-Multi";82;"6 B3 CHFU";2.33333333333333;1.33333333333333;1;4;2;2;0.0792491629853711;0.000158537188959983;1.97596540715349e-07;7.54681545374042e-05;0.000117457627878583;0.333333333333333;2
"2-Multi";83;"6 B3 LEMA";2.10647666597323;1.10647666597323;1;8;4;4;0.0733804843104034;0.00160168673042256;0.194401805743045;1.09401942336495e-07;0.00155146806116726;0.333333333333333;6
"2-Multi";84;"6 B4 LEMA";1.7841082449206;0.784108244920602;1;12;6;6;0.0650120070095517;0.0228522402587993;0.238239166146367;1.14268465993399e-05;0.0247314234264547;0.333333333333333;6
"2-Multi";85;"6 B5 LEMA";1.02272727272727;0.0227272727272727;1;2;1;1;0.0297429152747638;0.000380651921815954;0.230904776782005;4.73047103920023e-08;0.00291199296561295;0.333333333333333;2
"2-Multi";86;"6 B6 LEMA";1.07017543859649;0.0701754385964912;1;2;1;1;0.0431379791085236;0.00116790882239586;1;1.33457413837846e-08;0.00228548857536365;0.333333333333333;2
"2-Multi";87;"6 C1 LEMA";2.33054226475279;1.33054226475279;1;8;4;4;0.0688029675659103;0.00150187536196214;0.413192983625264;1.08201980351101e-07;0.00193863890464969;0.333333333333333;4
"2-Multi";88;"6 C3 LEMA";1.04347826086957;0.0434782608695652;1;2;1;1;0.0289763232814252;0.00031387858841214;0.0717002699343137;5.34881822905417e-09;0.00245814024421537;0.333333333333333;2
"2-Multi";89;"6 C4 LEMA";1.29545454545455;0.295454545454545;1;4;2;2;0.0452967613119258;0.00273620692836688;0.130464393795631;1.99616484454851e-05;0.00536979551589951;0.333333333333333;4
"2-Multi";90;"6 C6 LEMA";1.07017543859649;0.0701754385964912;1;4;2;2;0.0334224321837554;0.00058616510290055;0.548310760411957;1.48733091310163e-08;0.00234618893193795;0.333333333333333;4
"2-Multi";91;"6 D1 LEMA";1.11562998405104;0.115629984051037;1;6;3;3;0.0454565170728656;0.00134746894652327;0.389607768596981;1.09482729901245e-07;0.00262909094877545;0.333333333333333;6
"2-Multi";92;"6 D2 LEMA";1.5;0.5;1;2;1;1;0.0377882449697863;4.83279208501499e-05;0.00442410336002433;2.96206991627491e-10;0.00039361831911505;0.333333333333333;2
"2-Multi";93;"6 D3 LEMA";1.61365369946606;0.613653699466056;1;8;4;4;0.0527352547793762;0.000948371612147736;0.293186473529563;2.05183343338679e-08;0.00188603410680158;0.333333333333333;6
"2-Multi";94;"6 D4 LEMA";1.02272727272727;0.0227272727272727;1;2;1;1;0.0297429152735077;0.000380651921816059;0.230904776782005;4.73047103929561e-08;0.00291199296561295;0.333333333333333;2
"2-Multi";95;"6 D5 LEMA";1.2902711323764;0.290271132376396;1;6;3;3;0.0423026696287915;0.000744479570127315;0.414777696105792;5.14016439417502e-08;0.00192340921028099;0.333333333333333;4
"2-Multi";96;"6 D6 LEMA";1.2;0.2;1;2;1;1;0.0399149841670477;6.60885474710267e-05;0.00642765729410439;2.1261795052709e-09;0.000313143485407818;0.333333333333333;2
"2-Multi";97;"6 E1 LEMA";1.33695652173913;0.33695652173913;1;4;2;2;0.0419335015208308;0.000699607619527602;0.0522762838013329;1.14581346527043e-08;0.00182967552609904;0.333333333333333;4
"2-Multi";98;"6 E2 LEMA";1.05263157894737;0.0526315789473684;1;2;1;1;0.0285694056169357;0.000294187897300474;0.0966215208239151;1.15368737887506e-08;0.00240688928851225;0.333333333333333;2
"2-Multi";99;"6 E3 CHFU";2;1;1;2;1;1;0.0544668593119198;4.22669897168078e-05;3.5853791613803e-10;0.00014947057207926;0.000178618333092637;0.333333333333333;2
"2-Multi";100;"6 E5 ME";2;1;1;2;1;1;0.0594024769965844;0.191259551087359;0.000844852210355781;0.00158943626826949;0.210727523654401;0.333333333333333;2
"2-Multi";101;"6 F2 CHFU";1.5;0.5;1;2;1;1;0.0404860189092772;0.00396086201763105;0.0014254155436853;0.000509928186386036;0.00785755859541472;0.333333333333333;2
"2-Multi";102;"6 F2 LEMA";1.01754385964912;0.0175438596491228;1;2;1;1;0.0285788994075107;0.000291977205595869;1;3.33643535383529e-09;0.00228548857536365;0.333333333333333;2
"2-Multi";103;"6 F3 LEMA";1.02272727272727;0.0227272727272727;1;2;1;1;0.0297429152761075;0.00038065192181639;0.230904776782005;4.73047103902331e-08;0.00291199296561295;0.333333333333333;2
"2-Multi";104;"6 F4 LEMA";1.07535885167464;0.0753588516746412;1;4;2;2;0.0345864480640015;0.000674839819113998;0.16376314880296;5.88415841754618e-08;0.0026594411270626;0.333333333333333;4
"2-Multi";105;"6 F5 LEMA";1.07856598016781;0.0785659801678108;1;4;2;2;0.0386823764211444;0.000897832999610621;0.690566756644771;1.20216889150005e-08;0.00234303913164756;0.333333333333333;4
"2-Multi";106;"6 F6 LEMA";1.04347826086957;0.0434782608695652;1;2;1;1;0.0289763232849575;0.000313878588408612;0.0717002699343136;5.34881822845054e-09;0.00245814024421537;0.333333333333333;2
"2-Multi";107;"Andrena_cinerea";16.2928571428571;9.05476190476191;7.23809523809524;30;15;15;0.283002456872679;0.045217157371783;0.0474500543330905;0.0322810437384438;0.0474324766052542;1;6
"2-Multi";108;"Bruchidae";1.83333333333333;0.833333333333333;1;4;2;2;0.061870917097651;0.000697970215426388;0.000991595736583963;1.23640809112101e-06;0.000856864434392652;0.333333333333333;4
"2-Multi";109;"Cantharidae";5.45238095238095;2.30952380952381;3.14285714285714;8;4;4;0.0804207747627311;0.000225137528455061;0.00237257187221506;0.00392003526609196;0.00175305471901935;0.666666666666667;2
"2-Multi";110;"Chrysotoxum_sp.";1.34285714285714;0.342857142857143;1;4;2;2;0.0359846365375387;0.00203760700386553;1.08587306050589e-05;0.00696404415579556;0.00775183517908044;0.333333333333333;4
"2-Multi";111;"Coleoptera";2.03333333333333;1.03333333333333;1;8;4;4;0.0520842028026237;0.000531088283925524;5.44925093285311e-08;0.0134282940179642;0.00105035891469735;0.333333333333333;4
"2-Multi";112;"Dilophus_sp.";30.6833333333333;27.5404761904762;3.14285714285714;88;44;44;1;0.0614980504655174;0.133562778658382;0.230964430284985;0.0106890202815042;0.666666666666667;6
"2-Multi";113;"Diptera";12.2857142857143;9.14285714285714;3.14285714285714;26;13;13;0.343489741481061;0.00140371028791931;0.00382946497555977;0.0064279434651259;0.000843426024283477;0.666666666666667;4
"2-Multi";114;"Empididae";6.36666666666667;5.36666666666667;1;16;8;8;0.192125421691629;0.00305675771615441;0.00153541679330637;2.53539892028188e-05;0.000642882188536387;0.333333333333333;4
"2-Multi";115;"Episyrphus_balteatus";2;1;1;2;1;1;0.0685414104156402;0;0;0;9.46592147763768e-06;0.333333333333333;2
"2-Multi";116;"Eristalis_sp.";1.5;0.5;1;2;1;1;0.0481902480364456;0.00043338143265392;1.09402085190257e-07;0.00542614853301898;0.000843921749846171;0.333333333333333;2
"2-Multi";117;"Eucera_sp.";6.53571428571429;3.39285714285714;3.14285714285714;10;5;5;0.116736025658185;0.000256714799968148;0.00267754044210003;0.00442409794726113;0.00103459648128623;0.666666666666667;2
"2-Multi";118;"Eupeodes_corollae";18.827380952381;11.5892857142857;7.23809523809524;36;18;18;0.364050960225697;1;0.0484773010607273;0.0331041792034905;1;1;6
"2-Multi";119;"Lomatia_sp.";1.33333333333333;0.333333333333333;1;2;1;1;0.0416982485915175;2.85977995614751e-05;7.54682529869365e-05;3.67688004814517e-09;6.79057293756156e-05;0.333333333333333;2
"2-Multi";120;"Malachius_bipustulatus";1.08333333333333;0.0833333333333333;1;2;1;1;0.0298883385752641;0.000171421645252452;4.12838061321415e-07;0.00113740085328085;0.00132163891052124;0.333333333333333;2
"2-Multi";121;"Meligethes_sp.";14.4242063492063;11.2813492063492;3.14285714285714;44;22;22;0.349263554611646;0.0182585709747855;0.0423653229256446;0.071700639698506;0.00649751554603775;0.666666666666667;6
"2-Multi";122;"Mordellidae";1.75;0.75;1;4;2;2;0.0471960095353447;0.000318170147067303;1.43394706790392e-07;0.0138873003423913;0.000826961213260532;0.333333333333333;4
"2-Multi";123;"Nemotelus_sp.";2.94444444444444;1.94444444444444;1;8;4;4;0.0662958749740407;0.00458869024592705;2.80086927966334e-06;0.00340608159546291;0.00869069681014946;0.333333333333333;4
"2-Multi";124;"Odontomyia_sp.";2.11111111111111;1.11111111111111;1;6;3;3;0.0518229923586581;0.000462645771225609;3.83533820097888e-08;0.0167501897318065;0.00119427981760684;0.333333333333333;4
"2-Multi";125;"Psilothrix_viridicoerulea";28.6821428571429;25.5392857142857;3.14285714285714;84;42;42;0.817817330128848;0.0433207629006592;0.583306953767736;1;0.00617194158356779;0.666666666666667;6
"2-Multi";126;"Scaeva_sp.";1.8;0.8;1;2;1;1;0.0608069253197776;2.02211096424362e-05;1.88670632469088e-05;2.72841213342494e-09;3.01268308511249e-05;0.333333333333333;2
"2-Multi";127;"Sphaerophoria_scripta";11.6702380952381;8.52738095238095;3.14285714285714;36;18;18;0.275965590638993;0.0145949291951932;0.0592701011601807;0.0966223703829225;0.00696054732126725;0.666666666666667;6
"3-Multi";1;"4 A1 LEMA";1.35087719298246;0.350877192982456;1;4;2;2;0.0387805268130573;0.000375431763569807;0.508375105791337;4.05011578402986e-09;0.00146805879487558;0.333333333333333;4
"3-Multi";2;"4 A2 CHFU";1.7;0.7;1;4;2;2;0.0704584083617928;0.00429169875693911;0.000492041196080189;0.000527070824642355;0.00285401266337414;0.333333333333333;2
"3-Multi";3;"4 A2 LEMA";1.80987795575896;0.809877955758963;1;8;4;4;0.0802150898579379;0.00283570018760453;0.367439708595409;7.12072294200556e-08;0.00244966416108722;0.333333333333333;4
"3-Multi";4;"4 A5 CHFU";1.25;0.25;1;2;1;1;0.0356977601192592;0.0461950657298441;0.00168060471618923;0.00025717295950785;0.174497545353816;0.333333333333333;2
"3-Multi";5;"4 A6 CHFU";1.25;0.25;1;2;1;1;0.0356977601228117;0.0461950657298449;0.00168060471618922;0.00025717295950785;0.174497545353816;0.333333333333333;2
"3-Multi";6;"4 B1 CHFU";1.5;0.5;1;4;2;2;0.103297854521295;0.00288565959344365;9.32101722558133e-06;0.0130335190001678;0.000828631195670905;0.333333333333333;4
"3-Multi";7;"4 B2 CHFU";1.1;0.1;1;2;1;1;0.0387120675582429;0.000165418369651324;2.53540222776242e-05;8.57131912817032e-06;0.000352239697353851;0.333333333333333;2
"3-Multi";8;"4 B2 LEMA";1.18281499202552;0.182814992025518;1;6;3;3;0.0442173702095707;0.00195205787537929;0.565232196897815;9.98749709343454e-06;0.00382764204563158;0.333333333333333;6
"3-Multi";9;"4 B4 LEMA";1.25;0.25;1;2;1;1;0.0332626764330069;0.00197490308473958;0.0300240108092562;1.98670390247185e-05;0.00782759806618607;0.333333333333333;2
"3-Multi";10;"4 B4 ME";2;1;1;2;1;1;0.0525036146379097;0.0086482132204004;0.00083165949659873;0.00154952990668394;0.0100033544736336;0.333333333333333;2
"3-Multi";11;"4 B5 CHFU";1.45;0.45;1;4;2;2;0.101905728639937;0.00354680986916203;2.08546096245913e-05;0.0133976444047399;0.00167279919874758;0.333333333333333;4
"3-Multi";12;"4 B6 CHFU";1.15;0.15;1;4;2;2;0.0523061363978514;0.000991987015029263;4.26544108759782e-05;0.000381268042828445;0.00161849170196886;0.333333333333333;4
"3-Multi";13;"4 B6 LEMA";1.03508771929825;0.0350877192982456;1;2;1;1;0.0334319259694666;0.000583954411202003;1;6.67287069612131e-09;0.00228548857536365;0.333333333333333;2
"3-Multi";14;"4 C1 LEMA";1.02272727272727;0.0227272727272727;1;2;1;1;0.0297429152818916;0.00038065192181285;0.230904776782005;4.73047103926516e-08;0.00291199296561295;0.333333333333333;2
"3-Multi";15;"4 C2 CHFU";1.43333333333333;0.433333333333333;1;4;2;2;0.0722365076866954;0.000308479679270768;5.30644955040981e-06;7.98265297716655e-05;0.000194960822740748;0.333333333333333;4
"3-Multi";16;"4 C2 LEMA";1.68281499202552;0.682814992025518;1;8;4;4;0.0527885100939376;0.00250338980925251;0.453578568166351;1.02905862798624e-05;0.00390196482177846;0.333333333333333;6
"3-Multi";17;"4 C3 LEMA";1.01754385964912;0.0175438596491228;1;2;1;1;0.0285788994021852;0.000291977205595313;1;3.33643535368383e-09;0.00228548857536365;0.333333333333333;2
"3-Multi";18;"4 C4 LEMA";1.29128527841342;0.291285278413425;1;8;4;4;0.0482848172192681;0.00218168313097922;0.25899346447828;9.96527851348766e-06;0.00347700109255792;0.333333333333333;6
"3-Multi";19;"4 C5 CHFU";1.08333333333333;0.0833333333333333;1;2;1;1;0.0321069828691595;3.57653274035793e-05;2.94556368591781e-07;1.7813802660883e-05;0.000155641104087472;0.333333333333333;2
"3-Multi";20;"4 C5 LEMA";1.05263157894737;0.0526315789473684;1;2;1;1;0.0285694056266441;0.000294187897294274;0.0966215208239152;1.15368737885718e-08;0.00240688928851225;0.333333333333333;2
"3-Multi";21;"4 C6 LEMA";1.02272727272727;0.0227272727272727;1;2;1;1;0.029742915277221;0.000380651921812575;0.230904776782005;4.73047103928533e-08;0.00291199296561295;0.333333333333333;2
"3-Multi";22;"4 D2 LEMA";1.01754385964912;0.0175438596491228;1;2;1;1;0.0285788994052485;0.000291977205596439;1;3.33643535168532e-09;0.00228548857536365;0.333333333333333;2
"3-Multi";23;"4 D5 LEMA";1.58333333333333;0.583333333333333;1;4;2;2;0.0446542083536506;0.000704254217176459;0.010078148810711;3.98026505121821e-08;0.0026789753734163;0.333333333333333;4
"3-Multi";24;"4 D6 CHFU";1.1;0.1;1;2;1;1;0.0387120675541046;0.000165418369660904;2.53540222775889e-05;8.57131912817072e-06;0.000352239697353851;0.333333333333333;2
"3-Multi";25;"4 E1 LEMA";1.16429165799875;0.164291657998752;1;6;3;3;0.0615865303128125;0.00233176597064613;0.537773514325761;1.5727225541125e-07;0.00257865498102074;0.333333333333333;6
"3-Multi";26;"4 E2 LEMA";1.07017543859649;0.0701754385964912;1;4;2;2;0.0334224321920362;0.000586165102893231;0.548310760411957;1.48733091309939e-08;0.00234618893193795;0.333333333333333;4
"3-Multi";27;"4 E4 LEMA";1.23865369946606;0.238653699466056;1;8;4;4;0.0444067822474329;0.0215396044813001;0.299725139055016;1.10291479921452e-05;0.0407741805318977;0.333333333333333;6
"3-Multi";28;"4 E5 CHFU";1.1;0.1;1;2;1;1;0.0387120675607718;0.000165418369657904;2.53540222775967e-05;8.57131912816871e-06;0.000352239697353851;0.333333333333333;2
"3-Multi";29;"4 E5 LEMA";1.25;0.25;1;2;1;1;0.0344525809529963;0.000620799659204486;0.00340608603874658;3.90889700792628e-08;0.00470732173244509;0.333333333333333;2
"3-Multi";30;"4 F1 LEMA";1.19517543859649;0.195175438596491;1;6;3;3;0.0381908339848245;0.00157361664526364;0.37554851054439;9.94839282148789e-06;0.00417332531002066;0.333333333333333;6
"3-Multi";31;"4 F2 LEMA";1.2;0.2;1;2;1;1;0.0399149841668473;6.60885474730673e-05;0.0064276572941044;2.12617950516159e-09;0.000313143485407818;0.333333333333333;2
"3-Multi";32;"4 F3 LEMA";1.01754385964912;0.0175438596491228;1;2;1;1;0.0285788993997721;0.000291977205600448;1;3.33643535314584e-09;0.00228548857536365;0.333333333333333;2
"3-Multi";33;"4 F4 CHFU";1.2;0.2;1;2;1;1;0.0560187663182995;0.00136012061189267;1.30451469967841e-06;0.00651247384051982;0.00106682694482943;0.333333333333333;2
"3-Multi";34;"4 F4 LEMA";1.03508771929825;0.0350877192982456;1;2;1;1;0.0334319259761511;0.000583954411195522;1;6.67287069707792e-09;0.00228548857536365;0.333333333333333;2
"3-Multi";35;"4 F5 CHFU";1.25;0.25;1;4;2;2;0.0672923311195566;0.00115740538468785;3.68876146765579e-05;0.000389839361956605;0.00119640770043052;0.333333333333333;4
"3-Multi";36;"4 F6 LEMA";1.68421052631579;0.684210526315789;1;4;2;2;0.0463601973000541;0.000406763725385313;0.342591545639052;8.67301799393195e-09;0.00106306567524527;0.333333333333333;4
"3-Multi";37;"5 A1 CHFU";1.05;0.05;1;2;1;1;0.037319941676116;0.00082656864537426;5.99547994744077e-05;0.000372696723700284;0.00288474370658387;0.333333333333333;2
"3-Multi";38;"5 A1 LEMA";1.41847826086957;0.418478260869565;1;6;3;3;0.0454369310075283;0.021574239037604;0.0352283738116316;1.10533636530907e-05;0.0543705553320533;0.333333333333333;4
"3-Multi";39;"5 A2 LEMA";1.46052631578947;0.460526315789474;1;4;2;2;0.0508067317510683;0.00124860203191304;0.0799828789662063;4.69079933345739e-08;0.00204006064878307;0.333333333333333;4
"3-Multi";40;"5 A3 CHFU";2.1;1.1;1;4;2;2;0.103881337568056;0.00396170512886092;3.04652018923136e-05;0.00405387162471601;0.00212846231705245;0.333333333333333;2
"3-Multi";41;"5 A3 LEMA";1.2;0.2;1;2;1;1;0.0399149841734537;6.60885474675417e-05;0.00642765729410444;2.12617950529771e-09;0.000313143485407818;0.333333333333333;2
"3-Multi";42;"5 A4 CHFU";1.1;0.1;1;2;1;1;0.0509140105153415;0.00165313729075087;5.99547994743892e-05;0.00074539344740056;0.00288474370658387;0.333333333333333;2
"3-Multi";43;"5 A4 LEMA";1.04347826086957;0.0434782608695652;1;2;1;1;0.0289763232865548;0.000313878588407162;0.0717002699343137;5.34881822842002e-09;0.00245814024421537;0.333333333333333;2
"3-Multi";44;"5 A5 CHFU";1.1;0.1;1;2;1;1;0.0509140105182032;0.00165313729074839;5.99547994744176e-05;0.00074539344740056;0.00288474370658387;0.333333333333333;2
"3-Multi";45;"5 A6 LEMA";1.01754385964912;0.0175438596491228;1;2;1;1;0.0285788993996067;0.00029197720560331;1;3.33643535294133e-09;0.00228548857536365;0.333333333333333;2
"3-Multi";46;"5 B1 CHFU";1.05;0.05;1;2;1;1;0.037319941680051;0.000826568645368185;5.99547994744257e-05;0.000372696723700283;0.00288474370658387;0.333333333333333;2
"3-Multi";47;"5 B2 CHFU";1.3;0.3;1;4;2;2;0.0492918289635308;0.0470216343752187;0.000870279757831839;0.000629869683208126;0.0886911445301997;0.333333333333333;2
"3-Multi";48;"5 B2 LEMA";1.16008771929825;0.160087719298246;1;4;2;2;0.0391658255733932;0.0212235152011915;0.676859588487278;1.10155987354879e-05;0.0535057270567422;0.333333333333333;4
"3-Multi";49;"5 B3 CHFU";1.25;0.25;1;2;1;1;0.0356977601232725;0.0461950657298421;0.00168060471618924;0.00025717295950785;0.174497545353816;0.333333333333333;2
"3-Multi";50;"5 B4 LEMA";1.03508771929825;0.0350877192982456;1;2;1;1;0.0334319259726358;0.000583954411195578;1;6.67287069684203e-09;0.00228548857536365;0.333333333333333;2
"3-Multi";51;"5 B5 LEMA";1.01754385964912;0.0175438596491228;1;2;1;1;0.0285788994067278;0.00029197720559517;1;3.33643535397885e-09;0.00228548857536365;0.333333333333333;2
"3-Multi";52;"5 C1 LEMA";1.09290271132376;0.092902711323764;1;6;3;3;0.0394394746293162;0.000966817024712233;0.44250876586864;6.21780195162143e-08;0.00253479027649628;0.333333333333333;6
"3-Multi";53;"5 C3 CHFU";2;1;1;2;1;1;0.0685414104156532;0;0;0;9.46592147763768e-06;0.333333333333333;2
"3-Multi";54;"5 C3 LEMA";1.01754385964912;0.0175438596491228;1;2;1;1;0.0285788994068107;0.000291977205597496;1;3.33643535288059e-09;0.00228548857536365;0.333333333333333;2
"3-Multi";55;"5 C4 CHFU";1.05;0.05;1;2;1;1;0.0373199416769695;0.000826568645371295;5.9954799474434e-05;0.000372696723700285;0.00288474370658387;0.333333333333333;2
"3-Multi";56;"5 C4 LEMA";1.0402711323764;0.0402711323763955;1;4;2;2;0.034595941848415;0.00067262912741435;0.615452388391003;5.06411457366439e-08;0.0025987407704883;0.333333333333333;4
"3-Multi";57;"5 C5 LEMA";1.06818181818182;0.0681818181818182;1;2;1;1;0.0417770001592744;0.0011419557654403;0.230904776782005;1.41914131161044e-07;0.00291199296561295;0.333333333333333;2
"3-Multi";58;"5 D1 CHFU";1.08333333333333;0.0833333333333333;1;2;1;1;0.0321069828641702;3.57653274091572e-05;2.94556368580403e-07;1.78138026608848e-05;0.000155641104087472;0.333333333333333;2
"3-Multi";59;"5 D1 LEMA";2.5761736356702;1.5761736356702;1;10;5;5;0.10281676481507;0.00380123033173539;0.244496933748831;4.12837522532231e-07;0.00243424802253158;0.333333333333333;6
"3-Multi";60;"5 D2 CHFU";1.1;0.1;1;2;1;1;0.0509140105192705;0.00165313729074087;5.99547994744129e-05;0.000745393447400561;0.00288474370658387;0.333333333333333;2
"3-Multi";61;"5 D2 LEMA";1.27272727272727;0.272727272727273;1;4;2;2;0.0412107144804276;0.0416597735018121;0.0973541025685581;2.20651564399778e-05;0.104934800334871;0.333333333333333;4
"3-Multi";62;"5 D4 LEMA";1.01754385964912;0.0175438596491228;1;2;1;1;0.0285788994039378;0.000291977205596417;1;3.33643535227435e-09;0.00228548857536365;0.333333333333333;2
"3-Multi";63;"5 D5 CHFU";1.05;0.05;1;2;1;1;0.0373199416769204;0.000826568645372998;5.99547994744562e-05;0.000372696723700285;0.00288474370658387;0.333333333333333;2
"3-Multi";64;"5 D5 LEMA";1.125;0.125;1;2;1;1;0.0294597724417282;0.0206395607899976;0.0305787654618344;1.10089258648015e-05;0.155946204019499;0.333333333333333;2
"3-Multi";65;"5 E1 CHFU";1.58333333333333;0.583333333333333;1;4;2;2;0.0640477952052303;0.00136653191970778;3.78927549941427e-07;0.00120025434654455;0.000613000509607056;0.333333333333333;4
"3-Multi";66;"5 E1 LEMA";1.29326156299841;0.293261562998405;1;8;4;4;0.0657494963779719;0.0228629613533174;0.57362622998122;1.11284179007247e-05;0.0216648791925865;0.333333333333333;6
"3-Multi";67;"5 E5 LEMA";1.04347826086957;0.0434782608695652;1;2;1;1;0.0289763232835135;0.00031387858841158;0.0717002699343137;5.34881822792731e-09;0.00245814024421537;0.333333333333333;2
"3-Multi";68;"5 F1 LEMA";1.01754385964912;0.0175438596491228;1;2;1;1;0.0285788994042406;0.000291977205601906;0.999999999999999;3.33643535310862e-09;0.00228548857536365;0.333333333333333;2
"3-Multi";69;"5 F4 LEMA";1.08695652173913;0.0869565217391304;1;2;1;1;0.0342267737320808;0.000627757176815861;0.0717002699343137;1.06976364479917e-08;0.00245814024421537;0.333333333333333;2
"3-Multi";70;"5 F5 CHFU";1.05;0.05;1;2;1;1;0.0373199416779205;0.000826568645368192;5.99547994745114e-05;0.000372696723700284;0.00288474370658387;0.333333333333333;2
"3-Multi";71;"5 F6 CHFU";2.08333333333333;1.08333333333333;1;4;2;2;0.0703482081252271;4.67081082553856e-05;6.10940063958103e-08;1.88670386343565e-05;4.76454935757072e-05;0.333333333333333;2
"3-Multi";72;"6 A1 LEMA";1.09808612440191;0.0980861244019139;1;4;2;2;0.0503190374252992;0.00163723546042047;0.692361910712802;1.04618726808296e-07;0.00253609033146337;0.333333333333333;4
"3-Multi";73;"6 A2 CHFU";1.55;0.55;1;4;2;2;0.056892750793544;0.00101542413512989;3.05956045893343e-05;0.000400374171092542;0.00167639004323124;0.333333333333333;4
"3-Multi";74;"6 A3 CHFU";2.05;1.05;1;6;3;3;0.0888335631297125;0.00234619072743446;2.05515026366474e-05;0.00158281471497621;0.00147438000052971;0.333333333333333;4
"3-Multi";75;"6 A3 LEMA";1.22272727272727;0.222727272727273;1;4;2;2;0.0459320266095979;0.000446740469285489;0.118666217038055;4.9430889890227e-08;0.00161256822551038;0.333333333333333;4
"3-Multi";76;"6 A4 LEMA";1.07535885167464;0.0753588516746412;1;4;2;2;0.0345864480612403;0.000674839819115313;0.16376314880296;5.88415841723291e-08;0.0026594411270626;0.333333333333333;4
"3-Multi";77;"6 A5 CHFU";2;1;1;2;1;1;0.0473181252804707;3.70679275427969e-05;3.72763432922787e-09;0.000132440423130858;0.00029690671001799;0.333333333333333;2
"3-Multi";78;"6 A6 CHFU";1.05;0.05;1;2;1;1;0.0373199416783089;0.000826568645367938;5.99547994744936e-05;0.000372696723700284;0.00288474370658387;0.333333333333333;2
"3-Multi";79;"6 A6 LEMA";1.02272727272727;0.0227272727272727;1;2;1;1;0.0297429152785094;0.000380651921809585;0.230904776782006;4.73047103925569e-08;0.00291199296561295;0.333333333333333;2
"3-Multi";80;"6 B1 LEMA";1.26620553359684;0.266205533596838;1;6;3;3;0.0511824770595478;0.000760619057691837;0.103010901336808;5.47797081092678e-08;0.00189442556507871;0.333333333333333;4
"3-Multi";81;"6 B2 LEMA";1.04347826086957;0.0434782608695652;1;2;1;1;0.0289763232839537;0.000313878588408291;0.0717002699343137;5.34881822830583e-09;0.00245814024421537;0.333333333333333;2
"3-Multi";82;"6 B3 CHFU";2.33333333333333;1.33333333333333;1;4;2;2;0.0792491629853711;0.000158537188959983;1.97596540715349e-07;7.54681545374042e-05;0.000117457627878583;0.333333333333333;2
"3-Multi";83;"6 B3 LEMA";2.10647666597323;1.10647666597323;1;8;4;4;0.0733804843104034;0.00160168673042256;0.194401805743045;1.09401942336495e-07;0.00155146806116726;0.333333333333333;6
"3-Multi";84;"6 B4 LEMA";1.7841082449206;0.784108244920602;1;12;6;6;0.0650120070095517;0.0228522402587993;0.238239166146367;1.14268465993399e-05;0.0247314234264547;0.333333333333333;6
"3-Multi";85;"6 B5 LEMA";1.02272727272727;0.0227272727272727;1;2;1;1;0.0297429152747638;0.000380651921815954;0.230904776782005;4.73047103920023e-08;0.00291199296561295;0.333333333333333;2
"3-Multi";86;"6 B6 LEMA";1.07017543859649;0.0701754385964912;1;2;1;1;0.0431379791085236;0.00116790882239586;1;1.33457413837846e-08;0.00228548857536365;0.333333333333333;2
"3-Multi";87;"6 C1 LEMA";2.33054226475279;1.33054226475279;1;8;4;4;0.0688029675659103;0.00150187536196214;0.413192983625264;1.08201980351101e-07;0.00193863890464969;0.333333333333333;4
"3-Multi";88;"6 C3 LEMA";1.04347826086957;0.0434782608695652;1;2;1;1;0.0289763232814252;0.00031387858841214;0.0717002699343137;5.34881822905417e-09;0.00245814024421537;0.333333333333333;2
"3-Multi";89;"6 C4 LEMA";1.29545454545455;0.295454545454545;1;4;2;2;0.0452967613119258;0.00273620692836688;0.130464393795631;1.99616484454851e-05;0.00536979551589951;0.333333333333333;4
"3-Multi";90;"6 C6 LEMA";1.07017543859649;0.0701754385964912;1;4;2;2;0.0334224321837554;0.00058616510290055;0.548310760411957;1.48733091310163e-08;0.00234618893193795;0.333333333333333;4
"3-Multi";91;"6 D1 LEMA";1.11562998405104;0.115629984051037;1;6;3;3;0.0454565170728656;0.00134746894652327;0.389607768596981;1.09482729901245e-07;0.00262909094877545;0.333333333333333;6
"3-Multi";92;"6 D2 LEMA";1.5;0.5;1;2;1;1;0.0377882449697863;4.83279208501499e-05;0.00442410336002433;2.96206991627491e-10;0.00039361831911505;0.333333333333333;2
"3-Multi";93;"6 D3 LEMA";1.61365369946606;0.613653699466056;1;8;4;4;0.0527352547793762;0.000948371612147736;0.293186473529563;2.05183343338679e-08;0.00188603410680158;0.333333333333333;6
"3-Multi";94;"6 D4 LEMA";1.02272727272727;0.0227272727272727;1;2;1;1;0.0297429152735077;0.000380651921816059;0.230904776782005;4.73047103929561e-08;0.00291199296561295;0.333333333333333;2
"3-Multi";95;"6 D5 LEMA";1.2902711323764;0.290271132376396;1;6;3;3;0.0423026696287915;0.000744479570127315;0.414777696105792;5.14016439417502e-08;0.00192340921028099;0.333333333333333;4
"3-Multi";96;"6 D6 LEMA";1.2;0.2;1;2;1;1;0.0399149841670477;6.60885474710267e-05;0.00642765729410439;2.1261795052709e-09;0.000313143485407818;0.333333333333333;2
"3-Multi";97;"6 E1 LEMA";1.33695652173913;0.33695652173913;1;4;2;2;0.0419335015208308;0.000699607619527602;0.0522762838013329;1.14581346527043e-08;0.00182967552609904;0.333333333333333;4
"3-Multi";98;"6 E2 LEMA";1.05263157894737;0.0526315789473684;1;2;1;1;0.0285694056169357;0.000294187897300474;0.0966215208239151;1.15368737887506e-08;0.00240688928851225;0.333333333333333;2
"3-Multi";99;"6 E3 CHFU";2;1;1;2;1;1;0.0544668593119198;4.22669897168078e-05;3.5853791613803e-10;0.00014947057207926;0.000178618333092637;0.333333333333333;2
"3-Multi";100;"6 E5 ME";2;1;1;2;1;1;0.0594024769965844;0.191259551087359;0.000844852210355781;0.00158943626826949;0.210727523654401;0.333333333333333;2
"3-Multi";101;"6 F2 CHFU";1.5;0.5;1;2;1;1;0.0404860189092772;0.00396086201763105;0.0014254155436853;0.000509928186386036;0.00785755859541472;0.333333333333333;2
"3-Multi";102;"6 F2 LEMA";1.01754385964912;0.0175438596491228;1;2;1;1;0.0285788994075107;0.000291977205595869;1;3.33643535383529e-09;0.00228548857536365;0.333333333333333;2
"3-Multi";103;"6 F3 LEMA";1.02272727272727;0.0227272727272727;1;2;1;1;0.0297429152761075;0.00038065192181639;0.230904776782005;4.73047103902331e-08;0.00291199296561295;0.333333333333333;2
"3-Multi";104;"6 F4 LEMA";1.07535885167464;0.0753588516746412;1;4;2;2;0.0345864480640015;0.000674839819113998;0.16376314880296;5.88415841754618e-08;0.0026594411270626;0.333333333333333;4
"3-Multi";105;"6 F5 LEMA";1.07856598016781;0.0785659801678108;1;4;2;2;0.0386823764211444;0.000897832999610621;0.690566756644771;1.20216889150005e-08;0.00234303913164756;0.333333333333333;4
"3-Multi";106;"6 F6 LEMA";1.04347826086957;0.0434782608695652;1;2;1;1;0.0289763232849575;0.000313878588408612;0.0717002699343136;5.34881822845054e-09;0.00245814024421537;0.333333333333333;2
"3-Multi";107;"Andrena_cinerea";16.2928571428571;9.05476190476191;7.23809523809524;30;15;15;0.283002456872679;0.045217157371783;0.0474500543330905;0.0322810437384438;0.0474324766052542;1;6
"3-Multi";108;"Bruchidae";1.83333333333333;0.833333333333333;1;4;2;2;0.061870917097651;0.000697970215426388;0.000991595736583963;1.23640809112101e-06;0.000856864434392652;0.333333333333333;4
"3-Multi";109;"Cantharidae";5.45238095238095;2.30952380952381;3.14285714285714;8;4;4;0.0804207747627311;0.000225137528455061;0.00237257187221506;0.00392003526609196;0.00175305471901935;0.666666666666667;2
"3-Multi";110;"Chrysotoxum_sp.";1.34285714285714;0.342857142857143;1;4;2;2;0.0359846365375387;0.00203760700386553;1.08587306050589e-05;0.00696404415579556;0.00775183517908044;0.333333333333333;4
"3-Multi";111;"Coleoptera";2.03333333333333;1.03333333333333;1;8;4;4;0.0520842028026237;0.000531088283925524;5.44925093285311e-08;0.0134282940179642;0.00105035891469735;0.333333333333333;4
"3-Multi";112;"Dilophus_sp.";30.6833333333333;27.5404761904762;3.14285714285714;88;44;44;1;0.0614980504655174;0.133562778658382;0.230964430284985;0.0106890202815042;0.666666666666667;6
"3-Multi";113;"Diptera";12.2857142857143;9.14285714285714;3.14285714285714;26;13;13;0.343489741481061;0.00140371028791931;0.00382946497555977;0.0064279434651259;0.000843426024283477;0.666666666666667;4
"3-Multi";114;"Empididae";6.36666666666667;5.36666666666667;1;16;8;8;0.192125421691629;0.00305675771615441;0.00153541679330637;2.53539892028188e-05;0.000642882188536387;0.333333333333333;4
"3-Multi";115;"Episyrphus_balteatus";2;1;1;2;1;1;0.0685414104156402;0;0;0;9.46592147763768e-06;0.333333333333333;2
"3-Multi";116;"Eristalis_sp.";1.5;0.5;1;2;1;1;0.0481902480364456;0.00043338143265392;1.09402085190257e-07;0.00542614853301898;0.000843921749846171;0.333333333333333;2
"3-Multi";117;"Eucera_sp.";6.53571428571429;3.39285714285714;3.14285714285714;10;5;5;0.116736025658185;0.000256714799968148;0.00267754044210003;0.00442409794726113;0.00103459648128623;0.666666666666667;2
"3-Multi";118;"Eupeodes_corollae";18.827380952381;11.5892857142857;7.23809523809524;36;18;18;0.364050960225697;1;0.0484773010607273;0.0331041792034905;1;1;6
"3-Multi";119;"Lomatia_sp.";1.33333333333333;0.333333333333333;1;2;1;1;0.0416982485915175;2.85977995614751e-05;7.54682529869365e-05;3.67688004814517e-09;6.79057293756156e-05;0.333333333333333;2
"3-Multi";120;"Malachius_bipustulatus";1.08333333333333;0.0833333333333333;1;2;1;1;0.0298883385752641;0.000171421645252452;4.12838061321415e-07;0.00113740085328085;0.00132163891052124;0.333333333333333;2
"3-Multi";121;"Meligethes_sp.";14.4242063492063;11.2813492063492;3.14285714285714;44;22;22;0.349263554611646;0.0182585709747855;0.0423653229256446;0.071700639698506;0.00649751554603775;0.666666666666667;6
"3-Multi";122;"Mordellidae";1.75;0.75;1;4;2;2;0.0471960095353447;0.000318170147067303;1.43394706790392e-07;0.0138873003423913;0.000826961213260532;0.333333333333333;4
"3-Multi";123;"Nemotelus_sp.";2.94444444444444;1.94444444444444;1;8;4;4;0.0662958749740407;0.00458869024592705;2.80086927966334e-06;0.00340608159546291;0.00869069681014946;0.333333333333333;4
"3-Multi";124;"Odontomyia_sp.";2.11111111111111;1.11111111111111;1;6;3;3;0.0518229923586581;0.000462645771225609;3.83533820097888e-08;0.0167501897318065;0.00119427981760684;0.333333333333333;4
"3-Multi";125;"Psilothrix_viridicoerulea";28.6821428571429;25.5392857142857;3.14285714285714;84;42;42;0.817817330128848;0.0433207629006592;0.583306953767736;1;0.00617194158356779;0.666666666666667;6
"3-Multi";126;"Scaeva_sp.";1.8;0.8;1;2;1;1;0.0608069253197776;2.02211096424362e-05;1.88670632469088e-05;2.72841213342494e-09;3.01268308511249e-05;0.333333333333333;2
"3-Multi";127;"Sphaerophoria_scripta";11.6702380952381;8.52738095238095;3.14285714285714;36;18;18;0.275965590638993;0.0145949291951932;0.0592701011601807;0.0966223703829225;0.00696054732126725;0.666666666666667;6
"Aggr";1;"4 A1 LEMA";1.35087719298246;0.350877192982456;1;4;2;2;0.0284106510854244;0.00607008268065573;0.340152256225461;0;0.0289208429106305;0;4
"Aggr";2;"4 A2 CHFU";1.7;0.7;1;4;2;2;0.0814167036618618;0.082180538659595;0.0352757343801018;0;0.0567603912892542;0;4
"Aggr";3;"4 A2 LEMA";1.80987795575896;0.809877955758963;1;8;4;4;0.0757663657234031;0.034625483815939;0.252558428904497;0;0.0378873737378626;0;4
"Aggr";4;"4 A5 CHFU";1.25;0.25;1;2;1;1;0.0275468333172663;0.162502286686288;0.0511757292806258;0;0.650005961714825;0;2
"Aggr";5;"4 A6 CHFU";1.25;0.25;1;2;1;1;0.02754683331726;0.16250228668629;0.0511757292806258;0;0.650005961714825;0;2
"Aggr";6;"4 B1 CHFU";1.5;0.5;1;4;2;2;0.165801271322239;0.1134626898645;0.459395481683815;0;0.0340919627072861;0;4
"Aggr";7;"4 B2 CHFU";1.1;0.1;1;2;1;1;0.0325555382016578;0.00627165636570456;0.0359171502444514;0;0.0122879718121969;0;2
"Aggr";8;"4 B2 LEMA";1.18281499202552;0.182814992025518;1;6;3;3;0.0378822477440948;0.0351969609118389;0.594065549364599;0;0.0733375265637012;0;6
"Aggr";9;"4 B4 LEMA";1.25;0.25;1;2;1;1;0.0231030470096835;0.0348186129640914;0.0339929026514028;0;0.145705230243369;0;2
"Aggr";10;"4 B4 ME";2;1;1;2;1;1;0.0625117212779525;0.139274451856361;0.0339929026514028;0;0.145705230243369;0;2
"Aggr";11;"4 B5 CHFU";1.45;0.45;1;4;2;2;0.164462555373784;0.125637884323513;0.780756431602331;0;0.0492149586704787;0;4
"Aggr";12;"4 B6 CHFU";1.15;0.15;1;4;2;2;0.0538055382011949;0.0247185071904346;0.517958575122225;0;0.0349724657569858;0;4
"Aggr";13;"4 B6 LEMA";1.03508771929825;0.0350877192982456;1;2;1;1;0.0216550444571349;0.00940272223674188;0.671134647403496;0;0.0449939581548307;0;2
"Aggr";14;"4 C1 LEMA";1.02272727272727;0.0227272727272727;1;2;1;1;0.0196259131625399;0.00838493219304749;1;0;0.0576569597017747;0;2
"Aggr";15;"4 C2 CHFU";1.43333333333333;0.433333333333333;1;4;2;2;0.079385674594857;0.0199756951769542;0.0277049449833296;0;0.0164366759578493;0;4
"Aggr";16;"4 C2 LEMA";1.68281499202552;0.682814992025518;1;8;4;4;0.0490706607383466;0.0404095872874425;0.476661706208805;0;0.0672128339885617;0;6
"Aggr";17;"4 C3 LEMA";1.01754385964912;0.0175438596491228;1;2;1;1;0.0158109333553679;0.00470136111837103;0.671134647403496;0;0.0449939581548307;0;2
"Aggr";18;"4 C4 LEMA";1.29128527841342;0.291285278413425;1;8;4;4;0.0386314326432749;0.0348239937371112;0.194920520586;0;0.0669441774304956;0;6
"Aggr";19;"4 C5 CHFU";1.08333333333333;0.0833333333333333;1;2;1;1;0.0216743563519117;0.0034260097028104;0.0256518936680491;0;0.0174738519942624;0;2
"Aggr";20;"4 C5 LEMA";1.05263157894737;0.0526315789473684;1;2;1;1;0.0153056824517809;0.00450052354830385;0.103692167096022;0;0.0523549557706821;0;2
"Aggr";21;"4 C6 LEMA";1.02272727272727;0.0227272727272727;1;2;1;1;0.0196259131625075;0.00838493219305402;0.999999999999999;0;0.0576569597017747;0;2
"Aggr";22;"4 D2 LEMA";1.01754385964912;0.0175438596491228;1;2;1;1;0.0158109333553666;0.0047013611183713;0.671134647403496;0;0.0449939581548307;0;2
"Aggr";23;"4 D5 LEMA";1.58333333333333;0.583333333333333;1;4;2;2;0.0359353663640047;0.00567228430049277;0.00562952159887735;0;0.0243786701623077;0;4
"Aggr";24;"4 D6 CHFU";1.1;0.1;1;2;1;1;0.032555538201583;0.00627165636571964;0.0359171502444514;0;0.0122879718121969;0;2
"Aggr";25;"4 E1 LEMA";1.16429165799875;0.164291657998752;1;6;3;3;0.0620510947991278;0.0429711589743613;0.725070665841935;0;0.0496092201118186;0;6
"Aggr";26;"4 E2 LEMA";1.07017543859649;0.0701754385964912;1;4;2;2;0.0211497935535225;0.00920188466667982;0.387413407249759;0;0.0486744569627564;0;4
"Aggr";27;"4 E4 LEMA";1.23865369946606;0.238653699466056;1;8;4;4;0.0355144655989075;0.0941653070499017;0.222023315615801;0;0.196666665713313;0;6
"Aggr";28;"4 E5 CHFU";1.1;0.1;1;2;1;1;0.0325555382016064;0.0062716563657149;0.0359171502444514;0;0.0122879718121969;0;2
"Aggr";29;"4 E5 LEMA";1.25;0.25;1;2;1;1;0.0233356486340196;0.00430356273819367;0.00208917815032797;0;0.0359096126581853;0;2
"Aggr";30;"4 F1 LEMA";1.19517543859649;0.195175438596491;1;6;3;3;0.0277179059315562;0.0266111911487269;0.26960657238364;0;0.0810180480562939;0;6
"Aggr";31;"4 F2 LEMA";1.2;0.2;1;2;1;1;0.038064904089487;0.00822242328675677;0.025651893668049;0;0.0174738519942624;0;2
"Aggr";32;"4 F3 LEMA";1.01754385964912;0.0175438596491228;1;2;1;1;0.0158109333553602;0.00470136111837259;0.671134647403496;0;0.0449939581548307;0;2
"Aggr";33;"4 F4 CHFU";1.2;0.2;1;2;1;1;0.0765896888139196;0.0535955167493925;0.671134647403496;0;0.0449939581548307;0;2
"Aggr";34;"4 F4 LEMA";1.03508771929825;0.0350877192982456;1;2;1;1;0.0216550444572012;0.00940272223672851;0.671134647403496;0;0.0449939581548307;0;2
"Aggr";35;"4 F5 CHFU";1.25;0.25;1;4;2;2;0.0763942541491941;0.0309901635561505;0.357278100162967;0;0.0274109677753895;0;4
"Aggr";36;"4 F6 LEMA";1.68421052631579;0.684210526315789;1;4;2;2;0.0390804699475253;0.00810057181861024;0.23022839725294;0;0.0240527555276826;0;4
"Aggr";37;"5 A1 CHFU";1.05;0.05;1;2;1;1;0.0312168222531677;0.0184468508247242;1;0;0.0576569597017747;0;2
"Aggr";38;"5 A1 LEMA";1.41847826086957;0.418478260869565;1;6;3;3;0.037700320679339;0.0892669851214287;0.0384518753713374;0;0.241742453861975;0;4
"Aggr";39;"5 A2 LEMA";1.46052631578947;0.460526315789474;1;4;2;2;0.0409788075708942;0.0198337169278115;0.0858119291074759;0;0.0452446274639501;0;4
"Aggr";40;"5 A3 CHFU";2.1;1.1;1;4;2;2;0.153905166017472;0.122403649067355;0.551846083548011;0;0.0550059577362284;0;4
"Aggr";41;"5 A3 LEMA";1.2;0.2;1;2;1;1;0.0380649040895431;0.00822242328674541;0.0256518936680491;0;0.0174738519942624;0;2
"Aggr";42;"5 A4 CHFU";1.1;0.1;1;2;1;1;0.0524668222527152;0.0368937016494521;1;0;0.0576569597017747;0;2
"Aggr";43;"5 A4 LEMA";1.04347826086957;0.0434782608695652;1;2;1;1;0.0155414887671008;0.00371227904008857;0.0620907186830587;0;0.039311787212914;0;2
"Aggr";44;"5 A5 CHFU";1.1;0.1;1;2;1;1;0.0524668222527346;0.0368937016494482;1;0;0.0576569597017747;0;2
"Aggr";45;"5 A6 LEMA";1.01754385964912;0.0175438596491228;1;2;1;1;0.0158109333553696;0.0047013611183707;0.671134647403496;0;0.0449939581548307;0;2
"Aggr";46;"5 B1 CHFU";1.05;0.05;1;2;1;1;0.0312168222532151;0.0184468508247147;1;0;0.0576569597017747;0;2
"Aggr";47;"5 B2 CHFU";1.3;0.3;1;4;2;2;0.0487968333168287;0.180949137511013;0.525587864640313;0;0.3538314607083;0;4
"Aggr";48;"5 B2 LEMA";1.16008771929825;0.160087719298246;1;4;2;2;0.0304450499889608;0.0906538655798874;0.464481674695873;0;0.246664626008162;0;4
"Aggr";49;"5 B3 CHFU";1.25;0.25;1;2;1;1;0.0275468333172821;0.162502286686285;0.0511757292806258;0;0.650005961714825;0;2
"Aggr";50;"5 B4 LEMA";1.03508771929825;0.0350877192982456;1;2;1;1;0.0216550444571682;0.00940272223673514;0.671134647403496;0;0.0449939581548307;0;2
"Aggr";51;"5 B5 LEMA";1.01754385964912;0.0175438596491228;1;2;1;1;0.0158109333553598;0.00470136111837267;0.671134647403496;0;0.0449939581548307;0;2
"Aggr";52;"5 C1 LEMA";1.09290271132376;0.092902711323764;1;6;3;3;0.0308088844624253;0.0175868168597344;0.591608938166506;0;0.0516686245424292;0;6
"Aggr";53;"5 C3 CHFU";2;1;1;2;1;1;0.0664454816902203;0;0;0;9.47167486955016e-06;0;2
"Aggr";54;"5 C3 LEMA";1.01754385964912;0.0175438596491228;1;2;1;1;0.0158109333554014;0.00470136111836428;0.671134647403496;0;0.0449939581548307;0;2
"Aggr";55;"5 C4 CHFU";1.05;0.05;1;2;1;1;0.0312168222531908;0.0184468508247195;1;0;0.0576569597017747;0;2
"Aggr";56;"5 C4 LEMA";1.0402711323764;0.0402711323763955;1;4;2;2;0.0254700242643093;0.0130862933114179;0.835567323701748;0;0.0513254589283027;0;4
"Aggr";57;"5 C5 LEMA";1.06818181818182;0.0681818181818182;1;2;1;1;0.038944094980299;0.0251547965791661;1;0;0.0576569597017747;0;2
"Aggr";58;"5 D1 CHFU";1.08333333333333;0.0833333333333333;1;2;1;1;0.0216743563518682;0.00342600970281917;0.025651893668049;0;0.0174738519942624;0;2
"Aggr";59;"5 D1 LEMA";2.5761736356702;1.5761736356702;1;10;5;5;0.126373640633546;0.0800097938260257;0.728814339200722;0;0.0482961963486363;0;6
"Aggr";60;"5 D2 CHFU";1.1;0.1;1;2;1;1;0.0524668222527932;0.0368937016494364;1;0;0.0576569597017747;0;2
"Aggr";61;"5 D2 LEMA";1.27272727272727;0.272727272727273;1;4;2;2;0.0372059242261273;0.170887218879351;0.367450486187084;0;0.452556294377141;0;4
"Aggr";62;"5 D4 LEMA";1.01754385964912;0.0175438596491228;1;2;1;1;0.015810933355382;0.00470136111836819;0.671134647403496;0;0.0449939581548307;0;2
"Aggr";63;"5 D5 CHFU";1.05;0.05;1;2;1;1;0.0312168222531776;0.0184468508247222;1;0;0.0576569597017747;0;2
"Aggr";64;"5 D5 LEMA";1.125;0.125;1;2;1;1;0.0187568277854477;0.0812511433431415;0.0511757292806258;0;0.650005961714825;0;2
"Aggr";65;"5 E1 CHFU";1.58333333333333;0.583333333333333;1;4;2;2;0.0857830212573148;0.0461172186637955;0.0438713061755537;0;0.0283928196035882;0;4
"Aggr";66;"5 E1 LEMA";1.29326156299841;0.293261562998405;1;8;4;4;0.0667903142084946;0.121326975751039;0.604925810748829;0;0.124706333688547;0;6
"Aggr";67;"5 E5 LEMA";1.04347826086957;0.0434782608695652;1;2;1;1;0.0155414887671394;0.00371227904008078;0.0620907186830585;0;0.039311787212914;0;2
"Aggr";68;"5 F1 LEMA";1.01754385964912;0.0175438596491228;1;2;1;1;0.015810933355417;0.00470136111836113;0.671134647403496;0;0.0449939581548307;0;2
"Aggr";69;"5 F4 LEMA";1.08695652173913;0.0869565217391304;1;2;1;1;0.0211161552805995;0.00742455808017717;0.0620907186830586;0;0.039311787212914;0;2
"Aggr";70;"5 F5 CHFU";1.05;0.05;1;2;1;1;0.031216822253215;0.0184468508247147;1;0;0.0576569597017747;0;2
"Aggr";71;"5 F6 CHFU";2.08333333333333;1.08333333333333;1;4;2;2;0.0714363868893068;0.00517531561023644;0.00528471578429193;0;0.00528574144366914;0;2
"Aggr";72;"6 A1 LEMA";1.09808612440191;0.0980861244019139;1;4;2;2;0.0468173373767505;0.0308739477412132;0.802680788442097;0;0.0500591587736083;0;4
"Aggr";73;"6 A2 CHFU";1.55;0.55;1;4;2;2;0.0617668770595373;0.0260367984563422;0.50853717747076;0;0.0366710061781134;0;4
"Aggr";74;"6 A3 CHFU";2.05;1.05;1;6;3;3;0.125875541964938;0.0687280074173278;0.359721691208193;0;0.037551266523047;0;4
"Aggr";75;"6 A3 LEMA";1.22272727272727;0.222727272727273;1;4;2;2;0.0477239949984179;0.0166073554798057;0.512825946834024;0;0.0375654058480186;0;4
"Aggr";76;"6 A4 LEMA";1.07535885167464;0.0753588516746412;1;4;2;2;0.0249647733606459;0.0128854557413661;0.551846083548011;0;0.0550059577362284;0;4
"Aggr";77;"6 A5 CHFU";2;1;1;2;1;1;0.0287809349454195;0.00388905017456389;0.00446397567365147;0;0.0308541503070674;0;2
"Aggr";78;"6 A6 CHFU";1.05;0.05;1;2;1;1;0.031216822253217;0.0184468508247143;1;0;0.0576569597017747;0;2
"Aggr";79;"6 A6 LEMA";1.02272727272727;0.0227272727272727;1;2;1;1;0.0196259131624784;0.0083849321930599;1;0;0.0576569597017747;0;2
"Aggr";80;"6 B1 LEMA";1.26620553359684;0.266205533596838;1;6;3;3;0.0532986615119153;0.0203196345198945;0.362580870783702;0;0.0381475329696503;0;4
"Aggr";81;"6 B2 LEMA";1.04347826086957;0.0434782608695652;1;2;1;1;0.0155414887670919;0.00371227904009036;0.0620907186830585;0;0.039311787212914;0;2
"Aggr";82;"6 B3 CHFU";2.33333333333333;1.33333333333333;1;4;2;2;0.0859742141316839;0.0159504582340457;0.0171884113265007;0;0.0135609002935313;0;2
"Aggr";83;"6 B3 LEMA";2.10647666597323;1.10647666597323;1;8;4;4;0.0769872103378039;0.031928614103062;0.34559571839507;0;0.0316389825111583;0;6
"Aggr";84;"6 B4 LEMA";1.7841082449206;0.784108244920602;1;12;6;6;0.0660210604108935;0.116147797811629;0.413591370864119;0;0.134956377992115;0;6
"Aggr";85;"6 B5 LEMA";1.02272727272727;0.0227272727272727;1;2;1;1;0.0196259131624694;0.00838493219306172;1;0;0.0576569597017747;0;2
"Aggr";86;"6 B6 LEMA";1.07017543859649;0.0701754385964912;1;2;1;1;0.0333432666607129;0.0188054444734747;0.671134647403496;0;0.0449939581548307;0;2
"Aggr";87;"6 C1 LEMA";2.33054226475279;1.33054226475279;1;8;4;4;0.0694438834915594;0.0318932595319656;0.56017070793899;0;0.0421598833762167;0;4
"Aggr";88;"6 C3 LEMA";1.04347826086957;0.0434782608695652;1;2;1;1;0.0155414887671005;0.00371227904008861;0.0620907186830587;0;0.039311787212914;0;2
"Aggr";89;"6 C4 LEMA";1.29545454545455;0.295454545454545;1;4;2;2;0.0424212288274538;0.0515884773502078;0.516996451325701;0;0.101681094972572;0;4
"Aggr";90;"6 C6 LEMA";1.07017543859649;0.0701754385964912;1;4;2;2;0.0211497935534919;0.00920188466668599;0.387413407249759;0;0.0486744569627564;0;4
"Aggr";91;"6 D1 LEMA";1.11562998405104;0.115629984051037;1;6;3;3;0.0404679753713447;0.0259717490527857;0.69370670362488;0;0.0531657083322655;0;6
"Aggr";92;"6 D2 LEMA";1.5;0.5;1;2;1;1;0.0267362283359712;0.00217616116445126;0.00263486632223173;0;0.0230446285396991;0;2
"Aggr";93;"6 D3 LEMA";1.61365369946606;0.613653699466056;1;8;4;4;0.0434938661494081;0.0150903248712162;0.209888099876202;0;0.0399263324195315;0;6
"Aggr";94;"6 D4 LEMA";1.02272727272727;0.0227272727272727;1;2;1;1;0.0196259131624994;0.00838493219305565;1;0;0.0576569597017747;0;2
"Aggr";95;"6 D5 LEMA";1.2902711323764;0.290271132376396;1;6;3;3;0.0351265687890377;0.0149179160459832;0.561808541518929;0;0.0398180773645425;0;4
"Aggr";96;"6 D6 LEMA";1.2;0.2;1;2;1;1;0.0380649040894925;0.00822242328675561;0.025651893668049;0;0.0174738519942624;0;2
"Aggr";97;"6 E1 LEMA";1.33695652173913;0.33695652173913;1;4;2;2;0.0307726998054092;0.00925618081472613;0.04615747150647;0;0.0318089628876168;0;4
"Aggr";98;"6 E2 LEMA";1.05263157894737;0.0526315789473684;1;2;1;1;0.0153056824517154;0.00450052354831706;0.103692167096022;0;0.0523549557706821;0;2
"Aggr";99;"6 E3 CHFU";2;1;1;2;1;1;0.0435056344183274;0.00435232232890528;0.00263486632223172;0;0.0230446285396991;0;2
"Aggr";100;"6 E5 ME";2;1;1;2;1;1;0.0802868665082529;0.650009146745155;0.0511757292806258;0;0.650005961714825;0;2
"Aggr";101;"6 F2 CHFU";1.5;0.5;1;2;1;1;0.0362392717657924;0.0696372259281773;0.0339929026514026;0;0.145705230243369;0;2
"Aggr";102;"6 F2 LEMA";1.01754385964912;0.0175438596491228;1;2;1;1;0.0158109333553851;0.00470136111836757;0.671134647403496;0;0.0449939581548307;0;2
"Aggr";103;"6 F3 LEMA";1.02272727272727;0.0227272727272727;1;2;1;1;0.0196259131625185;0.0083849321930518;1;0;0.0576569597017747;0;2
"Aggr";104;"6 F4 LEMA";1.07535885167464;0.0753588516746412;1;4;2;2;0.0249647733606701;0.0128854557413612;0.551846083548011;0;0.0550059577362284;0;4
"Aggr";105;"6 F5 LEMA";1.07856598016781;0.0785659801678108;1;4;2;2;0.0272297109707099;0.0131150012768151;0.468120004496684;0;0.0430999011741918;0;4
"Aggr";106;"6 F6 LEMA";1.04347826086957;0.0434782608695652;1;2;1;1;0.0155414887671136;0.00371227904008599;0.0620907186830587;0;0.039311787212914;0;2
"Aggr";107;"Andrena_cinerea";7.81666666666667;4.81666666666667;3;18;9;9;0.185452584789192;0.214265372347079;0;0.0339929026514026;0.224155879875764;0;6
"Aggr";108;"Bruchidae";1.83333333333333;0.833333333333333;1;4;2;2;0.0718824818943169;0.023353356393939;0;0.0170743549415207;0.0241256519093391;0;4
"Aggr";109;"Cantharidae";3.16666666666667;1.16666666666667;2;4;2;2;0.0442685004523509;0.00598306992148174;0;0.00446397567365138;0.0474626301981324;0;2
"Aggr";110;"Chrysotoxum_sp.";1.34285714285714;0.342857142857143;1;4;2;2;0.026325677630392;0.0160386246923025;0;0.00704633358562832;0.0657085764908013;0;4
"Aggr";111;"Coleoptera";2.03333333333333;1.03333333333333;1;8;4;4;0.0454425624710852;0.0112713659105838;0;0.0142909771532927;0.0258460473389994;0;4
"Aggr";112;"Dilophus_sp.";28.397619047619;26.397619047619;2;84;42;42;1;0.567587422949207;0;1;0.0886975536752785;0;6
"Aggr";113;"Diptera";10;8;2;22;11;11;0.330565668653522;0.0632485198702215;0;0.0256518936680489;0.0268776396881878;0;4
"Aggr";114;"Empididae";6.36666666666667;5.36666666666667;1;16;8;8;0.265749599385285;0.0964856632728272;0;0.0359171502444512;0.0188993949706268;0;4
"Aggr";115;"Episyrphus_balteatus";2;1;1;2;1;1;0.0664454816899124;0;0;0;9.47167486955016e-06;0;2
"Aggr";116;"Eristalis_sp.";1.5;0.5;1;2;1;1;0.0426863866474105;0.0103769456049693;0;0.00788509526850159;0.0205687374308188;0;2
"Aggr";117;"Eucera_sp.";4.25;2.25;2;6;3;3;0.0789148521511814;0.00669578628346731;0;0.00263486632223144;0.0354480302460047;0;2
"Aggr";118;"Eupeodes_corollae";10.3511904761905;7.35119047619048;3;24;12;12;0.248188391480248;1;0;0.0511757292806254;1;0;6
"Aggr";119;"Lomatia_sp.";1.33333333333333;0.333333333333333;1;2;1;1;0.0343261829248233;0.0034559812489623;0;0.000261446643403768;0.00881793614293823;0;2
"Aggr";120;"Malachius_bipustulatus";1.08333333333333;0.0833333333333333;1;2;1;1;0.0189182884656257;0.0043339248179911;0;0.00277143214444102;0.0313959705110559;0;2
"Aggr";121;"Meligethes_sp.";12.1384920634921;10.1384920634921;2;40;20;20;0.301687834855477;0.131355717607263;0;0.0620907186830581;0.0604743263033525;0;6
"Aggr";122;"Mordellidae";1.75;0.75;1;4;2;2;0.0410638881025216;0.00784422200195703;0;0.00977527217766193;0.0208904367126479;0;4
"Aggr";123;"Nemotelus_sp.";2.94444444444444;1.94444444444444;1;8;4;4;0.0629121241408797;0.0264830903363963;0;0.00208917815032775;0.05524023291582;0;4
"Aggr";124;"Odontomyia_sp.";2.11111111111111;1.11111111111111;1;6;3;3;0.0444695919883241;0.0063170875478439;0;0.00916986504742645;0.0197605543168464;0;4
"Aggr";125;"Psilothrix_viridicoerulea";26.3964285714286;24.3964285714286;2;80;40;40;0.783798430127097;0.412267404372386;0;0.67113464740349;0.0692160921579522;0;6
"Aggr";126;"Scaeva_sp.";1.8;0.8;1;2;1;1;0.0585435653383569;0.00269120198716196;0;0.000192921313352434;0.00343906098904813;0;2
"Aggr";127;"Sphaerophoria_scripta";9.38452380952381;7.38452380952381;2;32;16;16;0.238678455912205;0.13155191407088;0;0.103692167096021;0.0805406577635647;0;6
