"Layer";"Node";"Label";"Degree";"DegreeIn";"DegreeOut";"Strength";"StrengthIn";"StrengthOut";"PageRank";"Eigenvector";"Hub";"Authority";"Katz";"Multiplexity";"Kcore"
"1";1;"A2 CHFU";4;2;2;1.58823529411765;0.588235294117647;1;0.137260832703621;0.11764705882353;0.754914717048514;5.56091857682597e-17;0.11764757398715;0;2
"1";2;"A3 CHFU";2;1;1;1.02941176470588;0.0294117647058824;1;0.0442089389023805;0.0294117647058824;1;2.08534446630974e-17;0.029411501345872;0;2
"1";3;"A3 LEMA";0;0;0;0;0;0;0.0192089389023805;0;0;1.39022964420649e-17;0;0;0
"1";4;"A4 CHFU";2;1;1;1.02941176470588;0.0294117647058824;1;0.0442089389023805;0.0294117647058824;1;2.08534446630974e-17;0.029411501345872;0;2
"1";5;"A5 LEMA";0;0;0;0;0;0;0.0192089389023805;0;0;1.39022964420649e-17;0;0;0
"1";6;"A6 CHFU";2;1;1;1.02941176470588;0.0294117647058824;1;0.0442089389023805;0.0294117647058824;1;2.08534446630974e-17;0.029411501345872;0;2
"1";7;"B1 CHFU";6;3;3;2.36274509803922;1.36274509803922;1;0.121832872274869;0.0882352941176464;0.349405791896652;1.11218371536519e-16;0.0882366359055626;0;4
"1";8;"B2 CHFU";2;1;1;1.02941176470588;0.0294117647058824;1;0.0442089389023805;0.0294117647058824;1;2.08534446630974e-17;0.029411501345872;0;2
"1";9;"B2 LEMA";0;0;0;0;0;0;0.0192089389023805;0;0;1.39022964420649e-17;0;0;0
"1";10;"B3 CHFU";2;1;1;2;1;1;0.128059592682536;0.104577121553737;0;3.47557411051623e-17;0.104575964668862;0;2
"1";11;"B4 LEMA";0;0;0;0;0;0;0.0192089389023805;0;0;1.39022964420649e-17;0;0;0
"1";12;"B5 LEMA";0;0;0;0;0;0;0.0192089389023805;0;0;1.39022964420649e-17;0;0;0
"1";13;"B6 LEMA";0;0;0;0;0;0;0.0192089389023805;0;0;1.39022964420649e-17;0;0;0
"1";14;"C1 CHFU";2;1;1;1.33333333333333;0.333333333333333;1;0.0583711395481028;0.0294117647058797;0.0175331832562624;2.08534446630974e-17;0.0294130304520706;0;2
"1";15;"C3 CHFU";4;2;2;1.66666666666667;0.666666666666667;1;0.099934189292563;0.0588235294117588;0.0152407865133809;4.17068893261948e-17;0.0588263899111783;0;4
"1";16;"C3 LEMA";0;0;0;0;0;0;0.0192089389023805;0;0;1.39022964420649e-17;0;0;0
"1";17;"C4 LEMA";0;0;0;0;0;0;0.0192089389023805;0;0;1.39022964420649e-17;0;0;0
"1";18;"C5 CHFU";2;1;1;1.33333333333333;0.333333333333333;1;0.0607719886468407;0.029411764705879;0.0129483897704992;2.08534446630974e-17;0.0294133594591077;0;2
"1";19;"C5 LEMA";0;0;0;0;0;0;0.0192089389023805;0;0;1.39022964420649e-17;0;0;0
"1";20;"C6 CHFU";4;2;2;2.02941176470588;1.02941176470588;1;0.0947734433963269;0.0588235294117657;0.512077084293433;5.56091857682597e-17;0.0588249634668395;0;2
"1";21;"D2 CHFU";2;1;1;2;1;1;0.128059592682536;0.104579035383806;0;3.47557411051623e-17;0.104575964668862;0;2
"1";22;"D2 LEMA";0;0;0;0;0;0;0.0192089389023805;0;0;1.39022964420649e-17;0;0;0
"1";23;"D3 CHFU";2;1;1;1.5;0.5;1;0.062260832703621;0.0294117647058825;0.0196588681940552;2.08534446630974e-17;0.0294130699495341;0;2
"1";24;"D3 LEMA";0;0;0;0;0;0;0.0192089389023805;0;0;1.39022964420649e-17;0;0;0
"1";25;"D4 CHFU";4;2;2;1.45098039215686;0.450980392156863;1;0.158371139548103;0.147058823529409;0.803506636651253;4.17068893261948e-17;0.147059035835559;0;4
"1";26;"D5 LEMA";0;0;0;0;0;0;0.0192089389023805;0;0;1.39022964420649e-17;0;0;0
"1";27;"D5 ME";0;0;0;0;0;0;0.0192089389023805;0;0;1.39022964420649e-17;0;0;0
"1";28;"D6 LEMA";0;0;0;0;0;0;0.0192089389023805;0;0;1.39022964420649e-17;0;0;0
"1";29;"D6 ME";0;0;0;0;0;0;0.0192089389023805;0;0;1.39022964420649e-17;0;0;0
"1";30;"E1 CHFU";4;2;2;1.45098039215686;0.450980392156863;1;0.151163857468315;0.147058823529412;0.807445991813296;4.17068893261948e-17;0.147058121873246;0;4
"1";31;"E1 LEMA";0;0;0;0;0;0;0.0192089389023805;0;0;1.39022964420649e-17;0;0;0
"1";32;"E2 LEMA";0;0;0;0;0;0;0.0192089389023805;0;0;1.39022964420649e-17;0;0;0
"1";33;"E3 CHFU";4;2;2;2.02941176470588;1.02941176470588;1;0.094773443396327;0.058823529411766;0.512077084293433;5.56091857682597e-17;0.0588249634668395;0;2
"1";34;"E3 LEMA";0;0;0;0;0;0;0.0192089389023805;0;0;1.39022964420649e-17;0;0;0
"1";35;"E3 ME";0;0;0;0;0;0;0.0192089389023805;0;0;1.39022964420649e-17;0;0;0
"1";36;"E4 CHFU";6;3;3;1.69607843137255;0.696078431372549;1;0.117726907212775;0.0882352941176442;0.350059449612327;1.11218371536519e-16;0.0882369772947379;0;4
"1";37;"E4 LEMA";0;0;0;0;0;0;0.0192089389023805;0;0;1.39022964420649e-17;0;0;0
"1";38;"E5 CHFU";2;1;1;2;1;1;0.128059592682536;0.104579455539457;0;3.47557411051623e-17;0.104575964668862;0;2
"1";39;"E5 LEMA";0;0;0;0;0;0;0.0192089389023805;0;0;1.39022964420649e-17;0;0;0
"1";40;"E6 LEMA";0;0;0;0;0;0;0.0192089389023805;0;0;1.39022964420649e-17;0;0;0
"1";41;"E6 ME";0;0;0;0;0;0;0.0192089389023805;0;0;1.39022964420649e-17;0;0;0
"1";42;"F1 CHFU";2;1;1;1.14705882352941;0.147058823529412;1;0.14420893890238;0.147058823529412;1;4.17068893261948e-17;0.14705750672936;0;2
"1";43;"F1 LEMA";0;0;0;0;0;0;0.0192089389023805;0;0;1.39022964420649e-17;0;0;0
"1";44;"F2 LEMA";0;0;0;0;0;0;0.0192089389023805;0;0;1.39022964420649e-17;0;0;0
"1";45;"F4 CHFU";2;1;1;1.08823529411765;0.0882352941176471;1;0.0942089389023805;0.0882352941176472;1;2.78045928841298e-17;0.0882345040376159;0;2
"1";46;"F4 ME";0;0;0;0;0;0;0.0192089389023805;0;0;1.39022964420649e-17;0;0;0
"1";47;"F5 CHFU";2;1;1;1.05882352941176;0.0588235294117647;1;0.0692089389023805;0.0588235294117648;1;3.47557411051623e-17;0.058823002691744;0;2
"1";48;"F5 LEMA";0;0;0;0;0;0;0.0192089389023805;0;0;1.39022964420649e-17;0;0;0
"1";49;"F6 CHFU";2;1;1;1.14705882352941;0.147058823529412;1;0.14420893890238;0.147058823529412;1;4.17068893261948e-17;0.14705750672936;0;2
"1";50;"F6 LEMA";0;0;0;0;0;0;0.0192089389023805;0;0;1.39022964420649e-17;0;0;0
"1";51;"Andrena_cinerea";2;1;1;2;1;1;0.128059592682536;0.104579455539456;0;3.47557411051623e-17;0.104575964668862;0;2
"1";52;"Anthaxia_semicuprea";0;0;0;0;0;0;0.0192089389023805;0;0;1.39022964420649e-17;0;0;0
"1";53;"Bruchidae";2;1;1;2;1;1;0.128059592682536;0.104577121553737;0;3.47557411051623e-17;0.104575964668862;0;2
"1";54;"Dilophus_sp.";30;15;15;13.0166666666667;12.0166666666667;1;1;1;0;1;1;0;4
"1";55;"Diptera";2;1;1;1.33333333333333;0.333333333333333;1;0.0537282527135933;0.0294117647058821;0;0.010987416623475;0.0294122664329501;0;2
"1";56;"Episyrphus_balteatus";6;3;3;2.7;1.7;1;0.138219531690785;0.0882352941176409;0;0.0175331832562625;0.0882389279858451;0;4
"1";57;"Eucera_sp.";0;0;0;0;0;0;0.0192089389023805;0;0;1.39022964420649e-17;0;0;0
"1";58;"Eupeodes_corollae";6;3;3;2.83333333333333;1.83333333333333;1;0.146693116745154;0.0882352941176387;0;0.0129483897704993;0.0882399150168266;0;4
"1";59;"Lagorina_sericea";0;0;0;0;0;0;0.0192089389023805;0;0;1.39022964420649e-17;0;0;0
"1";60;"Lomatia_sp.";2;1;1;2;1;1;0.128059592682536;0.104579035383806;0;3.47557411051623e-17;0.104575964668862;0;2
"1";61;"Malachius_bipustulatus";0;0;0;0;0;0;0.0192089389023805;0;0;1.39022964420649e-17;0;0;0
"1";62;"Melanostoma_sp.";0;0;0;0;0;0;0.0192089389023805;0;0;1.39022964420649e-17;0;0;0
"1";63;"Meligethes_sp.";0;0;0;0;0;0;0.0192089389023805;0;0;1.39022964420649e-17;0;0;0
"1";64;"Melyridae";2;1;1;1.5;0.5;1;0.0594876523458194;0.0294117647058832;0;0.0241541685868668;0.0294127104884257;0;2
"1";65;"Mordellidae";0;0;0;0;0;0;0.0192089389023805;0;0;1.39022964420649e-17;0;0;0
"1";66;"Musca_sp.";6;3;3;1.86666666666667;0.866666666666667;1;0.112782065526826;0.0882352941176466;9.05259657724283e-17;0.0372299590664799;0.0882361860714888;0;4
"1";67;"Psilothrix_viridicoerulea";0;0;0;0;0;0;0.0192089389023805;0;0;1.39022964420649e-17;0;0;0
"1";68;"Scaeva_sp.";2;1;1;1.5;0.5;1;0.0594876523458194;0.0294117647058828;0;0.0241541685868668;0.0294127104884257;0;2
"1";69;"Sphaerophoria_scripta";4;2;2;2.25;1.25;1;0.101298573649978;0.0588235294117647;0;0.0196588681940553;0.0588256823962454;0;2
"2";1;"A2 CHFU";0;0;0;0;0;0;0.0180225787804539;0;0;0;0;0;0
"2";2;"A3 CHFU";0;0;0;0;0;0;0.0180225787804539;0;0;0;0;0;0
"2";3;"A3 LEMA";4;2;2;1.27;0.27;1;0.0562403710725187;0;0.517306858434143;0;0.0399999861702191;0;4
"2";4;"A4 CHFU";0;0;0;0;0;0;0.0180225787804539;0;0;0;0;0;0
"2";5;"A5 LEMA";4;2;2;1.18666666666667;0.186666666666667;1;0.0750522973495311;0;0.364863444360531;0;0.0600000563463185;0;4
"2";6;"A6 CHFU";0;0;0;0;0;0;0.0180225787804539;0;0;0;0;0;0
"2";7;"B1 CHFU";0;0;0;0;0;0;0.0180225787804539;0;0;0;0;0;0
"2";8;"B2 CHFU";0;0;0;0;0;0;0.0180225787804539;0;0;0;0;0;0
"2";9;"B2 LEMA";2;1;1;1.02;0.02;1;0.0350225787804539;0;1;0;0.0199998208485052;0;2
"2";10;"B3 CHFU";0;0;0;0;0;0;0.0180225787804539;0;0;0;0;0;0
"2";11;"B4 LEMA";4;2;2;1.20285714285714;0.202857142857143;1;0.0868910250335426;0;0.767849500997354;0;0.0799993157224095;0;4
"2";12;"B5 LEMA";8;4;4;2.97666666666667;1.97666666666667;1;0.204436580574086;0;0.355784292458517;0;0.180001071289374;0;4
"2";13;"B6 LEMA";2;1;1;1.08;0.08;1;0.0860225787804539;0;1;0;0.0799992833940209;0;2
"2";14;"C1 CHFU";0;0;0;0;0;0;0.0180225787804539;0;0;0;0;0;0
"2";15;"C3 CHFU";0;0;0;0;0;0;0.0180225787804539;0;0;0;0;0;0
"2";16;"C3 LEMA";2;1;1;1.16666666666667;0.166666666666667;1;0.0580522973495311;0;0.0472951665407971;0;0.0400002354978132;0;2
"2";17;"C4 LEMA";4;2;2;1.20285714285714;0.202857142857143;1;0.0868910250335426;0;0.767849500997354;0;0.0799993157224095;0;4
"2";18;"C5 CHFU";0;0;0;0;0;0;0.0180225787804539;0;0;0;0;0;0
"2";19;"C5 LEMA";8;4;4;3.24;2.24;1;0.144597150145398;0;0.414412196451677;0;0.100002341518958;0;4
"2";20;"C6 CHFU";0;0;0;0;0;0;0.0180225787804539;0;0;0;0;0;0
"2";21;"D2 CHFU";0;0;0;0;0;0;0.0180225787804539;0;0;0;0;0;0
"2";22;"D2 LEMA";4;2;2;1.20285714285714;0.202857142857143;1;0.0868910250335426;0;0.767849500997354;0;0.0799993157224095;0;4
"2";23;"D3 CHFU";0;0;0;0;0;0;0.0180225787804539;0;0;0;0;0;0
"2";24;"D3 LEMA";2;1;1;1.06;0.06;1;0.0690225787804539;0;1;0;0.0599994625455157;0;2
"2";25;"D4 CHFU";0;0;0;0;0;0;0.0180225787804539;0;0;0;0;0;0
"2";26;"D5 LEMA";2;1;1;1.08333333333333;0.0833333333333333;1;0.0380374380649925;0;0.0472951665407971;0;0.0200001177489066;0;2
"2";27;"D5 ME";0;0;0;0;0;0;0.0180225787804539;0;0;0;0;0;0
"2";28;"D6 LEMA";2;1;1;1.02;0.02;1;0.0350225787804539;0;1;0;0.0199998208485052;0;2
"2";29;"D6 ME";0;0;0;0;0;0;0.0180225787804539;0;0;0;0;0;0
"2";30;"E1 CHFU";0;0;0;0;0;0;0.0180225787804539;0;0;0;0;0;0
"2";31;"E1 LEMA";2;1;1;1.04;0.04;1;0.0520225787804539;0;1;0;0.0399996416970105;0;2
"2";32;"E2 LEMA";6;3;3;1.36285714285714;0.362857142857143;1;0.0730386360796947;0;0.376083177830996;0;0.0599997354380389;0;4
"2";33;"E3 CHFU";0;0;0;0;0;0;0.0180225787804539;0;0;0;0;0;0
"2";34;"E3 LEMA";10;5;5;3.6752380952381;2.6752380952381;1;0.270410312607556;0;0.33325424742719;0;0.259999832480693;0;4
"2";35;"E3 ME";0;0;0;0;0;0;0.0180225787804539;0;0;0;0;0;0
"2";36;"E4 CHFU";0;0;0;0;0;0;0.0180225787804539;0;0;0;0;0;0
"2";37;"E4 LEMA";2;1;1;2;1;1;0.120150525203026;0;2.3050334526975e-17;0;0.104242526091002;0;2
"2";38;"E5 CHFU";0;0;0;0;0;0;0.0180225787804539;0;0;0;0;0;0
"2";39;"E5 LEMA";2;1;1;1.1;0.1;1;0.103022578780454;0;1;0;0.0999991042425262;0;2
"2";40;"E6 LEMA";4;2;2;2.02;1.02;1;0.0788129483269507;0;0.5117384049621;0;0.0400019689269905;0;2
"2";41;"E6 ME";0;0;0;0;0;0;0.0180225787804539;0;0;0;0;0;0
"2";42;"F1 CHFU";0;0;0;0;0;0;0.0180225787804539;0;0;0;0;0;0
"2";43;"F1 LEMA";2;1;1;1.25;0.25;1;0.0780671566340697;0;0.0472951665407971;0;0.0600003532467199;0;2
"2";44;"F2 LEMA";2;1;1;1.1;0.1;1;0.103022578780454;0;1;0;0.0999991042425262;0;2
"2";45;"F4 CHFU";0;0;0;0;0;0;0.0180225787804539;0;0;0;0;0;0
"2";46;"F4 ME";0;0;0;0;0;0;0.0180225787804539;0;0;0;0;0;0
"2";47;"F5 CHFU";0;0;0;0;0;0;0.0180225787804539;0;0;0;0;0;0
"2";48;"F5 LEMA";4;2;2;1.28;0.28;1;0.106170189826606;0;0.811370305900714;0;0.0999993448066608;0;4
"2";49;"F6 CHFU";0;0;0;0;0;0;0.0180225787804539;0;0;0;0;0;0
"2";50;"F6 LEMA";4;2;2;1.46;0.46;1;0.109317800872758;0;0.622740611801429;0;0.0999995853707955;0;4
"2";51;"Andrena_cinerea";0;0;0;0;0;0;0.0180225787804539;0;0;0;0;0;0
"2";52;"Anthaxia_semicuprea";2;1;1;1.5;0.5;1;0.051518081819408;0;4.610066905395e-17;0.0234768099242004;0.020001305666281;0;2
"2";53;"Bruchidae";0;0;0;0;0;0;0.0180225787804539;0;0;0;0;0;0
"2";54;"Dilophus_sp.";12;6;6;5.04273504273504;4.04273504273504;1;0.282562719311133;0;1.844026762158e-16;0.0472951665407969;0.240002770589324;0;4
"2";55;"Diptera";0;0;0;0;0;0;0.0180225787804539;0;0;0;0;0;0
"2";56;"Episyrphus_balteatus";0;0;0;0;0;0;0.0180225787804539;0;0;0;0;0;0
"2";57;"Eucera_sp.";2;1;1;2;1;1;0.120150525203026;0;2.3050334526975e-17;0;0.104242526091002;0;2
"2";58;"Eupeodes_corollae";2;1;1;1.07692307692308;0.0769230769230769;1;0.0357032530663326;0;4.610066905395e-17;0.00235208715036287;0.0199998673005868;0;2
"2";59;"Lagorina_sericea";2;1;1;1.2;0.2;1;0.0426040943051716;0;0;0.00760472637740522;0.0200004767841607;0;2
"2";60;"Lomatia_sp.";0;0;0;0;0;0;0.0180225787804539;0;0;0;0;0;0
"2";61;"Malachius_bipustulatus";2;1;1;1.11111111111111;0.111111111111111;1;0.0373304780568954;0;0;0.00362714844019803;0.0200000348559914;0;2
"2";62;"Melanostoma_sp.";2;1;1;1.2;0.2;1;0.0426040943051715;0;0;0.00760472637740522;0.0200004767841607;0;2
"2";63;"Meligethes_sp.";8;4;4;2.13333333333333;1.13333333333333;1;0.118515359095013;0;9.22013381078999e-17;0.0568515295035726;0.100000264640585;0;4
"2";64;"Melyridae";2;1;1;1.23076923076923;0.230769230769231;1;0.0710646016380899;0;4.610066905395e-17;0.00705626145108863;0.0599996019017605;0;2
"2";65;"Mordellidae";4;2;2;1.83333333333333;0.833333333333333;1;0.0998484343155989;0;4.610066905395e-17;0.0346137168682866;0.0800004188657832;0;4
"2";66;"Musca_sp.";0;0;0;0;0;0;0.0180225787804539;0;0;0;0;0;0
"2";67;"Psilothrix_viridicoerulea";38;19;19;14.3576923076923;13.3576923076923;1;1;0;1.1064160572948e-15;1;1;0;4
"2";68;"Scaeva_sp.";0;0;0;0;0;0;0.0180225787804539;0;0;0;0;0;0
"2";69;"Sphaerophoria_scripta";10;5;5;2.31410256410256;1.31410256410256;1;0.147151910319554;0;0;0.0713980039894154;0.139999329806294;0;4
"3";1;"A2 CHFU";0;0;0;0;0;0;0.063419040304538;3.76496724681446e-17;5.17359241255779e-17;1.39083226232599e-17;0;0;0
"3";2;"A3 CHFU";0;0;0;0;0;0;0.063419040304538;3.76496724681446e-17;5.17359241255779e-17;1.39083226232599e-17;0;0;0
"3";3;"A3 LEMA";0;0;0;0;0;0;0.063419040304538;3.76496724681446e-17;5.17359241255779e-17;1.39083226232599e-17;0;0;0
"3";4;"A4 CHFU";0;0;0;0;0;0;0.063419040304538;3.76496724681446e-17;5.17359241255779e-17;1.39083226232599e-17;0;0;0
"3";5;"A5 LEMA";0;0;0;0;0;0;0.063419040304538;3.76496724681446e-17;5.17359241255779e-17;1.39083226232599e-17;0;0;0
"3";6;"A6 CHFU";0;0;0;0;0;0;0.063419040304538;3.76496724681446e-17;5.17359241255779e-17;1.39083226232599e-17;0;0;0
"3";7;"B1 CHFU";0;0;0;0;0;0;0.063419040304538;3.76496724681446e-17;5.17359241255779e-17;1.39083226232599e-17;0;0;0
"3";8;"B2 CHFU";0;0;0;0;0;0;0.063419040304538;3.76496724681446e-17;5.17359241255779e-17;1.39083226232599e-17;0;0;0
"3";9;"B2 LEMA";0;0;0;0;0;0;0.063419040304538;3.76496724681446e-17;5.17359241255779e-17;1.39083226232599e-17;0;0;0
"3";10;"B3 CHFU";0;0;0;0;0;0;0.063419040304538;3.76496724681446e-17;5.17359241255779e-17;1.39083226232599e-17;0;0;0
"3";11;"B4 LEMA";0;0;0;0;0;0;0.063419040304538;3.76496724681446e-17;5.17359241255779e-17;1.39083226232599e-17;0;0;0
"3";12;"B5 LEMA";0;0;0;0;0;0;0.063419040304538;3.76496724681446e-17;5.17359241255779e-17;1.39083226232599e-17;0;0;0
"3";13;"B6 LEMA";0;0;0;0;0;0;0.063419040304538;3.76496724681446e-17;5.17359241255779e-17;1.39083226232599e-17;0;0;0
"3";14;"C1 CHFU";0;0;0;0;0;0;0.063419040304538;3.76496724681446e-17;5.17359241255779e-17;1.39083226232599e-17;0;0;0
"3";15;"C3 CHFU";0;0;0;0;0;0;0.063419040304538;3.76496724681446e-17;5.17359241255779e-17;1.39083226232599e-17;0;0;0
"3";16;"C3 LEMA";0;0;0;0;0;0;0.063419040304538;3.76496724681446e-17;5.17359241255779e-17;1.39083226232599e-17;0;0;0
"3";17;"C4 LEMA";0;0;0;0;0;0;0.063419040304538;3.76496724681446e-17;5.17359241255779e-17;1.39083226232599e-17;0;0;0
"3";18;"C5 CHFU";0;0;0;0;0;0;0.063419040304538;3.76496724681446e-17;5.17359241255779e-17;1.39083226232599e-17;0;0;0
"3";19;"C5 LEMA";0;0;0;0;0;0;0.063419040304538;3.76496724681446e-17;5.17359241255779e-17;1.39083226232599e-17;0;0;0
"3";20;"C6 CHFU";0;0;0;0;0;0;0.063419040304538;3.76496724681446e-17;5.17359241255779e-17;1.39083226232599e-17;0;0;0
"3";21;"D2 CHFU";0;0;0;0;0;0;0.063419040304538;3.76496724681446e-17;5.17359241255779e-17;1.39083226232599e-17;0;0;0
"3";22;"D2 LEMA";0;0;0;0;0;0;0.063419040304538;3.76496724681446e-17;5.17359241255779e-17;1.39083226232599e-17;0;0;0
"3";23;"D3 CHFU";0;0;0;0;0;0;0.063419040304538;3.76496724681446e-17;5.17359241255779e-17;1.39083226232599e-17;0;0;0
"3";24;"D3 LEMA";0;0;0;0;0;0;0.063419040304538;3.76496724681446e-17;5.17359241255779e-17;1.39083226232599e-17;0;0;0
"3";25;"D4 CHFU";0;0;0;0;0;0;0.063419040304538;3.76496724681446e-17;5.17359241255779e-17;1.39083226232599e-17;0;0;0
"3";26;"D5 LEMA";0;0;0;0;0;0;0.063419040304538;3.76496724681446e-17;5.17359241255779e-17;1.39083226232599e-17;0;0;0
"3";27;"D5 ME";4;2;2;2.4;1.4;1;0.602404247503924;0.600000000000001;0.688790991736926;1.66899871479119e-16;0.599998399998267;0;2
"3";28;"D6 LEMA";0;0;0;0;0;0;0.063419040304538;3.76496724681446e-17;5.17359241255779e-17;1.39083226232599e-17;0;0;0
"3";29;"D6 ME";2;1;1;2;1;1;0.422793602030253;0.400010869511675;0;2.78166452465198e-17;0.399998933334571;0;2
"3";30;"E1 CHFU";0;0;0;0;0;0;0.063419040304538;3.76496724681446e-17;5.17359241255779e-17;1.39083226232599e-17;0;0;0
"3";31;"E1 LEMA";0;0;0;0;0;0;0.063419040304538;3.76496724681446e-17;5.17359241255779e-17;1.39083226232599e-17;0;0;0
"3";32;"E2 LEMA";0;0;0;0;0;0;0.063419040304538;3.76496724681446e-17;5.17359241255779e-17;1.39083226232599e-17;0;0;0
"3";33;"E3 CHFU";0;0;0;0;0;0;0.063419040304538;3.76496724681446e-17;5.17359241255779e-17;1.39083226232599e-17;0;0;0
"3";34;"E3 LEMA";0;0;0;0;0;0;0.063419040304538;3.76496724681446e-17;5.17359241255779e-17;1.39083226232599e-17;0;0;0
"3";35;"E3 ME";2;1;1;1.2;0.2;1;0.233419040304538;0.2;1;2.78166452465198e-17;0.199998799997867;0;2
"3";36;"E4 CHFU";0;0;0;0;0;0;0.063419040304538;3.76496724681446e-17;5.17359241255779e-17;1.39083226232599e-17;0;0;0
"3";37;"E4 LEMA";0;0;0;0;0;0;0.063419040304538;3.76496724681446e-17;5.17359241255779e-17;1.39083226232599e-17;0;0;0
"3";38;"E5 CHFU";0;0;0;0;0;0;0.063419040304538;3.76496724681446e-17;5.17359241255779e-17;1.39083226232599e-17;0;0;0
"3";39;"E5 LEMA";0;0;0;0;0;0;0.063419040304538;3.76496724681446e-17;5.17359241255779e-17;1.39083226232599e-17;0;0;0
"3";40;"E6 LEMA";0;0;0;0;0;0;0.063419040304538;3.76496724681446e-17;5.17359241255779e-17;1.39083226232599e-17;0;0;0
"3";41;"E6 ME";2;1;1;1.2;0.2;1;0.233419040304538;0.2;1;2.78166452465198e-17;0.199998799997867;0;2
"3";42;"F1 CHFU";0;0;0;0;0;0;0.063419040304538;3.76496724681446e-17;5.17359241255779e-17;1.39083226232599e-17;0;0;0
"3";43;"F1 LEMA";0;0;0;0;0;0;0.063419040304538;3.76496724681446e-17;5.17359241255779e-17;1.39083226232599e-17;0;0;0
"3";44;"F2 LEMA";0;0;0;0;0;0;0.063419040304538;3.76496724681446e-17;5.17359241255779e-17;1.39083226232599e-17;0;0;0
"3";45;"F4 CHFU";0;0;0;0;0;0;0.063419040304538;3.76496724681446e-17;5.17359241255779e-17;1.39083226232599e-17;0;0;0
"3";46;"F4 ME";2;1;1;1.2;0.2;1;0.233419040304538;0.2;1;2.78166452465198e-17;0.199998799997867;0;2
"3";47;"F5 CHFU";0;0;0;0;0;0;0.063419040304538;3.76496724681446e-17;5.17359241255779e-17;1.39083226232599e-17;0;0;0
"3";48;"F5 LEMA";0;0;0;0;0;0;0.063419040304538;3.76496724681446e-17;5.17359241255779e-17;1.39083226232599e-17;0;0;0
"3";49;"F6 CHFU";0;0;0;0;0;0;0.063419040304538;3.76496724681446e-17;5.17359241255779e-17;1.39083226232599e-17;0;0;0
"3";50;"F6 LEMA";0;0;0;0;0;0;0.063419040304538;3.76496724681446e-17;5.17359241255779e-17;1.39083226232599e-17;0;0;0
"3";51;"Andrena_cinerea";0;0;0;0;0;0;0.063419040304538;3.76496724681446e-17;5.17359241255779e-17;1.39083226232599e-17;0;0;0
"3";52;"Anthaxia_semicuprea";0;0;0;0;0;0;0.063419040304538;3.76496724681446e-17;5.17359241255779e-17;1.39083226232599e-17;0;0;0
"3";53;"Bruchidae";0;0;0;0;0;0;0.063419040304538;3.76496724681446e-17;5.17359241255779e-17;1.39083226232599e-17;0;0;0
"3";54;"Dilophus_sp.";2;1;1;2;1;1;0.422793602030253;0.400010869511675;0;2.78166452465198e-17;0.399998933334571;0;2
"3";55;"Diptera";0;0;0;0;0;0;0.063419040304538;3.76496724681446e-17;5.17359241255779e-17;1.39083226232599e-17;0;0;0
"3";56;"Episyrphus_balteatus";0;0;0;0;0;0;0.063419040304538;3.76496724681446e-17;5.17359241255779e-17;1.39083226232599e-17;0;0;0
"3";57;"Eucera_sp.";0;0;0;0;0;0;0.063419040304538;3.76496724681446e-17;5.17359241255779e-17;1.39083226232599e-17;0;0;0
"3";58;"Eupeodes_corollae";0;0;0;0;0;0;0.063419040304538;3.76496724681446e-17;5.17359241255779e-17;1.39083226232599e-17;0;0;0
"3";59;"Lagorina_sericea";0;0;0;0;0;0;0.063419040304538;3.76496724681446e-17;5.17359241255779e-17;1.39083226232599e-17;0;0;0
"3";60;"Lomatia_sp.";0;0;0;0;0;0;0.063419040304538;3.76496724681446e-17;5.17359241255779e-17;1.39083226232599e-17;0;0;0
"3";61;"Malachius_bipustulatus";0;0;0;0;0;0;0.063419040304538;3.76496724681446e-17;5.17359241255779e-17;1.39083226232599e-17;0;0;0
"3";62;"Melanostoma_sp.";0;0;0;0;0;0;0.063419040304538;3.76496724681446e-17;5.17359241255779e-17;1.39083226232599e-17;0;0;0
"3";63;"Meligethes_sp.";0;0;0;0;0;0;0.063419040304538;3.76496724681446e-17;5.17359241255779e-17;1.39083226232599e-17;0;0;0
"3";64;"Melyridae";0;0;0;0;0;0;0.063419040304538;3.76496724681446e-17;5.17359241255779e-17;1.39083226232599e-17;0;0;0
"3";65;"Mordellidae";0;0;0;0;0;0;0.063419040304538;3.76496724681446e-17;5.17359241255779e-17;1.39083226232599e-17;0;0;0
"3";66;"Musca_sp.";8;4;4;4.66666666666667;3.66666666666667;1;1;1;0;1;1;0;2
"3";67;"Psilothrix_viridicoerulea";2;1;1;1.33333333333333;0.333333333333333;1;0.234100243763983;0.200000000000001;0;0.066372975210778;0.1999988000012;0;2
"3";68;"Scaeva_sp.";0;0;0;0;0;0;0.063419040304538;3.76496724681446e-17;5.17359241255779e-17;1.39083226232599e-17;0;0;0
"3";69;"Sphaerophoria_scripta";0;0;0;0;0;0;0.063419040304538;3.76496724681446e-17;5.17359241255779e-17;1.39083226232599e-17;0;0;0
"Aggr";1;"A2 CHFU";4;2;2;1.58823529411765;0.588235294117647;1;0.066623260110072;0.0686379528057079;0.755281105341646;0;0.0686389138637927;0;4
"Aggr";2;"A3 CHFU";2;1;1;1.02941176470588;0.0294117647058824;1;0.0220616120051805;0.0180519369028219;1;1.74375593644393e-17;0.018051778184569;0;2
"Aggr";3;"A3 LEMA";4;2;2;1.27;0.27;1;0.0330995287916713;0.00604486894758261;0.047507082917297;2.79000949831029e-17;0.00604538343692611;0;4
"Aggr";4;"A4 CHFU";2;1;1;1.02941176470588;0.0294117647058824;1;0.0220616120051805;0.0180519369028219;1;1.74375593644393e-17;0.018051778184569;0;2
"Aggr";5;"A5 LEMA";4;2;2;1.18666666666667;0.186666666666667;1;0.0658569181161694;0.10410883058067;0.695951033741627;0;0.104108182362322;0;4
"Aggr";6;"A6 CHFU";2;1;1;1.02941176470588;0.0294117647058824;1;0.0220616120051805;0.0180519369028219;1;1.74375593644393e-17;0.018051778184569;0;2
"Aggr";7;"B1 CHFU";6;3;3;2.36274509803922;1.36274509803922;1;0.11850218363002;0.0435814820860636;0.347647438615538;0;0.0435855284814003;0;4
"Aggr";8;"B2 CHFU";2;1;1;1.02941176470588;0.0294117647058824;1;0.0220616120051805;0.0180519369028219;1;1.74375593644393e-17;0.018051778184569;0;2
"Aggr";9;"B2 LEMA";2;1;1;1.02;0.02;1;0.0186346958939472;0.00181452146467896;0.0878531012248816;6.97502374577573e-18;0.00181477264976425;0;2
"Aggr";10;"B3 CHFU";2;1;1;2;1;1;0.0915218578123143;1.82719446799861e-16;0;0;1.91911092921157e-06;0;2
"Aggr";11;"B4 LEMA";4;2;2;1.20285714285714;0.202857142857143;1;0.0364175250347829;0.00958131927896319;0.0711709312603074;0;0.00958248346646013;0;4
"Aggr";12;"B5 LEMA";8;4;4;2.97666666666667;1.97666666666667;1;0.14214431810589;0.125689853659047;0.254100745972427;0;0.125691242419989;0;4
"Aggr";13;"B6 LEMA";2;1;1;1.08;0.08;1;0.0333539475602472;0.00725808585871582;0.0878531012248816;6.97502374577573e-18;0.00725909059905702;0;2
"Aggr";14;"C1 CHFU";2;1;1;1.33333333333333;0.333333333333333;1;0.0352929453269209;0.00264399456526354;0.0117219008204661;0;0.00264461708060945;0;2
"Aggr";15;"C3 CHFU";4;2;2;1.66666666666667;0.666666666666667;1;0.0487455026409525;0.00688336181418245;0.0106730759139106;0;0.00688483765029784;0;4
"Aggr";16;"C3 LEMA";2;1;1;1.16666666666667;0.166666666666667;1;0.0609505008940694;0.102294309115991;1;0;0.102293409712558;0;2
"Aggr";17;"C4 LEMA";4;2;2;1.20285714285714;0.202857142857143;1;0.0364175250347829;0.00958131927896318;0.0711709312603074;0;0.00958248346646013;0;4
"Aggr";18;"C5 CHFU";2;1;1;1.33333333333333;0.333333333333333;1;0.0271808359858788;0.00423936724891892;0.00962425100735509;0;0.00424022056968839;0;2
"Aggr";19;"C5 LEMA";8;4;4;3.24;2.24;1;0.0808465626747306;0.00492354449240812;0.0360660618186134;0;0.00492652285124382;0;4
"Aggr";20;"C6 CHFU";4;2;2;2.02941176470588;1.02941176470588;1;0.0528072780841496;0.0222411528355319;0.508392119845194;1.39500474915515e-17;0.0222420475650771;0;2
"Aggr";21;"D2 CHFU";2;1;1;2;1;1;0.0915218578123143;1.68332555516472e-16;0;0;1.91911092921157e-06;0;2
"Aggr";22;"D2 LEMA";4;2;2;1.20285714285714;0.202857142857143;1;0.0364175250347829;0.00958131927896319;0.0711709312603074;0;0.00958248346646013;0;4
"Aggr";23;"D3 CHFU";2;1;1;1.5;0.5;1;0.041623260110072;0.0144821420972421;0.0211244213665853;6.97502374577573e-18;0.0144835793100858;0;2
"Aggr";24;"D3 LEMA";2;1;1;1.06;0.06;1;0.0284475303381472;0.00544356439403687;0.0878531012248816;0;0.00544431794929276;0;2
"Aggr";25;"D4 CHFU";4;2;2;1.45098039215686;0.450980392156863;1;0.0686262786602543;0.0748517421765512;0.802344380164093;3.48751187288787e-17;0.0748517298188854;0;4
"Aggr";26;"D5 LEMA";2;1;1;1.08333333333333;0.0833333333333333;1;0.0373393897829583;0.0511471545579954;1;6.97502374577573e-18;0.0511467048562788;0;2
"Aggr";27;"D5 ME";4;2;2;2.4;1.4;1;0.326527850412295;0.114794521130879;0.0528115300121092;0;0.114810576686133;0;4
"Aggr";28;"D6 LEMA";2;1;1;1.02;0.02;1;0.0186346958939472;0.00181452146467896;0.0878531012248816;6.97502374577573e-18;0.00181477264976425;0;2
"Aggr";29;"D6 ME";2;1;1;2;1;1;0.297061612005181;0.613765854695946;1;0;0.613760458275346;0;2
"Aggr";30;"E1 CHFU";4;2;2;1.45098039215686;0.450980392156863;1;0.103293870868053;0.0922647875253967;0.807058148881145;2.79000949831029e-17;0.092267066236543;0;4
"Aggr";31;"E1 LEMA";2;1;1;1.04;0.04;1;0.0235411131160472;0.00362904292935791;0.0878531012248816;1.39500474915515e-17;0.00362954529952851;0;2
"Aggr";32;"E2 LEMA";6;3;3;1.36285714285714;0.362857142857143;1;0.0372074097941289;0.00650488144045269;0.0375496903066147;4.18501424746544e-17;0.00650592085131635;0;4
"Aggr";33;"E3 CHFU";4;2;2;2.02941176470588;1.02941176470588;1;0.0518089928742696;0.038899620264358;0.509872097992847;0;0.0389007939757819;0;4
"Aggr";34;"E3 LEMA";10;5;5;3.6752380952381;2.6752380952381;1;0.174591206683561;0.155531444737778;0.191049423689517;0;0.155536674363395;0;4
"Aggr";35;"E3 ME";2;1;1;1.2;0.2;1;0.0474676339895707;0.0120342239484654;0.035290744405723;0;0.0120359720989603;0;2
"Aggr";36;"E4 CHFU";6;3;3;1.69607843137255;0.696078431372549;1;0.0917464281820848;0.0423483440658498;0.348304998471026;0;0.0423519522525245;0;4
"Aggr";37;"E4 LEMA";2;1;1;2;1;1;0.0915218578123143;1.67494237542925e-16;0;0;1.91911092921157e-06;0;2
"Aggr";38;"E5 CHFU";2;1;1;2;1;1;0.0915218578123143;1.6878135200736e-16;0;0;1.91911092921157e-06;0;2
"Aggr";39;"E5 LEMA";2;1;1;1.1;0.1;1;0.0382603647823473;0.00907260732339477;0.0878531012248816;6.97502374577573e-18;0.00907386324882127;0;2
"Aggr";40;"E6 LEMA";4;2;2;2.02;1.02;1;0.0474422430763479;0.00223560770439931;0.044663824366692;1.39500474915515e-17;0.00223710030969303;0;2
"Aggr";41;"E6 ME";2;1;1;1.2;0.2;1;0.0474676339895707;0.0120342239484654;0.035290744405723;0;0.0120359720989603;0;2
"Aggr";42;"F1 CHFU";2;1;1;1.14705882352941;0.147058823529412;1;0.0553949453385138;0.0902596845141096;1;0;0.0902588909228449;0;2
"Aggr";43;"F1 LEMA";2;1;1;1.25;0.25;1;0.0845616120051805;0.153441463673986;1;6.97502374577573e-18;0.153440114568836;0;2
"Aggr";44;"F2 LEMA";2;1;1;1.1;0.1;1;0.0382603647823473;0.00907260732339478;0.0878531012248816;6.97502374577573e-18;0.00907386324882127;0;2
"Aggr";45;"F4 CHFU";2;1;1;1.08823529411765;0.0882352941176471;1;0.0387282786718472;0.0541558107084658;1;0;0.054155334553707;0;2
"Aggr";46;"F4 ME";2;1;1;1.2;0.2;1;0.0474676339895707;0.0120342239484654;0.035290744405723;0;0.0120359720989603;0;2
"Aggr";47;"F5 CHFU";2;1;1;1.05882352941176;0.0588235294117647;1;0.0303949453385138;0.0361038738056438;1;0;0.036103556369138;0;2
"Aggr";48;"F5 LEMA";4;2;2;1.28;0.28;1;0.0439566667637933;0.00781069094956323;0.0710167906455807;1.39500474915515e-17;0.00781207328344174;0;4
"Aggr";49;"F6 CHFU";2;1;1;1.14705882352941;0.147058823529412;1;0.0553949453385138;0.0902596845141096;1;0;0.0902588909228449;0;2
"Aggr";50;"F6 LEMA";4;2;2;1.46;0.46;1;0.0496529687452394;0.00654877457573168;0.05418048006628;0;0.00655028331806222;0;4
"Aggr";51;"Andrena_cinerea";2;1;1;2;1;1;0.0915218578123143;1.60660675879774e-16;0;0;1.91911092921157e-06;0;2
"Aggr";52;"Anthaxia_semicuprea";2;1;1;1.5;0.5;1;0.033891231979295;0.000686069836727758;0;0.00147454750850229;0.000686891645504901;0;2
"Aggr";53;"Bruchidae";2;1;1;2;1;1;0.0915218578123143;1.75852013703434e-16;0;0;1.91911092921157e-06;0;2
"Aggr";54;"Dilophus_sp.";44;22;22;20.0594017094017;17.0594017094017;3;1;1;0;1;1;0;4
"Aggr";55;"Diptera";2;1;1;1.33333333333333;0.333333333333333;1;0.0473038973670194;0.00891627520048958;0;0.00765157144089129;0.00891726095520599;0;2
"Aggr";56;"Episyrphus_balteatus";6;3;3;2.7;1.7;1;0.076110588194378;0.0129234685101863;0;0.0117219008204662;0.0129254328423067;0;4
"Aggr";57;"Eucera_sp.";2;1;1;2;1;1;0.0915218578123143;1.70068466471795e-16;0;0;1.91911092921157e-06;0;2
"Aggr";58;"Eupeodes_corollae";8;4;4;3.91025641025641;1.91025641025641;2;0.0949592280990468;0.0207214227534004;0;0.00962425100735511;0.0207245932211315;0;4
"Aggr";59;"Lagorina_sericea";2;1;1;1.2;0.2;1;0.0274721943265514;0.000604380698703285;0;0.000476279157463176;0.000604888501821203;0;2
"Aggr";60;"Lomatia_sp.";2;1;1;2;1;1;0.0915218578123143;1.69357166373029e-16;0;0;1.91911092921157e-06;0;2
"Aggr";61;"Malachius_bipustulatus";2;1;1;1.11111111111111;0.111111111111111;1;0.0271530198262924;0.00857157116196148;0;0.00186421624806116;0.00857166251330216;0;2
"Aggr";62;"Melanostoma_sp.";2;1;1;1.2;0.2;1;0.0274721943265514;0.000604380698703287;0;0.000476279157463176;0.000604888501821203;0;2
"Aggr";63;"Meligethes_sp.";8;4;4;2.13333333333333;1.13333333333333;1;0.0623689364914475;0.00450175817552736;0;0.0036715483283776;0.00450367156273777;0;4
"Aggr";64;"Melyridae";4;2;2;2.73076923076923;0.730769230769231;2;0.0699938373390332;0.0339668347498148;0;0.019744195985694;0.0339681376514879;0;4
"Aggr";65;"Mordellidae";4;2;2;1.83333333333333;0.833333333333333;1;0.0680698018716431;0.0275697805639535;0;0.00716106460971232;0.0275705645726958;0;4
"Aggr";66;"Musca_sp.";14;7;7;6.53333333333333;4.53333333333333;2;0.396933591973219;0.0980359517916409;0;0.035290744405723;0.0980499657868328;0;4
"Aggr";67;"Psilothrix_viridicoerulea";40;20;20;15.6910256410256;13.6910256410256;2;0.577225555541179;0.147818704054321;0;0.0878531012248821;0.147839437375027;0;4
"Aggr";68;"Scaeva_sp.";2;1;1;1.5;0.5;1;0.0361713718576107;0.00682543008976172;0;0.0167842396903876;0.00682600702891121;0;2
"Aggr";69;"Sphaerophoria_scripta";14;7;7;4.56410256410256;2.56410256410256;2;0.131270500885764;0.0471910973425408;0;0.0211244213665854;0.0471950448655109;0;4
