"Layer";"Node";"Label";"Strength";"StrengthIn";"StrengthOut";"Degree";"DegreeIn";"DegreeOut";"PageRank";"Eigenvector";"Hub";"Authority";"Katz";"Multiplexity";"Kcore"
"1-Multi";1;"A1 CHFU";1.015625;0.015625;1;2;1;1;0.0388863377881821;1;0.999999999999999;2.05010126803678e-06;0.0794772926402299;0.2;2
"1-Multi";2;"A4 LEMA";1.10795454545455;0.107954545454545;1;4;2;2;0.0493245476071526;1;0.000795420294834215;7.06817643892929e-06;0.0612445253365661;0.2;4
"1-Multi";3;"A5 CHFU";1.125;0.125;1;2;1;1;0.0741430480850895;1;1;1.64008101443381e-05;0.0794772926402299;0.2;2
"1-Multi";4;"A5 LEMA";1.0625;0.0625;1;2;1;1;0.042811392563888;1;0.000915216136685683;6.74032397564715e-06;0.079550222956978;0.2;2
"1-Multi";5;"A5 ME";1.5;0.5;1;2;1;1;0.0615748721943796;1;6.37049107870633e-05;0.000118810872647183;0.119843341270969;0.2;2
"1-Multi";6;"A6 LEMA";1.1;0.1;1;2;1;1;0.0453026283239217;1;0.0169345971293124;0.000652113347005217;0.161888327337814;0.2;2
"1-Multi";7;"A6 PUPA";1.1;0.1;1;2;1;1;0.0461057571837038;1;0;0;1.13592413563014e-05;0.2;2
"1-Multi";8;"B1 CHFU";1.015625;0.015625;1;2;1;1;0.0388863377880946;1;0.999999999999999;2.05010126804859e-06;0.0794772926402299;0.2;2
"1-Multi";9;"B2 CHFU";1.38020833333333;0.380208333333333;1;4;2;2;0.0676734606488421;1;0.753879456645278;8.32394208227698e-06;0.0726975685823375;0.2;4
"1-Multi";10;"B3 CHFU";1.03125;0.03125;1;2;1;1;0.043923010687695;1;1;4.10020253609328e-06;0.0794772926402299;0.2;2
"1-Multi";11;"B3 LEMA";1.11688311688312;0.116883116883117;1;4;2;2;0.0460285394553777;1;0.000320373974835548;3.53693177993219e-06;0.0203548919188111;0.2;4
"1-Multi";12;"B3 ME";1.25;0.25;1;2;1;1;0.0477122685415361;1;6.37049107870616e-05;5.94054363235834e-05;0.119843341270969;0.2;2
"1-Multi";13;"B4 CHFU";1.015625;0.015625;1;2;1;1;0.0388863377881646;1;1;2.05010126805046e-06;0.0794772926402299;0.2;2
"1-Multi";14;"B4 LEMA";1.28571428571429;0.285714285714286;1;2;1;1;0.0565125429827704;1;8.49193385400408e-05;1.28363172665695e-05;0.0160766537418796;0.2;2
"1-Multi";15;"B4 PUPA";1.24285714285714;0.242857142857143;1;4;2;2;0.0594344869221217;1;0;0;1.13592413563014e-05;0.2;4
"1-Multi";16;"B5 CHFU";1.03125;0.03125;1;2;1;1;0.0439230106877069;1;0.999999999999999;4.10020253608703e-06;0.0794772926402299;0.2;2
"1-Multi";17;"B5 LEMA";1.30535714285714;0.305357142857143;1;6;3;3;0.0655957950462373;1;0.00378697361595286;0.000665271829614147;0.0706284161471059;0.2;4
"1-Multi";18;"B5 ME";1.25;0.25;1;2;1;1;0.0477122685415579;1;6.37049107870237e-05;5.94054363235901e-05;0.119843341270969;0.2;2
"1-Multi";19;"B5 PUPA";1.2;0.2;1;4;2;2;0.057644644047585;1;0;0;1.13592413563014e-05;0.2;4
"1-Multi";20;"B6 CHFU";1.09375;0.09375;1;2;1;1;0.0640697022859826;1;0.999999999999999;1.23006076082449e-05;0.0794772926402299;0.2;2
"1-Multi";21;"B6 LEMA";1.15340909090909;0.153409090909091;1;4;2;2;0.0558377026502731;1;0.000735522373908323;7.39602890222148e-06;0.0520916765263602;0.2;4
"1-Multi";22;"C1 LEMA";2.2625;1.2625;1;6;3;3;0.0865932169322638;1;0.00603460936007232;0.00144639516590149;0.120810926201092;0.2;4
"1-Multi";23;"C2 CHFU";2.53125;1.53125;1;6;3;3;0.0823622265344416;1;0.404957854426012;6.03882309463137e-06;0.05503093136252;0.2;4
"1-Multi";24;"C2 LEMA";1.26761363636364;0.267613636363636;1;6;3;3;0.0693229572911572;1;0.00390345981987822;0.000656467066382913;0.063067588116404;0.2;4
"1-Multi";25;"C2 PUPA";2.44285714285714;1.44285714285714;1;8;4;4;0.0986016159200587;1;0;0;1.13592413563014e-05;0.2;4
"1-Multi";26;"C3 CHFU";1.078125;0.078125;1;2;1;1;0.0590330293864497;1;1;1.02505063402106e-05;0.0794772926402299;0.2;2
"1-Multi";27;"C3 LEMA";1.27922077922078;0.279220779220779;1;4;2;2;0.0647205690653845;1;0.000367464902094656;7.40171602314976e-06;0.0212105395541974;0.2;4
"1-Multi";28;"C3 PUPA";1.14285714285714;0.142857142857143;1;2;1;1;0.047178394627014;1;0;0;1.13592413563014e-05;0.2;2
"1-Multi";29;"C4 LEMA";1.32224025974026;0.32224025974026;1;6;3;3;0.0663217061777401;1;0.000440169816687072;1.66954143888437e-05;0.0386605895392229;0.2;4
"1-Multi";30;"C4 PUPA";1.1;0.1;1;2;1;1;0.0461057571836672;1;0;0;1.13592413563014e-05;0.2;2
"1-Multi";31;"C5 CHFU";1.015625;0.015625;1;2;1;1;0.0388863377881488;1;1;2.05010126805221e-06;0.0794772926402299;0.2;2
"1-Multi";32;"C5 LEMA";1.0625;0.0625;1;2;1;1;0.0428113925638593;1;0.00091521613668571;6.74032397564697e-06;0.079550222956978;0.2;2
"1-Multi";33;"C6 CHFU";1.046875;0.046875;1;2;1;1;0.0489596835873281;1;1;6.15030380412378e-06;0.0794772926402299;0.2;2
"1-Multi";34;"C6 LEMA";1.03125;0.03125;1;2;1;1;0.0383305287262918;1;0.000915216136685778;3.37016198782636e-06;0.079550222956978;0.2;2
"1-Multi";35;"D1 CHFU";1.03125;0.03125;1;2;1;1;0.0439230106877462;1;0.999999999999999;4.10020253609128e-06;0.0794772926402299;0.2;2
"1-Multi";36;"D1 CHMI";1.33333333333333;0.333333333333333;1;2;1;1;0.0444765679486509;1;1.39214925377825e-06;7.23576161581868e-06;0.0304351523615256;0.2;2
"1-Multi";37;"D1 LEMA";1.03125;0.03125;1;2;1;1;0.0383305287262516;1;0.000915216136685685;3.37016198782773e-06;0.079550222956978;0.2;2
"1-Multi";38;"D2 CHFU";1.53125;0.53125;1;4;2;2;0.0541038599357847;1;0.670682084594312;5.25728093066148e-06;0.0738401374912965;0.2;4
"1-Multi";39;"D2 LEMA";1.14545454545455;0.145454545454545;1;4;2;2;0.0518157833671149;1;0.00874521287022175;0.000652441199468515;0.0932607287167785;0.2;4
"1-Multi";40;"D2 ME";2;1;1;2;1;1;0.0990250286734744;1;0.00349039969302289;0.0140211902666206;0.232738636809196;0.2;2
"1-Multi";41;"D2 PUPA";1.2;0.2;1;2;1;1;0.0569274386163807;1;0;0;1.13592413563014e-05;0.2;2
"1-Multi";42;"D3 CHFU";1.015625;0.015625;1;2;1;1;0.0388863377881365;1;0.999999999999999;2.05010126805232e-06;0.0794772926402299;0.2;2
"1-Multi";43;"D3 CHMI";2;1;1;2;1;1;0.0548835209671572;1;0.00115571549042063;0.000677890231415243;0.200011097853665;0.2;2
"1-Multi";44;"D3 LEMA";1.03125;0.03125;1;2;1;1;0.0383305287262453;1;0.000915216136685767;3.37016198781607e-06;0.079550222956978;0.2;2
"1-Multi";45;"D3 PUPA";1.1;0.1;1;2;1;1;0.0453885517525087;1;0;0;1.13592413563014e-05;0.2;2
"1-Multi";46;"D4 CHFU";1.015625;0.015625;1;2;1;1;0.0388863377882029;1;0.999999999999999;2.05010126803851e-06;0.0794772926402299;0.2;2
"1-Multi";47;"D4 LEMA";1.13125;0.13125;1;4;2;2;0.0497834921615521;1;0.00892490663299909;0.000655483508993043;0.120719275147396;0.2;4
"1-Multi";48;"D5 CHFU";1.015625;0.015625;1;2;1;1;0.0388863377881877;1;0.999999999999999;2.05010126805112e-06;0.0794772926402299;0.2;2
"1-Multi";49;"D5 LEMA";1.17045454545455;0.170454545454545;1;4;2;2;0.0582862752824217;1;0.000843338631574878;1.38085004145615e-05;0.0685668043847309;0.2;4
"1-Multi";50;"D5 PUPA";1.2;0.2;1;2;1;1;0.0569274386163711;1;0;0;1.13592413563014e-05;0.2;2
"1-Multi";51;"D6 CHFU";1.046875;0.046875;1;2;1;1;0.0489596835872687;1;1;6.15030380413146e-06;0.0794772926402299;0.2;2
"1-Multi";52;"D6 LEMA";1.19090909090909;0.190909090909091;1;4;2;2;0.058328938410334;1;0.0060154181171915;0.000652769051931805;0.0703848625097665;0.2;4
"1-Multi";53;"E1 CHFU";1.015625;0.015625;1;2;1;1;0.0388863377881709;1;1;2.05010126804122e-06;0.0794772926402299;0.2;2
"1-Multi";54;"E1 LEMA";1.09090909090909;0.0909090909090909;1;2;1;1;0.046875974975093;1;0.000555828611131007;6.55704926575079e-07;0.0246331300957425;0.2;2
"1-Multi";55;"E2 CHFU";2.046875;1.046875;1;4;2;2;0.0608059191969119;1;0.75184611928917;6.40181293709655e-06;0.0672488667565416;0.2;2
"1-Multi";56;"E2 LEMA";1.13636363636364;0.136363636363636;1;2;1;1;0.0533891300182874;1;0.000555828611130983;9.83557389876382e-07;0.0246331300957425;0.2;2
"1-Multi";57;"E2 ME";2;1;1;2;1;1;0.0477570937550496;1;7.24143638789744e-05;0.000170904966164478;0.175250238695587;0.2;2
"1-Multi";58;"E3 CHFU";1.03125;0.03125;1;2;1;1;0.0439230106877277;1;1;4.10020253609401e-06;0.0794772926402299;0.2;2
"1-Multi";59;"E3 LEMA";1.07670454545455;0.0767045454545455;1;4;2;2;0.0448436837694672;1;0.000735522373908353;3.69801445110783e-06;0.0520916765263603;0.2;4
"1-Multi";60;"E3 PUPA";1.2;0.2;1;2;1;1;0.056927438616447;1;0;0;1.13592413563014e-05;0.2;2
"1-Multi";61;"E4 CHFU";1.03125;0.03125;1;2;1;1;0.0439230106877324;1;1;4.10020253609313e-06;0.0794772926402299;0.2;2
"1-Multi";62;"E4 LEMA";1.0625;0.0625;1;2;1;1;0.042811392563891;1;0.000915216136685688;6.7403239756405e-06;0.079550222956978;0.2;2
"1-Multi";63;"E4 PUPA";1.44285714285714;0.442857142857143;1;4;2;2;0.0839466715122384;1;0;0;1.13592413563014e-05;0.2;4
"1-Multi";64;"E5 CHFU";1.015625;0.015625;1;2;1;1;0.0388863377881856;1;1;2.05010126804253e-06;0.0794772926402299;0.2;2
"1-Multi";65;"E6 CHFU";1.33333333333333;0.333333333333333;1;2;1;1;0.0525634419501282;1;0.0155178265811133;2.17363827815659e-06;0.0523583964086606;0.2;2
"1-Multi";66;"E6 LEMA";1.23295454545455;0.232954545454545;1;4;2;2;0.0672480029577262;1;0.000863875061606514;2.05488243901986e-05;0.0717049239768014;0.2;4
"1-Multi";67;"E6 PUPA";1.1;0.1;1;2;1;1;0.0461057571837146;1;0;0;1.13592413563014e-05;0.2;2
"1-Multi";68;"F1 CHFU";1.03125;0.03125;1;2;1;1;0.0439230106877686;1;1;4.10020253608091e-06;0.0794772926402299;0.2;2
"1-Multi";69;"F2 CHFU";1.38020833333333;0.380208333333333;1;4;2;2;0.0676734606487748;1;0.753879456645278;8.32394208228125e-06;0.0726975685823376;0.2;4
"1-Multi";70;"F2 LEMA";1.2;0.2;1;2;1;1;0.0567555917592343;1;0.0169345971293125;0.00130422669401044;0.161888327337814;0.2;2
"1-Multi";71;"F3 CHFU";1.015625;0.015625;1;2;1;1;0.0388863377881947;1;1;2.05010126804544e-06;0.0794772926402299;0.2;2
"1-Multi";72;"F3 LEMA";2.57142857142857;1.57142857142857;1;6;3;3;0.0670057722409314;1;2.88402621773959e-05;3.40863762878491e-06;0.00792828210592497;0.2;4
"1-Multi";73;"F3 PUPA";1.24285714285714;0.242857142857143;1;4;2;2;0.0594344869220907;1;0;0;1.13592413563014e-05;0.2;4
"1-Multi";74;"F4 CHFU";1.046875;0.046875;1;2;1;1;0.0489596835872439;1;1;6.1503038041344e-06;0.0794772926402299;0.2;2
"1-Multi";75;"F4 CHMI";1.5;0.5;1;2;1;1;0.0497900194787124;1;1.39214925381657e-06;1.08536424237142e-05;0.0304351523615256;0.2;2
"1-Multi";76;"F4 LEMA";1.57142857142857;0.571428571428571;1;4;2;2;0.051635807830405;1;4.30715512039845e-05;3.27472189223643e-06;0.0100880477201037;0.2;4
"1-Multi";77;"F4 PUPA";1.14285714285714;0.142857142857143;1;2;1;1;0.0471783946269528;1;0;0;1.13592413563014e-05;0.2;2
"1-Multi";78;"F5 CHFU";1.015625;0.015625;1;2;1;1;0.0388863377882072;1;1;2.05010126803836e-06;0.0794772926402299;0.2;2
"1-Multi";79;"F5 CHMI";1.16666666666667;0.166666666666667;1;2;1;1;0.0391631164186369;1;1.39214925378114e-06;3.61788080791606e-06;0.0304351523615256;0.2;2
"1-Multi";80;"F6 PUPA";1.14285714285714;0.142857142857143;1;2;1;1;0.0471783946269721;1;0;0;1.13592413563014e-05;0.2;2
"1-Multi";81;"Bees";12.6;9.26666666666667;3.33333333333333;32;16;16;0.296948158372824;1;0.00118855784736767;0.00632003759887335;0.0636167515091704;0.6;4
"1-Multi";82;"Beetles";1.33333333333333;0.333333333333333;1;2;1;1;0.0451620429822862;1;3.48219845688395e-06;3.69705613575752e-07;0.00534805036016095;0.2;2
"1-Multi";83;"Butterflies";5.45;4.45;1;14;7;7;0.136845741521187;1;0;0;1.13592413563014e-05;0.2;4
"1-Multi";84;"Flies";1.25;0.25;1;2;1;1;0.0410164796865692;1;6.53996862044977e-06;0.00722848137957098;0.0453352578500867;0.2;2
"1-Multi";85;"Flower_beetles";14.0428571428571;10.8761904761905;3.16666666666667;36;18;18;0.291994972819652;1;0.000752005088621592;0.000545449570130122;0.0816741748214839;0.4;4
"1-Multi";86;"House_flies";9.53333333333333;4.2;5.33333333333333;20;10;10;0.124590173224061;1;0.00802572631258102;0.0121113122163633;0.53225859736478;0.6;4
"1-Multi";87;"Hoverflies";23.2571428571429;17.9238095238095;5.33333333333333;56;28;28;0.534973764402862;1;0.00915270720279328;0.0161482567454091;0.373438731282536;0.6;4
"1-Multi";88;"Humbleflies";6.45;5.45;1;16;8;8;0.171269053029409;1;0;0;1.13592413563014e-05;0.2;4
"1-Multi";89;"Small_beetles";1.83333333333333;0.833333333333333;1;4;2;2;0.0555983752476197;1;3.41379559016645e-06;1.19791207198831e-06;0.00607598482213927;0.2;4
"1-Multi";90;"Small_flies";44.5833333333333;36.0833333333333;8.5;94;47;47;1;1;0.555199002498755;1;1;1;4
"2-Multi";1;"A1 CHFU";1.015625;0.015625;1;2;1;1;0.0388863377881821;1;0.999999999999999;2.05010126803678e-06;0.0794772926402299;0.2;2
"2-Multi";2;"A4 LEMA";1.10795454545455;0.107954545454545;1;4;2;2;0.0493245476071526;1;0.000795420294834215;7.06817643892929e-06;0.0612445253365661;0.2;4
"2-Multi";3;"A5 CHFU";1.125;0.125;1;2;1;1;0.0741430480850895;1;1;1.64008101443381e-05;0.0794772926402299;0.2;2
"2-Multi";4;"A5 LEMA";1.0625;0.0625;1;2;1;1;0.042811392563888;1;0.000915216136685683;6.74032397564715e-06;0.079550222956978;0.2;2
"2-Multi";5;"A5 ME";1.5;0.5;1;2;1;1;0.0615748721943796;1;6.37049107870633e-05;0.000118810872647183;0.119843341270969;0.2;2
"2-Multi";6;"A6 LEMA";1.1;0.1;1;2;1;1;0.0453026283239217;1;0.0169345971293124;0.000652113347005217;0.161888327337814;0.2;2
"2-Multi";7;"A6 PUPA";1.1;0.1;1;2;1;1;0.0461057571837038;1;0;0;1.13592413563014e-05;0.2;2
"2-Multi";8;"B1 CHFU";1.015625;0.015625;1;2;1;1;0.0388863377880946;1;0.999999999999999;2.05010126804859e-06;0.0794772926402299;0.2;2
"2-Multi";9;"B2 CHFU";1.38020833333333;0.380208333333333;1;4;2;2;0.0676734606488421;1;0.753879456645278;8.32394208227698e-06;0.0726975685823375;0.2;4
"2-Multi";10;"B3 CHFU";1.03125;0.03125;1;2;1;1;0.043923010687695;1;1;4.10020253609328e-06;0.0794772926402299;0.2;2
"2-Multi";11;"B3 LEMA";1.11688311688312;0.116883116883117;1;4;2;2;0.0460285394553777;1;0.000320373974835548;3.53693177993219e-06;0.0203548919188111;0.2;4
"2-Multi";12;"B3 ME";1.25;0.25;1;2;1;1;0.0477122685415361;1;6.37049107870616e-05;5.94054363235834e-05;0.119843341270969;0.2;2
"2-Multi";13;"B4 CHFU";1.015625;0.015625;1;2;1;1;0.0388863377881646;1;1;2.05010126805046e-06;0.0794772926402299;0.2;2
"2-Multi";14;"B4 LEMA";1.28571428571429;0.285714285714286;1;2;1;1;0.0565125429827704;1;8.49193385400408e-05;1.28363172665695e-05;0.0160766537418796;0.2;2
"2-Multi";15;"B4 PUPA";1.24285714285714;0.242857142857143;1;4;2;2;0.0594344869221217;1;0;0;1.13592413563014e-05;0.2;4
"2-Multi";16;"B5 CHFU";1.03125;0.03125;1;2;1;1;0.0439230106877069;1;0.999999999999999;4.10020253608703e-06;0.0794772926402299;0.2;2
"2-Multi";17;"B5 LEMA";1.30535714285714;0.305357142857143;1;6;3;3;0.0655957950462373;1;0.00378697361595286;0.000665271829614147;0.0706284161471059;0.2;4
"2-Multi";18;"B5 ME";1.25;0.25;1;2;1;1;0.0477122685415579;1;6.37049107870237e-05;5.94054363235901e-05;0.119843341270969;0.2;2
"2-Multi";19;"B5 PUPA";1.2;0.2;1;4;2;2;0.057644644047585;1;0;0;1.13592413563014e-05;0.2;4
"2-Multi";20;"B6 CHFU";1.09375;0.09375;1;2;1;1;0.0640697022859826;1;0.999999999999999;1.23006076082449e-05;0.0794772926402299;0.2;2
"2-Multi";21;"B6 LEMA";1.15340909090909;0.153409090909091;1;4;2;2;0.0558377026502731;1;0.000735522373908323;7.39602890222148e-06;0.0520916765263602;0.2;4
"2-Multi";22;"C1 LEMA";2.2625;1.2625;1;6;3;3;0.0865932169322638;1;0.00603460936007232;0.00144639516590149;0.120810926201092;0.2;4
"2-Multi";23;"C2 CHFU";2.53125;1.53125;1;6;3;3;0.0823622265344416;1;0.404957854426012;6.03882309463137e-06;0.05503093136252;0.2;4
"2-Multi";24;"C2 LEMA";1.26761363636364;0.267613636363636;1;6;3;3;0.0693229572911572;1;0.00390345981987822;0.000656467066382913;0.063067588116404;0.2;4
"2-Multi";25;"C2 PUPA";2.44285714285714;1.44285714285714;1;8;4;4;0.0986016159200587;1;0;0;1.13592413563014e-05;0.2;4
"2-Multi";26;"C3 CHFU";1.078125;0.078125;1;2;1;1;0.0590330293864497;1;1;1.02505063402106e-05;0.0794772926402299;0.2;2
"2-Multi";27;"C3 LEMA";1.27922077922078;0.279220779220779;1;4;2;2;0.0647205690653845;1;0.000367464902094656;7.40171602314976e-06;0.0212105395541974;0.2;4
"2-Multi";28;"C3 PUPA";1.14285714285714;0.142857142857143;1;2;1;1;0.047178394627014;1;0;0;1.13592413563014e-05;0.2;2
"2-Multi";29;"C4 LEMA";1.32224025974026;0.32224025974026;1;6;3;3;0.0663217061777401;1;0.000440169816687072;1.66954143888437e-05;0.0386605895392229;0.2;4
"2-Multi";30;"C4 PUPA";1.1;0.1;1;2;1;1;0.0461057571836672;1;0;0;1.13592413563014e-05;0.2;2
"2-Multi";31;"C5 CHFU";1.015625;0.015625;1;2;1;1;0.0388863377881488;1;1;2.05010126805221e-06;0.0794772926402299;0.2;2
"2-Multi";32;"C5 LEMA";1.0625;0.0625;1;2;1;1;0.0428113925638593;1;0.00091521613668571;6.74032397564697e-06;0.079550222956978;0.2;2
"2-Multi";33;"C6 CHFU";1.046875;0.046875;1;2;1;1;0.0489596835873281;1;1;6.15030380412378e-06;0.0794772926402299;0.2;2
"2-Multi";34;"C6 LEMA";1.03125;0.03125;1;2;1;1;0.0383305287262918;1;0.000915216136685778;3.37016198782636e-06;0.079550222956978;0.2;2
"2-Multi";35;"D1 CHFU";1.03125;0.03125;1;2;1;1;0.0439230106877462;1;0.999999999999999;4.10020253609128e-06;0.0794772926402299;0.2;2
"2-Multi";36;"D1 CHMI";1.33333333333333;0.333333333333333;1;2;1;1;0.0444765679486509;1;1.39214925377825e-06;7.23576161581868e-06;0.0304351523615256;0.2;2
"2-Multi";37;"D1 LEMA";1.03125;0.03125;1;2;1;1;0.0383305287262516;1;0.000915216136685685;3.37016198782773e-06;0.079550222956978;0.2;2
"2-Multi";38;"D2 CHFU";1.53125;0.53125;1;4;2;2;0.0541038599357847;1;0.670682084594312;5.25728093066148e-06;0.0738401374912965;0.2;4
"2-Multi";39;"D2 LEMA";1.14545454545455;0.145454545454545;1;4;2;2;0.0518157833671149;1;0.00874521287022175;0.000652441199468515;0.0932607287167785;0.2;4
"2-Multi";40;"D2 ME";2;1;1;2;1;1;0.0990250286734744;1;0.00349039969302289;0.0140211902666206;0.232738636809196;0.2;2
"2-Multi";41;"D2 PUPA";1.2;0.2;1;2;1;1;0.0569274386163807;1;0;0;1.13592413563014e-05;0.2;2
"2-Multi";42;"D3 CHFU";1.015625;0.015625;1;2;1;1;0.0388863377881365;1;0.999999999999999;2.05010126805232e-06;0.0794772926402299;0.2;2
"2-Multi";43;"D3 CHMI";2;1;1;2;1;1;0.0548835209671572;1;0.00115571549042063;0.000677890231415243;0.200011097853665;0.2;2
"2-Multi";44;"D3 LEMA";1.03125;0.03125;1;2;1;1;0.0383305287262453;1;0.000915216136685767;3.37016198781607e-06;0.079550222956978;0.2;2
"2-Multi";45;"D3 PUPA";1.1;0.1;1;2;1;1;0.0453885517525087;1;0;0;1.13592413563014e-05;0.2;2
"2-Multi";46;"D4 CHFU";1.015625;0.015625;1;2;1;1;0.0388863377882029;1;0.999999999999999;2.05010126803851e-06;0.0794772926402299;0.2;2
"2-Multi";47;"D4 LEMA";1.13125;0.13125;1;4;2;2;0.0497834921615521;1;0.00892490663299909;0.000655483508993043;0.120719275147396;0.2;4
"2-Multi";48;"D5 CHFU";1.015625;0.015625;1;2;1;1;0.0388863377881877;1;0.999999999999999;2.05010126805112e-06;0.0794772926402299;0.2;2
"2-Multi";49;"D5 LEMA";1.17045454545455;0.170454545454545;1;4;2;2;0.0582862752824217;1;0.000843338631574878;1.38085004145615e-05;0.0685668043847309;0.2;4
"2-Multi";50;"D5 PUPA";1.2;0.2;1;2;1;1;0.0569274386163711;1;0;0;1.13592413563014e-05;0.2;2
"2-Multi";51;"D6 CHFU";1.046875;0.046875;1;2;1;1;0.0489596835872687;1;1;6.15030380413146e-06;0.0794772926402299;0.2;2
"2-Multi";52;"D6 LEMA";1.19090909090909;0.190909090909091;1;4;2;2;0.058328938410334;1;0.0060154181171915;0.000652769051931805;0.0703848625097665;0.2;4
"2-Multi";53;"E1 CHFU";1.015625;0.015625;1;2;1;1;0.0388863377881709;1;1;2.05010126804122e-06;0.0794772926402299;0.2;2
"2-Multi";54;"E1 LEMA";1.09090909090909;0.0909090909090909;1;2;1;1;0.046875974975093;1;0.000555828611131007;6.55704926575079e-07;0.0246331300957425;0.2;2
"2-Multi";55;"E2 CHFU";2.046875;1.046875;1;4;2;2;0.0608059191969119;1;0.75184611928917;6.40181293709655e-06;0.0672488667565416;0.2;2
"2-Multi";56;"E2 LEMA";1.13636363636364;0.136363636363636;1;2;1;1;0.0533891300182874;1;0.000555828611130983;9.83557389876382e-07;0.0246331300957425;0.2;2
"2-Multi";57;"E2 ME";2;1;1;2;1;1;0.0477570937550496;1;7.24143638789744e-05;0.000170904966164478;0.175250238695587;0.2;2
"2-Multi";58;"E3 CHFU";1.03125;0.03125;1;2;1;1;0.0439230106877277;1;1;4.10020253609401e-06;0.0794772926402299;0.2;2
"2-Multi";59;"E3 LEMA";1.07670454545455;0.0767045454545455;1;4;2;2;0.0448436837694672;1;0.000735522373908353;3.69801445110783e-06;0.0520916765263603;0.2;4
"2-Multi";60;"E3 PUPA";1.2;0.2;1;2;1;1;0.056927438616447;1;0;0;1.13592413563014e-05;0.2;2
"2-Multi";61;"E4 CHFU";1.03125;0.03125;1;2;1;1;0.0439230106877324;1;1;4.10020253609313e-06;0.0794772926402299;0.2;2
"2-Multi";62;"E4 LEMA";1.0625;0.0625;1;2;1;1;0.042811392563891;1;0.000915216136685688;6.7403239756405e-06;0.079550222956978;0.2;2
"2-Multi";63;"E4 PUPA";1.44285714285714;0.442857142857143;1;4;2;2;0.0839466715122384;1;0;0;1.13592413563014e-05;0.2;4
"2-Multi";64;"E5 CHFU";1.015625;0.015625;1;2;1;1;0.0388863377881856;1;1;2.05010126804253e-06;0.0794772926402299;0.2;2
"2-Multi";65;"E6 CHFU";1.33333333333333;0.333333333333333;1;2;1;1;0.0525634419501282;1;0.0155178265811133;2.17363827815659e-06;0.0523583964086606;0.2;2
"2-Multi";66;"E6 LEMA";1.23295454545455;0.232954545454545;1;4;2;2;0.0672480029577262;1;0.000863875061606514;2.05488243901986e-05;0.0717049239768014;0.2;4
"2-Multi";67;"E6 PUPA";1.1;0.1;1;2;1;1;0.0461057571837146;1;0;0;1.13592413563014e-05;0.2;2
"2-Multi";68;"F1 CHFU";1.03125;0.03125;1;2;1;1;0.0439230106877686;1;1;4.10020253608091e-06;0.0794772926402299;0.2;2
"2-Multi";69;"F2 CHFU";1.38020833333333;0.380208333333333;1;4;2;2;0.0676734606487748;1;0.753879456645278;8.32394208228125e-06;0.0726975685823376;0.2;4
"2-Multi";70;"F2 LEMA";1.2;0.2;1;2;1;1;0.0567555917592343;1;0.0169345971293125;0.00130422669401044;0.161888327337814;0.2;2
"2-Multi";71;"F3 CHFU";1.015625;0.015625;1;2;1;1;0.0388863377881947;1;1;2.05010126804544e-06;0.0794772926402299;0.2;2
"2-Multi";72;"F3 LEMA";2.57142857142857;1.57142857142857;1;6;3;3;0.0670057722409314;1;2.88402621773959e-05;3.40863762878491e-06;0.00792828210592497;0.2;4
"2-Multi";73;"F3 PUPA";1.24285714285714;0.242857142857143;1;4;2;2;0.0594344869220907;1;0;0;1.13592413563014e-05;0.2;4
"2-Multi";74;"F4 CHFU";1.046875;0.046875;1;2;1;1;0.0489596835872439;1;1;6.1503038041344e-06;0.0794772926402299;0.2;2
"2-Multi";75;"F4 CHMI";1.5;0.5;1;2;1;1;0.0497900194787124;1;1.39214925381657e-06;1.08536424237142e-05;0.0304351523615256;0.2;2
"2-Multi";76;"F4 LEMA";1.57142857142857;0.571428571428571;1;4;2;2;0.051635807830405;1;4.30715512039845e-05;3.27472189223643e-06;0.0100880477201037;0.2;4
"2-Multi";77;"F4 PUPA";1.14285714285714;0.142857142857143;1;2;1;1;0.0471783946269528;1;0;0;1.13592413563014e-05;0.2;2
"2-Multi";78;"F5 CHFU";1.015625;0.015625;1;2;1;1;0.0388863377882072;1;1;2.05010126803836e-06;0.0794772926402299;0.2;2
"2-Multi";79;"F5 CHMI";1.16666666666667;0.166666666666667;1;2;1;1;0.0391631164186369;1;1.39214925378114e-06;3.61788080791606e-06;0.0304351523615256;0.2;2
"2-Multi";80;"F6 PUPA";1.14285714285714;0.142857142857143;1;2;1;1;0.0471783946269721;1;0;0;1.13592413563014e-05;0.2;2
"2-Multi";81;"Bees";12.6;9.26666666666667;3.33333333333333;32;16;16;0.296948158372824;1;0.00118855784736767;0.00632003759887335;0.0636167515091704;0.6;4
"2-Multi";82;"Beetles";1.33333333333333;0.333333333333333;1;2;1;1;0.0451620429822862;1;3.48219845688395e-06;3.69705613575752e-07;0.00534805036016095;0.2;2
"2-Multi";83;"Butterflies";5.45;4.45;1;14;7;7;0.136845741521187;1;0;0;1.13592413563014e-05;0.2;4
"2-Multi";84;"Flies";1.25;0.25;1;2;1;1;0.0410164796865692;1;6.53996862044977e-06;0.00722848137957098;0.0453352578500867;0.2;2
"2-Multi";85;"Flower_beetles";14.0428571428571;10.8761904761905;3.16666666666667;36;18;18;0.291994972819652;1;0.000752005088621592;0.000545449570130122;0.0816741748214839;0.4;4
"2-Multi";86;"House_flies";9.53333333333333;4.2;5.33333333333333;20;10;10;0.124590173224061;1;0.00802572631258102;0.0121113122163633;0.53225859736478;0.6;4
"2-Multi";87;"Hoverflies";23.2571428571429;17.9238095238095;5.33333333333333;56;28;28;0.534973764402862;1;0.00915270720279328;0.0161482567454091;0.373438731282536;0.6;4
"2-Multi";88;"Humbleflies";6.45;5.45;1;16;8;8;0.171269053029409;1;0;0;1.13592413563014e-05;0.2;4
"2-Multi";89;"Small_beetles";1.83333333333333;0.833333333333333;1;4;2;2;0.0555983752476197;1;3.41379559016645e-06;1.19791207198831e-06;0.00607598482213927;0.2;4
"2-Multi";90;"Small_flies";44.5833333333333;36.0833333333333;8.5;94;47;47;1;1;0.555199002498755;1;1;1;4
"3-Multi";1;"A1 CHFU";1.015625;0.015625;1;2;1;1;0.0388863377881821;1;0.999999999999999;2.05010126803678e-06;0.0794772926402299;0.2;2
"3-Multi";2;"A4 LEMA";1.10795454545455;0.107954545454545;1;4;2;2;0.0493245476071526;1;0.000795420294834215;7.06817643892929e-06;0.0612445253365661;0.2;4
"3-Multi";3;"A5 CHFU";1.125;0.125;1;2;1;1;0.0741430480850895;1;1;1.64008101443381e-05;0.0794772926402299;0.2;2
"3-Multi";4;"A5 LEMA";1.0625;0.0625;1;2;1;1;0.042811392563888;1;0.000915216136685683;6.74032397564715e-06;0.079550222956978;0.2;2
"3-Multi";5;"A5 ME";1.5;0.5;1;2;1;1;0.0615748721943796;1;6.37049107870633e-05;0.000118810872647183;0.119843341270969;0.2;2
"3-Multi";6;"A6 LEMA";1.1;0.1;1;2;1;1;0.0453026283239217;1;0.0169345971293124;0.000652113347005217;0.161888327337814;0.2;2
"3-Multi";7;"A6 PUPA";1.1;0.1;1;2;1;1;0.0461057571837038;1;0;0;1.13592413563014e-05;0.2;2
"3-Multi";8;"B1 CHFU";1.015625;0.015625;1;2;1;1;0.0388863377880946;1;0.999999999999999;2.05010126804859e-06;0.0794772926402299;0.2;2
"3-Multi";9;"B2 CHFU";1.38020833333333;0.380208333333333;1;4;2;2;0.0676734606488421;1;0.753879456645278;8.32394208227698e-06;0.0726975685823375;0.2;4
"3-Multi";10;"B3 CHFU";1.03125;0.03125;1;2;1;1;0.043923010687695;1;1;4.10020253609328e-06;0.0794772926402299;0.2;2
"3-Multi";11;"B3 LEMA";1.11688311688312;0.116883116883117;1;4;2;2;0.0460285394553777;1;0.000320373974835548;3.53693177993219e-06;0.0203548919188111;0.2;4
"3-Multi";12;"B3 ME";1.25;0.25;1;2;1;1;0.0477122685415361;1;6.37049107870616e-05;5.94054363235834e-05;0.119843341270969;0.2;2
"3-Multi";13;"B4 CHFU";1.015625;0.015625;1;2;1;1;0.0388863377881646;1;1;2.05010126805046e-06;0.0794772926402299;0.2;2
"3-Multi";14;"B4 LEMA";1.28571428571429;0.285714285714286;1;2;1;1;0.0565125429827704;1;8.49193385400408e-05;1.28363172665695e-05;0.0160766537418796;0.2;2
"3-Multi";15;"B4 PUPA";1.24285714285714;0.242857142857143;1;4;2;2;0.0594344869221217;1;0;0;1.13592413563014e-05;0.2;4
"3-Multi";16;"B5 CHFU";1.03125;0.03125;1;2;1;1;0.0439230106877069;1;0.999999999999999;4.10020253608703e-06;0.0794772926402299;0.2;2
"3-Multi";17;"B5 LEMA";1.30535714285714;0.305357142857143;1;6;3;3;0.0655957950462373;1;0.00378697361595286;0.000665271829614147;0.0706284161471059;0.2;4
"3-Multi";18;"B5 ME";1.25;0.25;1;2;1;1;0.0477122685415579;1;6.37049107870237e-05;5.94054363235901e-05;0.119843341270969;0.2;2
"3-Multi";19;"B5 PUPA";1.2;0.2;1;4;2;2;0.057644644047585;1;0;0;1.13592413563014e-05;0.2;4
"3-Multi";20;"B6 CHFU";1.09375;0.09375;1;2;1;1;0.0640697022859826;1;0.999999999999999;1.23006076082449e-05;0.0794772926402299;0.2;2
"3-Multi";21;"B6 LEMA";1.15340909090909;0.153409090909091;1;4;2;2;0.0558377026502731;1;0.000735522373908323;7.39602890222148e-06;0.0520916765263602;0.2;4
"3-Multi";22;"C1 LEMA";2.2625;1.2625;1;6;3;3;0.0865932169322638;1;0.00603460936007232;0.00144639516590149;0.120810926201092;0.2;4
"3-Multi";23;"C2 CHFU";2.53125;1.53125;1;6;3;3;0.0823622265344416;1;0.404957854426012;6.03882309463137e-06;0.05503093136252;0.2;4
"3-Multi";24;"C2 LEMA";1.26761363636364;0.267613636363636;1;6;3;3;0.0693229572911572;1;0.00390345981987822;0.000656467066382913;0.063067588116404;0.2;4
"3-Multi";25;"C2 PUPA";2.44285714285714;1.44285714285714;1;8;4;4;0.0986016159200587;1;0;0;1.13592413563014e-05;0.2;4
"3-Multi";26;"C3 CHFU";1.078125;0.078125;1;2;1;1;0.0590330293864497;1;1;1.02505063402106e-05;0.0794772926402299;0.2;2
"3-Multi";27;"C3 LEMA";1.27922077922078;0.279220779220779;1;4;2;2;0.0647205690653845;1;0.000367464902094656;7.40171602314976e-06;0.0212105395541974;0.2;4
"3-Multi";28;"C3 PUPA";1.14285714285714;0.142857142857143;1;2;1;1;0.047178394627014;1;0;0;1.13592413563014e-05;0.2;2
"3-Multi";29;"C4 LEMA";1.32224025974026;0.32224025974026;1;6;3;3;0.0663217061777401;1;0.000440169816687072;1.66954143888437e-05;0.0386605895392229;0.2;4
"3-Multi";30;"C4 PUPA";1.1;0.1;1;2;1;1;0.0461057571836672;1;0;0;1.13592413563014e-05;0.2;2
"3-Multi";31;"C5 CHFU";1.015625;0.015625;1;2;1;1;0.0388863377881488;1;1;2.05010126805221e-06;0.0794772926402299;0.2;2
"3-Multi";32;"C5 LEMA";1.0625;0.0625;1;2;1;1;0.0428113925638593;1;0.00091521613668571;6.74032397564697e-06;0.079550222956978;0.2;2
"3-Multi";33;"C6 CHFU";1.046875;0.046875;1;2;1;1;0.0489596835873281;1;1;6.15030380412378e-06;0.0794772926402299;0.2;2
"3-Multi";34;"C6 LEMA";1.03125;0.03125;1;2;1;1;0.0383305287262918;1;0.000915216136685778;3.37016198782636e-06;0.079550222956978;0.2;2
"3-Multi";35;"D1 CHFU";1.03125;0.03125;1;2;1;1;0.0439230106877462;1;0.999999999999999;4.10020253609128e-06;0.0794772926402299;0.2;2
"3-Multi";36;"D1 CHMI";1.33333333333333;0.333333333333333;1;2;1;1;0.0444765679486509;1;1.39214925377825e-06;7.23576161581868e-06;0.0304351523615256;0.2;2
"3-Multi";37;"D1 LEMA";1.03125;0.03125;1;2;1;1;0.0383305287262516;1;0.000915216136685685;3.37016198782773e-06;0.079550222956978;0.2;2
"3-Multi";38;"D2 CHFU";1.53125;0.53125;1;4;2;2;0.0541038599357847;1;0.670682084594312;5.25728093066148e-06;0.0738401374912965;0.2;4
"3-Multi";39;"D2 LEMA";1.14545454545455;0.145454545454545;1;4;2;2;0.0518157833671149;1;0.00874521287022175;0.000652441199468515;0.0932607287167785;0.2;4
"3-Multi";40;"D2 ME";2;1;1;2;1;1;0.0990250286734744;1;0.00349039969302289;0.0140211902666206;0.232738636809196;0.2;2
"3-Multi";41;"D2 PUPA";1.2;0.2;1;2;1;1;0.0569274386163807;1;0;0;1.13592413563014e-05;0.2;2
"3-Multi";42;"D3 CHFU";1.015625;0.015625;1;2;1;1;0.0388863377881365;1;0.999999999999999;2.05010126805232e-06;0.0794772926402299;0.2;2
"3-Multi";43;"D3 CHMI";2;1;1;2;1;1;0.0548835209671572;1;0.00115571549042063;0.000677890231415243;0.200011097853665;0.2;2
"3-Multi";44;"D3 LEMA";1.03125;0.03125;1;2;1;1;0.0383305287262453;1;0.000915216136685767;3.37016198781607e-06;0.079550222956978;0.2;2
"3-Multi";45;"D3 PUPA";1.1;0.1;1;2;1;1;0.0453885517525087;1;0;0;1.13592413563014e-05;0.2;2
"3-Multi";46;"D4 CHFU";1.015625;0.015625;1;2;1;1;0.0388863377882029;1;0.999999999999999;2.05010126803851e-06;0.0794772926402299;0.2;2
"3-Multi";47;"D4 LEMA";1.13125;0.13125;1;4;2;2;0.0497834921615521;1;0.00892490663299909;0.000655483508993043;0.120719275147396;0.2;4
"3-Multi";48;"D5 CHFU";1.015625;0.015625;1;2;1;1;0.0388863377881877;1;0.999999999999999;2.05010126805112e-06;0.0794772926402299;0.2;2
"3-Multi";49;"D5 LEMA";1.17045454545455;0.170454545454545;1;4;2;2;0.0582862752824217;1;0.000843338631574878;1.38085004145615e-05;0.0685668043847309;0.2;4
"3-Multi";50;"D5 PUPA";1.2;0.2;1;2;1;1;0.0569274386163711;1;0;0;1.13592413563014e-05;0.2;2
"3-Multi";51;"D6 CHFU";1.046875;0.046875;1;2;1;1;0.0489596835872687;1;1;6.15030380413146e-06;0.0794772926402299;0.2;2
"3-Multi";52;"D6 LEMA";1.19090909090909;0.190909090909091;1;4;2;2;0.058328938410334;1;0.0060154181171915;0.000652769051931805;0.0703848625097665;0.2;4
"3-Multi";53;"E1 CHFU";1.015625;0.015625;1;2;1;1;0.0388863377881709;1;1;2.05010126804122e-06;0.0794772926402299;0.2;2
"3-Multi";54;"E1 LEMA";1.09090909090909;0.0909090909090909;1;2;1;1;0.046875974975093;1;0.000555828611131007;6.55704926575079e-07;0.0246331300957425;0.2;2
"3-Multi";55;"E2 CHFU";2.046875;1.046875;1;4;2;2;0.0608059191969119;1;0.75184611928917;6.40181293709655e-06;0.0672488667565416;0.2;2
"3-Multi";56;"E2 LEMA";1.13636363636364;0.136363636363636;1;2;1;1;0.0533891300182874;1;0.000555828611130983;9.83557389876382e-07;0.0246331300957425;0.2;2
"3-Multi";57;"E2 ME";2;1;1;2;1;1;0.0477570937550496;1;7.24143638789744e-05;0.000170904966164478;0.175250238695587;0.2;2
"3-Multi";58;"E3 CHFU";1.03125;0.03125;1;2;1;1;0.0439230106877277;1;1;4.10020253609401e-06;0.0794772926402299;0.2;2
"3-Multi";59;"E3 LEMA";1.07670454545455;0.0767045454545455;1;4;2;2;0.0448436837694672;1;0.000735522373908353;3.69801445110783e-06;0.0520916765263603;0.2;4
"3-Multi";60;"E3 PUPA";1.2;0.2;1;2;1;1;0.056927438616447;1;0;0;1.13592413563014e-05;0.2;2
"3-Multi";61;"E4 CHFU";1.03125;0.03125;1;2;1;1;0.0439230106877324;1;1;4.10020253609313e-06;0.0794772926402299;0.2;2
"3-Multi";62;"E4 LEMA";1.0625;0.0625;1;2;1;1;0.042811392563891;1;0.000915216136685688;6.7403239756405e-06;0.079550222956978;0.2;2
"3-Multi";63;"E4 PUPA";1.44285714285714;0.442857142857143;1;4;2;2;0.0839466715122384;1;0;0;1.13592413563014e-05;0.2;4
"3-Multi";64;"E5 CHFU";1.015625;0.015625;1;2;1;1;0.0388863377881856;1;1;2.05010126804253e-06;0.0794772926402299;0.2;2
"3-Multi";65;"E6 CHFU";1.33333333333333;0.333333333333333;1;2;1;1;0.0525634419501282;1;0.0155178265811133;2.17363827815659e-06;0.0523583964086606;0.2;2
"3-Multi";66;"E6 LEMA";1.23295454545455;0.232954545454545;1;4;2;2;0.0672480029577262;1;0.000863875061606514;2.05488243901986e-05;0.0717049239768014;0.2;4
"3-Multi";67;"E6 PUPA";1.1;0.1;1;2;1;1;0.0461057571837146;1;0;0;1.13592413563014e-05;0.2;2
"3-Multi";68;"F1 CHFU";1.03125;0.03125;1;2;1;1;0.0439230106877686;1;1;4.10020253608091e-06;0.0794772926402299;0.2;2
"3-Multi";69;"F2 CHFU";1.38020833333333;0.380208333333333;1;4;2;2;0.0676734606487748;1;0.753879456645278;8.32394208228125e-06;0.0726975685823376;0.2;4
"3-Multi";70;"F2 LEMA";1.2;0.2;1;2;1;1;0.0567555917592343;1;0.0169345971293125;0.00130422669401044;0.161888327337814;0.2;2
"3-Multi";71;"F3 CHFU";1.015625;0.015625;1;2;1;1;0.0388863377881947;1;1;2.05010126804544e-06;0.0794772926402299;0.2;2
"3-Multi";72;"F3 LEMA";2.57142857142857;1.57142857142857;1;6;3;3;0.0670057722409314;1;2.88402621773959e-05;3.40863762878491e-06;0.00792828210592497;0.2;4
"3-Multi";73;"F3 PUPA";1.24285714285714;0.242857142857143;1;4;2;2;0.0594344869220907;1;0;0;1.13592413563014e-05;0.2;4
"3-Multi";74;"F4 CHFU";1.046875;0.046875;1;2;1;1;0.0489596835872439;1;1;6.1503038041344e-06;0.0794772926402299;0.2;2
"3-Multi";75;"F4 CHMI";1.5;0.5;1;2;1;1;0.0497900194787124;1;1.39214925381657e-06;1.08536424237142e-05;0.0304351523615256;0.2;2
"3-Multi";76;"F4 LEMA";1.57142857142857;0.571428571428571;1;4;2;2;0.051635807830405;1;4.30715512039845e-05;3.27472189223643e-06;0.0100880477201037;0.2;4
"3-Multi";77;"F4 PUPA";1.14285714285714;0.142857142857143;1;2;1;1;0.0471783946269528;1;0;0;1.13592413563014e-05;0.2;2
"3-Multi";78;"F5 CHFU";1.015625;0.015625;1;2;1;1;0.0388863377882072;1;1;2.05010126803836e-06;0.0794772926402299;0.2;2
"3-Multi";79;"F5 CHMI";1.16666666666667;0.166666666666667;1;2;1;1;0.0391631164186369;1;1.39214925378114e-06;3.61788080791606e-06;0.0304351523615256;0.2;2
"3-Multi";80;"F6 PUPA";1.14285714285714;0.142857142857143;1;2;1;1;0.0471783946269721;1;0;0;1.13592413563014e-05;0.2;2
"3-Multi";81;"Bees";12.6;9.26666666666667;3.33333333333333;32;16;16;0.296948158372824;1;0.00118855784736767;0.00632003759887335;0.0636167515091704;0.6;4
"3-Multi";82;"Beetles";1.33333333333333;0.333333333333333;1;2;1;1;0.0451620429822862;1;3.48219845688395e-06;3.69705613575752e-07;0.00534805036016095;0.2;2
"3-Multi";83;"Butterflies";5.45;4.45;1;14;7;7;0.136845741521187;1;0;0;1.13592413563014e-05;0.2;4
"3-Multi";84;"Flies";1.25;0.25;1;2;1;1;0.0410164796865692;1;6.53996862044977e-06;0.00722848137957098;0.0453352578500867;0.2;2
"3-Multi";85;"Flower_beetles";14.0428571428571;10.8761904761905;3.16666666666667;36;18;18;0.291994972819652;1;0.000752005088621592;0.000545449570130122;0.0816741748214839;0.4;4
"3-Multi";86;"House_flies";9.53333333333333;4.2;5.33333333333333;20;10;10;0.124590173224061;1;0.00802572631258102;0.0121113122163633;0.53225859736478;0.6;4
"3-Multi";87;"Hoverflies";23.2571428571429;17.9238095238095;5.33333333333333;56;28;28;0.534973764402862;1;0.00915270720279328;0.0161482567454091;0.373438731282536;0.6;4
"3-Multi";88;"Humbleflies";6.45;5.45;1;16;8;8;0.171269053029409;1;0;0;1.13592413563014e-05;0.2;4
"3-Multi";89;"Small_beetles";1.83333333333333;0.833333333333333;1;4;2;2;0.0555983752476197;1;3.41379559016645e-06;1.19791207198831e-06;0.00607598482213927;0.2;4
"3-Multi";90;"Small_flies";44.5833333333333;36.0833333333333;8.5;94;47;47;1;1;0.555199002498755;1;1;1;4
"4-Multi";1;"A1 CHFU";1.015625;0.015625;1;2;1;1;0.0388863377881821;1;0.999999999999999;2.05010126803678e-06;0.0794772926402299;0.2;2
"4-Multi";2;"A4 LEMA";1.10795454545455;0.107954545454545;1;4;2;2;0.0493245476071526;1;0.000795420294834215;7.06817643892929e-06;0.0612445253365661;0.2;4
"4-Multi";3;"A5 CHFU";1.125;0.125;1;2;1;1;0.0741430480850895;1;1;1.64008101443381e-05;0.0794772926402299;0.2;2
"4-Multi";4;"A5 LEMA";1.0625;0.0625;1;2;1;1;0.042811392563888;1;0.000915216136685683;6.74032397564715e-06;0.079550222956978;0.2;2
"4-Multi";5;"A5 ME";1.5;0.5;1;2;1;1;0.0615748721943796;1;6.37049107870633e-05;0.000118810872647183;0.119843341270969;0.2;2
"4-Multi";6;"A6 LEMA";1.1;0.1;1;2;1;1;0.0453026283239217;1;0.0169345971293124;0.000652113347005217;0.161888327337814;0.2;2
"4-Multi";7;"A6 PUPA";1.1;0.1;1;2;1;1;0.0461057571837038;1;0;0;1.13592413563014e-05;0.2;2
"4-Multi";8;"B1 CHFU";1.015625;0.015625;1;2;1;1;0.0388863377880946;1;0.999999999999999;2.05010126804859e-06;0.0794772926402299;0.2;2
"4-Multi";9;"B2 CHFU";1.38020833333333;0.380208333333333;1;4;2;2;0.0676734606488421;1;0.753879456645278;8.32394208227698e-06;0.0726975685823375;0.2;4
"4-Multi";10;"B3 CHFU";1.03125;0.03125;1;2;1;1;0.043923010687695;1;1;4.10020253609328e-06;0.0794772926402299;0.2;2
"4-Multi";11;"B3 LEMA";1.11688311688312;0.116883116883117;1;4;2;2;0.0460285394553777;1;0.000320373974835548;3.53693177993219e-06;0.0203548919188111;0.2;4
"4-Multi";12;"B3 ME";1.25;0.25;1;2;1;1;0.0477122685415361;1;6.37049107870616e-05;5.94054363235834e-05;0.119843341270969;0.2;2
"4-Multi";13;"B4 CHFU";1.015625;0.015625;1;2;1;1;0.0388863377881646;1;1;2.05010126805046e-06;0.0794772926402299;0.2;2
"4-Multi";14;"B4 LEMA";1.28571428571429;0.285714285714286;1;2;1;1;0.0565125429827704;1;8.49193385400408e-05;1.28363172665695e-05;0.0160766537418796;0.2;2
"4-Multi";15;"B4 PUPA";1.24285714285714;0.242857142857143;1;4;2;2;0.0594344869221217;1;0;0;1.13592413563014e-05;0.2;4
"4-Multi";16;"B5 CHFU";1.03125;0.03125;1;2;1;1;0.0439230106877069;1;0.999999999999999;4.10020253608703e-06;0.0794772926402299;0.2;2
"4-Multi";17;"B5 LEMA";1.30535714285714;0.305357142857143;1;6;3;3;0.0655957950462373;1;0.00378697361595286;0.000665271829614147;0.0706284161471059;0.2;4
"4-Multi";18;"B5 ME";1.25;0.25;1;2;1;1;0.0477122685415579;1;6.37049107870237e-05;5.94054363235901e-05;0.119843341270969;0.2;2
"4-Multi";19;"B5 PUPA";1.2;0.2;1;4;2;2;0.057644644047585;1;0;0;1.13592413563014e-05;0.2;4
"4-Multi";20;"B6 CHFU";1.09375;0.09375;1;2;1;1;0.0640697022859826;1;0.999999999999999;1.23006076082449e-05;0.0794772926402299;0.2;2
"4-Multi";21;"B6 LEMA";1.15340909090909;0.153409090909091;1;4;2;2;0.0558377026502731;1;0.000735522373908323;7.39602890222148e-06;0.0520916765263602;0.2;4
"4-Multi";22;"C1 LEMA";2.2625;1.2625;1;6;3;3;0.0865932169322638;1;0.00603460936007232;0.00144639516590149;0.120810926201092;0.2;4
"4-Multi";23;"C2 CHFU";2.53125;1.53125;1;6;3;3;0.0823622265344416;1;0.404957854426012;6.03882309463137e-06;0.05503093136252;0.2;4
"4-Multi";24;"C2 LEMA";1.26761363636364;0.267613636363636;1;6;3;3;0.0693229572911572;1;0.00390345981987822;0.000656467066382913;0.063067588116404;0.2;4
"4-Multi";25;"C2 PUPA";2.44285714285714;1.44285714285714;1;8;4;4;0.0986016159200587;1;0;0;1.13592413563014e-05;0.2;4
"4-Multi";26;"C3 CHFU";1.078125;0.078125;1;2;1;1;0.0590330293864497;1;1;1.02505063402106e-05;0.0794772926402299;0.2;2
"4-Multi";27;"C3 LEMA";1.27922077922078;0.279220779220779;1;4;2;2;0.0647205690653845;1;0.000367464902094656;7.40171602314976e-06;0.0212105395541974;0.2;4
"4-Multi";28;"C3 PUPA";1.14285714285714;0.142857142857143;1;2;1;1;0.047178394627014;1;0;0;1.13592413563014e-05;0.2;2
"4-Multi";29;"C4 LEMA";1.32224025974026;0.32224025974026;1;6;3;3;0.0663217061777401;1;0.000440169816687072;1.66954143888437e-05;0.0386605895392229;0.2;4
"4-Multi";30;"C4 PUPA";1.1;0.1;1;2;1;1;0.0461057571836672;1;0;0;1.13592413563014e-05;0.2;2
"4-Multi";31;"C5 CHFU";1.015625;0.015625;1;2;1;1;0.0388863377881488;1;1;2.05010126805221e-06;0.0794772926402299;0.2;2
"4-Multi";32;"C5 LEMA";1.0625;0.0625;1;2;1;1;0.0428113925638593;1;0.00091521613668571;6.74032397564697e-06;0.079550222956978;0.2;2
"4-Multi";33;"C6 CHFU";1.046875;0.046875;1;2;1;1;0.0489596835873281;1;1;6.15030380412378e-06;0.0794772926402299;0.2;2
"4-Multi";34;"C6 LEMA";1.03125;0.03125;1;2;1;1;0.0383305287262918;1;0.000915216136685778;3.37016198782636e-06;0.079550222956978;0.2;2
"4-Multi";35;"D1 CHFU";1.03125;0.03125;1;2;1;1;0.0439230106877462;1;0.999999999999999;4.10020253609128e-06;0.0794772926402299;0.2;2
"4-Multi";36;"D1 CHMI";1.33333333333333;0.333333333333333;1;2;1;1;0.0444765679486509;1;1.39214925377825e-06;7.23576161581868e-06;0.0304351523615256;0.2;2
"4-Multi";37;"D1 LEMA";1.03125;0.03125;1;2;1;1;0.0383305287262516;1;0.000915216136685685;3.37016198782773e-06;0.079550222956978;0.2;2
"4-Multi";38;"D2 CHFU";1.53125;0.53125;1;4;2;2;0.0541038599357847;1;0.670682084594312;5.25728093066148e-06;0.0738401374912965;0.2;4
"4-Multi";39;"D2 LEMA";1.14545454545455;0.145454545454545;1;4;2;2;0.0518157833671149;1;0.00874521287022175;0.000652441199468515;0.0932607287167785;0.2;4
"4-Multi";40;"D2 ME";2;1;1;2;1;1;0.0990250286734744;1;0.00349039969302289;0.0140211902666206;0.232738636809196;0.2;2
"4-Multi";41;"D2 PUPA";1.2;0.2;1;2;1;1;0.0569274386163807;1;0;0;1.13592413563014e-05;0.2;2
"4-Multi";42;"D3 CHFU";1.015625;0.015625;1;2;1;1;0.0388863377881365;1;0.999999999999999;2.05010126805232e-06;0.0794772926402299;0.2;2
"4-Multi";43;"D3 CHMI";2;1;1;2;1;1;0.0548835209671572;1;0.00115571549042063;0.000677890231415243;0.200011097853665;0.2;2
"4-Multi";44;"D3 LEMA";1.03125;0.03125;1;2;1;1;0.0383305287262453;1;0.000915216136685767;3.37016198781607e-06;0.079550222956978;0.2;2
"4-Multi";45;"D3 PUPA";1.1;0.1;1;2;1;1;0.0453885517525087;1;0;0;1.13592413563014e-05;0.2;2
"4-Multi";46;"D4 CHFU";1.015625;0.015625;1;2;1;1;0.0388863377882029;1;0.999999999999999;2.05010126803851e-06;0.0794772926402299;0.2;2
"4-Multi";47;"D4 LEMA";1.13125;0.13125;1;4;2;2;0.0497834921615521;1;0.00892490663299909;0.000655483508993043;0.120719275147396;0.2;4
"4-Multi";48;"D5 CHFU";1.015625;0.015625;1;2;1;1;0.0388863377881877;1;0.999999999999999;2.05010126805112e-06;0.0794772926402299;0.2;2
"4-Multi";49;"D5 LEMA";1.17045454545455;0.170454545454545;1;4;2;2;0.0582862752824217;1;0.000843338631574878;1.38085004145615e-05;0.0685668043847309;0.2;4
"4-Multi";50;"D5 PUPA";1.2;0.2;1;2;1;1;0.0569274386163711;1;0;0;1.13592413563014e-05;0.2;2
"4-Multi";51;"D6 CHFU";1.046875;0.046875;1;2;1;1;0.0489596835872687;1;1;6.15030380413146e-06;0.0794772926402299;0.2;2
"4-Multi";52;"D6 LEMA";1.19090909090909;0.190909090909091;1;4;2;2;0.058328938410334;1;0.0060154181171915;0.000652769051931805;0.0703848625097665;0.2;4
"4-Multi";53;"E1 CHFU";1.015625;0.015625;1;2;1;1;0.0388863377881709;1;1;2.05010126804122e-06;0.0794772926402299;0.2;2
"4-Multi";54;"E1 LEMA";1.09090909090909;0.0909090909090909;1;2;1;1;0.046875974975093;1;0.000555828611131007;6.55704926575079e-07;0.0246331300957425;0.2;2
"4-Multi";55;"E2 CHFU";2.046875;1.046875;1;4;2;2;0.0608059191969119;1;0.75184611928917;6.40181293709655e-06;0.0672488667565416;0.2;2
"4-Multi";56;"E2 LEMA";1.13636363636364;0.136363636363636;1;2;1;1;0.0533891300182874;1;0.000555828611130983;9.83557389876382e-07;0.0246331300957425;0.2;2
"4-Multi";57;"E2 ME";2;1;1;2;1;1;0.0477570937550496;1;7.24143638789744e-05;0.000170904966164478;0.175250238695587;0.2;2
"4-Multi";58;"E3 CHFU";1.03125;0.03125;1;2;1;1;0.0439230106877277;1;1;4.10020253609401e-06;0.0794772926402299;0.2;2
"4-Multi";59;"E3 LEMA";1.07670454545455;0.0767045454545455;1;4;2;2;0.0448436837694672;1;0.000735522373908353;3.69801445110783e-06;0.0520916765263603;0.2;4
"4-Multi";60;"E3 PUPA";1.2;0.2;1;2;1;1;0.056927438616447;1;0;0;1.13592413563014e-05;0.2;2
"4-Multi";61;"E4 CHFU";1.03125;0.03125;1;2;1;1;0.0439230106877324;1;1;4.10020253609313e-06;0.0794772926402299;0.2;2
"4-Multi";62;"E4 LEMA";1.0625;0.0625;1;2;1;1;0.042811392563891;1;0.000915216136685688;6.7403239756405e-06;0.079550222956978;0.2;2
"4-Multi";63;"E4 PUPA";1.44285714285714;0.442857142857143;1;4;2;2;0.0839466715122384;1;0;0;1.13592413563014e-05;0.2;4
"4-Multi";64;"E5 CHFU";1.015625;0.015625;1;2;1;1;0.0388863377881856;1;1;2.05010126804253e-06;0.0794772926402299;0.2;2
"4-Multi";65;"E6 CHFU";1.33333333333333;0.333333333333333;1;2;1;1;0.0525634419501282;1;0.0155178265811133;2.17363827815659e-06;0.0523583964086606;0.2;2
"4-Multi";66;"E6 LEMA";1.23295454545455;0.232954545454545;1;4;2;2;0.0672480029577262;1;0.000863875061606514;2.05488243901986e-05;0.0717049239768014;0.2;4
"4-Multi";67;"E6 PUPA";1.1;0.1;1;2;1;1;0.0461057571837146;1;0;0;1.13592413563014e-05;0.2;2
"4-Multi";68;"F1 CHFU";1.03125;0.03125;1;2;1;1;0.0439230106877686;1;1;4.10020253608091e-06;0.0794772926402299;0.2;2
"4-Multi";69;"F2 CHFU";1.38020833333333;0.380208333333333;1;4;2;2;0.0676734606487748;1;0.753879456645278;8.32394208228125e-06;0.0726975685823376;0.2;4
"4-Multi";70;"F2 LEMA";1.2;0.2;1;2;1;1;0.0567555917592343;1;0.0169345971293125;0.00130422669401044;0.161888327337814;0.2;2
"4-Multi";71;"F3 CHFU";1.015625;0.015625;1;2;1;1;0.0388863377881947;1;1;2.05010126804544e-06;0.0794772926402299;0.2;2
"4-Multi";72;"F3 LEMA";2.57142857142857;1.57142857142857;1;6;3;3;0.0670057722409314;1;2.88402621773959e-05;3.40863762878491e-06;0.00792828210592497;0.2;4
"4-Multi";73;"F3 PUPA";1.24285714285714;0.242857142857143;1;4;2;2;0.0594344869220907;1;0;0;1.13592413563014e-05;0.2;4
"4-Multi";74;"F4 CHFU";1.046875;0.046875;1;2;1;1;0.0489596835872439;1;1;6.1503038041344e-06;0.0794772926402299;0.2;2
"4-Multi";75;"F4 CHMI";1.5;0.5;1;2;1;1;0.0497900194787124;1;1.39214925381657e-06;1.08536424237142e-05;0.0304351523615256;0.2;2
"4-Multi";76;"F4 LEMA";1.57142857142857;0.571428571428571;1;4;2;2;0.051635807830405;1;4.30715512039845e-05;3.27472189223643e-06;0.0100880477201037;0.2;4
"4-Multi";77;"F4 PUPA";1.14285714285714;0.142857142857143;1;2;1;1;0.0471783946269528;1;0;0;1.13592413563014e-05;0.2;2
"4-Multi";78;"F5 CHFU";1.015625;0.015625;1;2;1;1;0.0388863377882072;1;1;2.05010126803836e-06;0.0794772926402299;0.2;2
"4-Multi";79;"F5 CHMI";1.16666666666667;0.166666666666667;1;2;1;1;0.0391631164186369;1;1.39214925378114e-06;3.61788080791606e-06;0.0304351523615256;0.2;2
"4-Multi";80;"F6 PUPA";1.14285714285714;0.142857142857143;1;2;1;1;0.0471783946269721;1;0;0;1.13592413563014e-05;0.2;2
"4-Multi";81;"Bees";12.6;9.26666666666667;3.33333333333333;32;16;16;0.296948158372824;1;0.00118855784736767;0.00632003759887335;0.0636167515091704;0.6;4
"4-Multi";82;"Beetles";1.33333333333333;0.333333333333333;1;2;1;1;0.0451620429822862;1;3.48219845688395e-06;3.69705613575752e-07;0.00534805036016095;0.2;2
"4-Multi";83;"Butterflies";5.45;4.45;1;14;7;7;0.136845741521187;1;0;0;1.13592413563014e-05;0.2;4
"4-Multi";84;"Flies";1.25;0.25;1;2;1;1;0.0410164796865692;1;6.53996862044977e-06;0.00722848137957098;0.0453352578500867;0.2;2
"4-Multi";85;"Flower_beetles";14.0428571428571;10.8761904761905;3.16666666666667;36;18;18;0.291994972819652;1;0.000752005088621592;0.000545449570130122;0.0816741748214839;0.4;4
"4-Multi";86;"House_flies";9.53333333333333;4.2;5.33333333333333;20;10;10;0.124590173224061;1;0.00802572631258102;0.0121113122163633;0.53225859736478;0.6;4
"4-Multi";87;"Hoverflies";23.2571428571429;17.9238095238095;5.33333333333333;56;28;28;0.534973764402862;1;0.00915270720279328;0.0161482567454091;0.373438731282536;0.6;4
"4-Multi";88;"Humbleflies";6.45;5.45;1;16;8;8;0.171269053029409;1;0;0;1.13592413563014e-05;0.2;4
"4-Multi";89;"Small_beetles";1.83333333333333;0.833333333333333;1;4;2;2;0.0555983752476197;1;3.41379559016645e-06;1.19791207198831e-06;0.00607598482213927;0.2;4
"4-Multi";90;"Small_flies";44.5833333333333;36.0833333333333;8.5;94;47;47;1;1;0.555199002498755;1;1;1;4
"5-Multi";1;"A1 CHFU";1.015625;0.015625;1;2;1;1;0.0388863377881821;1;0.999999999999999;2.05010126803678e-06;0.0794772926402299;0.2;2
"5-Multi";2;"A4 LEMA";1.10795454545455;0.107954545454545;1;4;2;2;0.0493245476071526;1;0.000795420294834215;7.06817643892929e-06;0.0612445253365661;0.2;4
"5-Multi";3;"A5 CHFU";1.125;0.125;1;2;1;1;0.0741430480850895;1;1;1.64008101443381e-05;0.0794772926402299;0.2;2
"5-Multi";4;"A5 LEMA";1.0625;0.0625;1;2;1;1;0.042811392563888;1;0.000915216136685683;6.74032397564715e-06;0.079550222956978;0.2;2
"5-Multi";5;"A5 ME";1.5;0.5;1;2;1;1;0.0615748721943796;1;6.37049107870633e-05;0.000118810872647183;0.119843341270969;0.2;2
"5-Multi";6;"A6 LEMA";1.1;0.1;1;2;1;1;0.0453026283239217;1;0.0169345971293124;0.000652113347005217;0.161888327337814;0.2;2
"5-Multi";7;"A6 PUPA";1.1;0.1;1;2;1;1;0.0461057571837038;1;0;0;1.13592413563014e-05;0.2;2
"5-Multi";8;"B1 CHFU";1.015625;0.015625;1;2;1;1;0.0388863377880946;1;0.999999999999999;2.05010126804859e-06;0.0794772926402299;0.2;2
"5-Multi";9;"B2 CHFU";1.38020833333333;0.380208333333333;1;4;2;2;0.0676734606488421;1;0.753879456645278;8.32394208227698e-06;0.0726975685823375;0.2;4
"5-Multi";10;"B3 CHFU";1.03125;0.03125;1;2;1;1;0.043923010687695;1;1;4.10020253609328e-06;0.0794772926402299;0.2;2
"5-Multi";11;"B3 LEMA";1.11688311688312;0.116883116883117;1;4;2;2;0.0460285394553777;1;0.000320373974835548;3.53693177993219e-06;0.0203548919188111;0.2;4
"5-Multi";12;"B3 ME";1.25;0.25;1;2;1;1;0.0477122685415361;1;6.37049107870616e-05;5.94054363235834e-05;0.119843341270969;0.2;2
"5-Multi";13;"B4 CHFU";1.015625;0.015625;1;2;1;1;0.0388863377881646;1;1;2.05010126805046e-06;0.0794772926402299;0.2;2
"5-Multi";14;"B4 LEMA";1.28571428571429;0.285714285714286;1;2;1;1;0.0565125429827704;1;8.49193385400408e-05;1.28363172665695e-05;0.0160766537418796;0.2;2
"5-Multi";15;"B4 PUPA";1.24285714285714;0.242857142857143;1;4;2;2;0.0594344869221217;1;0;0;1.13592413563014e-05;0.2;4
"5-Multi";16;"B5 CHFU";1.03125;0.03125;1;2;1;1;0.0439230106877069;1;0.999999999999999;4.10020253608703e-06;0.0794772926402299;0.2;2
"5-Multi";17;"B5 LEMA";1.30535714285714;0.305357142857143;1;6;3;3;0.0655957950462373;1;0.00378697361595286;0.000665271829614147;0.0706284161471059;0.2;4
"5-Multi";18;"B5 ME";1.25;0.25;1;2;1;1;0.0477122685415579;1;6.37049107870237e-05;5.94054363235901e-05;0.119843341270969;0.2;2
"5-Multi";19;"B5 PUPA";1.2;0.2;1;4;2;2;0.057644644047585;1;0;0;1.13592413563014e-05;0.2;4
"5-Multi";20;"B6 CHFU";1.09375;0.09375;1;2;1;1;0.0640697022859826;1;0.999999999999999;1.23006076082449e-05;0.0794772926402299;0.2;2
"5-Multi";21;"B6 LEMA";1.15340909090909;0.153409090909091;1;4;2;2;0.0558377026502731;1;0.000735522373908323;7.39602890222148e-06;0.0520916765263602;0.2;4
"5-Multi";22;"C1 LEMA";2.2625;1.2625;1;6;3;3;0.0865932169322638;1;0.00603460936007232;0.00144639516590149;0.120810926201092;0.2;4
"5-Multi";23;"C2 CHFU";2.53125;1.53125;1;6;3;3;0.0823622265344416;1;0.404957854426012;6.03882309463137e-06;0.05503093136252;0.2;4
"5-Multi";24;"C2 LEMA";1.26761363636364;0.267613636363636;1;6;3;3;0.0693229572911572;1;0.00390345981987822;0.000656467066382913;0.063067588116404;0.2;4
"5-Multi";25;"C2 PUPA";2.44285714285714;1.44285714285714;1;8;4;4;0.0986016159200587;1;0;0;1.13592413563014e-05;0.2;4
"5-Multi";26;"C3 CHFU";1.078125;0.078125;1;2;1;1;0.0590330293864497;1;1;1.02505063402106e-05;0.0794772926402299;0.2;2
"5-Multi";27;"C3 LEMA";1.27922077922078;0.279220779220779;1;4;2;2;0.0647205690653845;1;0.000367464902094656;7.40171602314976e-06;0.0212105395541974;0.2;4
"5-Multi";28;"C3 PUPA";1.14285714285714;0.142857142857143;1;2;1;1;0.047178394627014;1;0;0;1.13592413563014e-05;0.2;2
"5-Multi";29;"C4 LEMA";1.32224025974026;0.32224025974026;1;6;3;3;0.0663217061777401;1;0.000440169816687072;1.66954143888437e-05;0.0386605895392229;0.2;4
"5-Multi";30;"C4 PUPA";1.1;0.1;1;2;1;1;0.0461057571836672;1;0;0;1.13592413563014e-05;0.2;2
"5-Multi";31;"C5 CHFU";1.015625;0.015625;1;2;1;1;0.0388863377881488;1;1;2.05010126805221e-06;0.0794772926402299;0.2;2
"5-Multi";32;"C5 LEMA";1.0625;0.0625;1;2;1;1;0.0428113925638593;1;0.00091521613668571;6.74032397564697e-06;0.079550222956978;0.2;2
"5-Multi";33;"C6 CHFU";1.046875;0.046875;1;2;1;1;0.0489596835873281;1;1;6.15030380412378e-06;0.0794772926402299;0.2;2
"5-Multi";34;"C6 LEMA";1.03125;0.03125;1;2;1;1;0.0383305287262918;1;0.000915216136685778;3.37016198782636e-06;0.079550222956978;0.2;2
"5-Multi";35;"D1 CHFU";1.03125;0.03125;1;2;1;1;0.0439230106877462;1;0.999999999999999;4.10020253609128e-06;0.0794772926402299;0.2;2
"5-Multi";36;"D1 CHMI";1.33333333333333;0.333333333333333;1;2;1;1;0.0444765679486509;1;1.39214925377825e-06;7.23576161581868e-06;0.0304351523615256;0.2;2
"5-Multi";37;"D1 LEMA";1.03125;0.03125;1;2;1;1;0.0383305287262516;1;0.000915216136685685;3.37016198782773e-06;0.079550222956978;0.2;2
"5-Multi";38;"D2 CHFU";1.53125;0.53125;1;4;2;2;0.0541038599357847;1;0.670682084594312;5.25728093066148e-06;0.0738401374912965;0.2;4
"5-Multi";39;"D2 LEMA";1.14545454545455;0.145454545454545;1;4;2;2;0.0518157833671149;1;0.00874521287022175;0.000652441199468515;0.0932607287167785;0.2;4
"5-Multi";40;"D2 ME";2;1;1;2;1;1;0.0990250286734744;1;0.00349039969302289;0.0140211902666206;0.232738636809196;0.2;2
"5-Multi";41;"D2 PUPA";1.2;0.2;1;2;1;1;0.0569274386163807;1;0;0;1.13592413563014e-05;0.2;2
"5-Multi";42;"D3 CHFU";1.015625;0.015625;1;2;1;1;0.0388863377881365;1;0.999999999999999;2.05010126805232e-06;0.0794772926402299;0.2;2
"5-Multi";43;"D3 CHMI";2;1;1;2;1;1;0.0548835209671572;1;0.00115571549042063;0.000677890231415243;0.200011097853665;0.2;2
"5-Multi";44;"D3 LEMA";1.03125;0.03125;1;2;1;1;0.0383305287262453;1;0.000915216136685767;3.37016198781607e-06;0.079550222956978;0.2;2
"5-Multi";45;"D3 PUPA";1.1;0.1;1;2;1;1;0.0453885517525087;1;0;0;1.13592413563014e-05;0.2;2
"5-Multi";46;"D4 CHFU";1.015625;0.015625;1;2;1;1;0.0388863377882029;1;0.999999999999999;2.05010126803851e-06;0.0794772926402299;0.2;2
"5-Multi";47;"D4 LEMA";1.13125;0.13125;1;4;2;2;0.0497834921615521;1;0.00892490663299909;0.000655483508993043;0.120719275147396;0.2;4
"5-Multi";48;"D5 CHFU";1.015625;0.015625;1;2;1;1;0.0388863377881877;1;0.999999999999999;2.05010126805112e-06;0.0794772926402299;0.2;2
"5-Multi";49;"D5 LEMA";1.17045454545455;0.170454545454545;1;4;2;2;0.0582862752824217;1;0.000843338631574878;1.38085004145615e-05;0.0685668043847309;0.2;4
"5-Multi";50;"D5 PUPA";1.2;0.2;1;2;1;1;0.0569274386163711;1;0;0;1.13592413563014e-05;0.2;2
"5-Multi";51;"D6 CHFU";1.046875;0.046875;1;2;1;1;0.0489596835872687;1;1;6.15030380413146e-06;0.0794772926402299;0.2;2
"5-Multi";52;"D6 LEMA";1.19090909090909;0.190909090909091;1;4;2;2;0.058328938410334;1;0.0060154181171915;0.000652769051931805;0.0703848625097665;0.2;4
"5-Multi";53;"E1 CHFU";1.015625;0.015625;1;2;1;1;0.0388863377881709;1;1;2.05010126804122e-06;0.0794772926402299;0.2;2
"5-Multi";54;"E1 LEMA";1.09090909090909;0.0909090909090909;1;2;1;1;0.046875974975093;1;0.000555828611131007;6.55704926575079e-07;0.0246331300957425;0.2;2
"5-Multi";55;"E2 CHFU";2.046875;1.046875;1;4;2;2;0.0608059191969119;1;0.75184611928917;6.40181293709655e-06;0.0672488667565416;0.2;2
"5-Multi";56;"E2 LEMA";1.13636363636364;0.136363636363636;1;2;1;1;0.0533891300182874;1;0.000555828611130983;9.83557389876382e-07;0.0246331300957425;0.2;2
"5-Multi";57;"E2 ME";2;1;1;2;1;1;0.0477570937550496;1;7.24143638789744e-05;0.000170904966164478;0.175250238695587;0.2;2
"5-Multi";58;"E3 CHFU";1.03125;0.03125;1;2;1;1;0.0439230106877277;1;1;4.10020253609401e-06;0.0794772926402299;0.2;2
"5-Multi";59;"E3 LEMA";1.07670454545455;0.0767045454545455;1;4;2;2;0.0448436837694672;1;0.000735522373908353;3.69801445110783e-06;0.0520916765263603;0.2;4
"5-Multi";60;"E3 PUPA";1.2;0.2;1;2;1;1;0.056927438616447;1;0;0;1.13592413563014e-05;0.2;2
"5-Multi";61;"E4 CHFU";1.03125;0.03125;1;2;1;1;0.0439230106877324;1;1;4.10020253609313e-06;0.0794772926402299;0.2;2
"5-Multi";62;"E4 LEMA";1.0625;0.0625;1;2;1;1;0.042811392563891;1;0.000915216136685688;6.7403239756405e-06;0.079550222956978;0.2;2
"5-Multi";63;"E4 PUPA";1.44285714285714;0.442857142857143;1;4;2;2;0.0839466715122384;1;0;0;1.13592413563014e-05;0.2;4
"5-Multi";64;"E5 CHFU";1.015625;0.015625;1;2;1;1;0.0388863377881856;1;1;2.05010126804253e-06;0.0794772926402299;0.2;2
"5-Multi";65;"E6 CHFU";1.33333333333333;0.333333333333333;1;2;1;1;0.0525634419501282;1;0.0155178265811133;2.17363827815659e-06;0.0523583964086606;0.2;2
"5-Multi";66;"E6 LEMA";1.23295454545455;0.232954545454545;1;4;2;2;0.0672480029577262;1;0.000863875061606514;2.05488243901986e-05;0.0717049239768014;0.2;4
"5-Multi";67;"E6 PUPA";1.1;0.1;1;2;1;1;0.0461057571837146;1;0;0;1.13592413563014e-05;0.2;2
"5-Multi";68;"F1 CHFU";1.03125;0.03125;1;2;1;1;0.0439230106877686;1;1;4.10020253608091e-06;0.0794772926402299;0.2;2
"5-Multi";69;"F2 CHFU";1.38020833333333;0.380208333333333;1;4;2;2;0.0676734606487748;1;0.753879456645278;8.32394208228125e-06;0.0726975685823376;0.2;4
"5-Multi";70;"F2 LEMA";1.2;0.2;1;2;1;1;0.0567555917592343;1;0.0169345971293125;0.00130422669401044;0.161888327337814;0.2;2
"5-Multi";71;"F3 CHFU";1.015625;0.015625;1;2;1;1;0.0388863377881947;1;1;2.05010126804544e-06;0.0794772926402299;0.2;2
"5-Multi";72;"F3 LEMA";2.57142857142857;1.57142857142857;1;6;3;3;0.0670057722409314;1;2.88402621773959e-05;3.40863762878491e-06;0.00792828210592497;0.2;4
"5-Multi";73;"F3 PUPA";1.24285714285714;0.242857142857143;1;4;2;2;0.0594344869220907;1;0;0;1.13592413563014e-05;0.2;4
"5-Multi";74;"F4 CHFU";1.046875;0.046875;1;2;1;1;0.0489596835872439;1;1;6.1503038041344e-06;0.0794772926402299;0.2;2
"5-Multi";75;"F4 CHMI";1.5;0.5;1;2;1;1;0.0497900194787124;1;1.39214925381657e-06;1.08536424237142e-05;0.0304351523615256;0.2;2
"5-Multi";76;"F4 LEMA";1.57142857142857;0.571428571428571;1;4;2;2;0.051635807830405;1;4.30715512039845e-05;3.27472189223643e-06;0.0100880477201037;0.2;4
"5-Multi";77;"F4 PUPA";1.14285714285714;0.142857142857143;1;2;1;1;0.0471783946269528;1;0;0;1.13592413563014e-05;0.2;2
"5-Multi";78;"F5 CHFU";1.015625;0.015625;1;2;1;1;0.0388863377882072;1;1;2.05010126803836e-06;0.0794772926402299;0.2;2
"5-Multi";79;"F5 CHMI";1.16666666666667;0.166666666666667;1;2;1;1;0.0391631164186369;1;1.39214925378114e-06;3.61788080791606e-06;0.0304351523615256;0.2;2
"5-Multi";80;"F6 PUPA";1.14285714285714;0.142857142857143;1;2;1;1;0.0471783946269721;1;0;0;1.13592413563014e-05;0.2;2
"5-Multi";81;"Bees";12.6;9.26666666666667;3.33333333333333;32;16;16;0.296948158372824;1;0.00118855784736767;0.00632003759887335;0.0636167515091704;0.6;4
"5-Multi";82;"Beetles";1.33333333333333;0.333333333333333;1;2;1;1;0.0451620429822862;1;3.48219845688395e-06;3.69705613575752e-07;0.00534805036016095;0.2;2
"5-Multi";83;"Butterflies";5.45;4.45;1;14;7;7;0.136845741521187;1;0;0;1.13592413563014e-05;0.2;4
"5-Multi";84;"Flies";1.25;0.25;1;2;1;1;0.0410164796865692;1;6.53996862044977e-06;0.00722848137957098;0.0453352578500867;0.2;2
"5-Multi";85;"Flower_beetles";14.0428571428571;10.8761904761905;3.16666666666667;36;18;18;0.291994972819652;1;0.000752005088621592;0.000545449570130122;0.0816741748214839;0.4;4
"5-Multi";86;"House_flies";9.53333333333333;4.2;5.33333333333333;20;10;10;0.124590173224061;1;0.00802572631258102;0.0121113122163633;0.53225859736478;0.6;4
"5-Multi";87;"Hoverflies";23.2571428571429;17.9238095238095;5.33333333333333;56;28;28;0.534973764402862;1;0.00915270720279328;0.0161482567454091;0.373438731282536;0.6;4
"5-Multi";88;"Humbleflies";6.45;5.45;1;16;8;8;0.171269053029409;1;0;0;1.13592413563014e-05;0.2;4
"5-Multi";89;"Small_beetles";1.83333333333333;0.833333333333333;1;4;2;2;0.0555983752476197;1;3.41379559016645e-06;1.19791207198831e-06;0.00607598482213927;0.2;4
"5-Multi";90;"Small_flies";44.5833333333333;36.0833333333333;8.5;94;47;47;1;1;0.555199002498755;1;1;1;4
"Aggr";1;"A1 CHFU";1.015625;0.015625;1;2;1;1;0.0133048326421831;0.00787444669159343;1;0;0.503964113942575;0;2
"Aggr";2;"A4 LEMA";1.10795454545455;0.107954545454545;1;4;2;2;0.0266529507843749;0.00730363413554659;0.0446558343304029;0;0.12918270121818;0;4
"Aggr";3;"A5 CHFU";1.125;0.125;1;2;1;1;0.0318985826422298;0.0629955735327478;0.999999999999999;0;0.503964113942575;0;2
"Aggr";4;"A5 LEMA";1.0625;0.0625;1;2;1;1;0.0194255535161465;0.00497575755708901;0.0524759963317065;0;0.173867786008915;0;2
"Aggr";5;"A5 ME";1.5;0.5;1;2;1;1;0.0808643496337575;0.0398060604567121;0.0524759963317065;0;0.173867786008915;0;2
"Aggr";6;"A6 LEMA";1.1;0.1;1;2;1;1;0.0276485826422023;0.0503964588261982;1;0;0.503964113942575;0;2
"Aggr";7;"A6 PUPA";1.1;0.1;1;2;1;1;0.0352677214866209;0.00373178874485824;0.00178554255107922;0;0.0076885188753849;0;2
"Aggr";8;"B1 CHFU";1.015625;0.015625;1;2;1;1;0.0133048326422144;0.00787444669159348;1;0;0.503964113942575;0;2
"Aggr";9;"B2 CHFU";1.38020833333333;0.380208333333333;1;4;2;2;0.0654278439699188;0.0501607137125885;0.763118999082927;0;0.42144003195916;0;4
"Aggr";10;"B3 CHFU";1.03125;0.03125;1;2;1;1;0.0159610826422279;0.015748893383187;1;0;0.503964113942575;0;2
"Aggr";11;"B3 LEMA";1.11688311688312;0.116883116883117;1;4;2;2;0.0262216861167276;0.010807505318353;0.0220902325086725;0;0.0940394855069993;0;4
"Aggr";12;"B3 ME";1.25;0.25;1;2;1;1;0.0457564661379811;0.019903030228356;0.0524759963317065;0;0.173867786008915;0;2
"Aggr";13;"B4 CHFU";1.015625;0.015625;1;2;1;1;0.0133048326422214;0.00787444669159349;1;0;0.503964113942575;0;2
"Aggr";14;"B4 LEMA";1.28571428571429;0.285714285714286;1;2;1;1;0.0440314074673232;0.0339185149595816;0.0151649546895491;0;0.14826643937729;0;2
"Aggr";15;"B4 PUPA";1.24285714285714;0.242857142857143;1;4;2;2;0.0632514148670554;0.00861334126243454;0.00169169419224039;0;0.00763629816161209;0;4
"Aggr";16;"B5 CHFU";1.03125;0.03125;1;2;1;1;0.0159610826422092;0.015748893383187;1;0;0.503964113942575;0;2
"Aggr";17;"B5 LEMA";1.30535714285714;0.305357142857143;1;6;3;3;0.0531169659287372;0.072331473863078;0.227056380408502;0;0.229646512942997;0;4
"Aggr";18;"B5 ME";1.25;0.25;1;2;1;1;0.0457564661379575;0.019903030228356;0.0524759963317065;0;0.173867786008915;0;2
"Aggr";19;"B5 PUPA";1.2;0.2;1;4;2;2;0.0469517101754355;0.0156032689807118;0.00847524862031428;0;0.0779774791263375;0;4
"Aggr";20;"B6 CHFU";1.09375;0.09375;1;2;1;1;0.0265860826421946;0.0472466801495608;0.999999999999999;0;0.503964113942575;0;2
"Aggr";21;"B6 LEMA";1.15340909090909;0.153409090909091;1;4;2;2;0.0338803480526315;0.00963151071400422;0.0407457533297512;0;0.106840158822812;0;4
"Aggr";22;"C1 LEMA";2.2625;1.2625;1;6;3;3;0.0819750389701443;0.134604603887868;0.355666232873129;0;0.300728908198216;0;4
"Aggr";23;"C2 CHFU";2.53125;1.53125;1;6;3;3;0.147075712257185;0.148881660080914;0.408970522333356;0;0.305763186256577;0;4
"Aggr";24;"C2 LEMA";1.26761363636364;0.267613636363636;1;6;3;3;0.0537192598839374;0.0598679673401155;0.227904505463019;0;0.159453898972323;0;4
"Aggr";25;"C2 PUPA";2.44285714285714;1.44285714285714;1;8;4;4;0.256619392244798;0.536320889996124;0.206742659552716;0;0.163153917804076;0;4
"Aggr";26;"C3 CHFU";1.078125;0.078125;1;2;1;1;0.0239298326422141;0.0393722334579673;1;0;0.503964113942575;0;2
"Aggr";27;"C3 LEMA";1.27922077922078;0.279220779220779;1;4;2;2;0.0490221868594861;0.0239428872151636;0.0234752880724971;0;0.0831940947329411;0;4
"Aggr";28;"C3 PUPA";1.14285714285714;0.142857142857143;1;2;1;1;0.0386322760226458;0.0048815525175763;0.0015978458334015;0;0.00758407744783927;0;2
"Aggr";29;"C4 LEMA";1.32224025974026;0.32224025974026;1;6;3;3;0.0516900694032431;0.0327425203552329;0.029910394509976;0;0.138724570297735;0;4
"Aggr";30;"C4 PUPA";1.1;0.1;1;2;1;1;0.035267721486651;0.00373178874485827;0.00178554255107924;0;0.0076885188753849;0;2
"Aggr";31;"C5 CHFU";1.015625;0.015625;1;2;1;1;0.013304832642225;0.00787444669159349;1;0;0.503964113942575;0;2
"Aggr";32;"C5 LEMA";1.0625;0.0625;1;2;1;1;0.0194255535161605;0.00497575755708902;0.0524759963317066;0;0.173867786008915;0;2
"Aggr";33;"C6 CHFU";1.046875;0.046875;1;2;1;1;0.0186173326421986;0.0236233400747804;1;0;0.503964113942575;0;2
"Aggr";34;"C6 LEMA";1.03125;0.03125;1;2;1;1;0.0150370680791555;0.00248787877854448;0.0524759963317065;0;0.173867786008915;0;2
"Aggr";35;"D1 CHFU";1.03125;0.03125;1;2;1;1;0.0159610826422187;0.015748893383187;1;0;0.503964113942575;0;2
"Aggr";36;"D1 CHMI";1.33333333333333;0.333333333333333;1;2;1;1;0.0636494959426485;0.0170710949086891;0.0290155103277958;0;0.0398125316367085;0;2
"Aggr";37;"D1 LEMA";1.03125;0.03125;1;2;1;1;0.0150370680791825;0.00248787877854451;0.0524759963317065;0;0.173867786008915;0;2
"Aggr";38;"D2 CHFU";1.53125;0.53125;1;4;2;2;0.0302358253692024;0.0301668577223785;0.671507567429226;0;0.410761017509436;0;4
"Aggr";39;"D2 LEMA";1.14545454545455;0.145454545454545;1;4;2;2;0.0348759799104813;0.0527243354046559;0.514507755163898;0;0.271888322789642;0;4
"Aggr";40;"D2 ME";2;1;1;2;1;1;0.180648582642306;0.503964588261982;1;0;0.503964113942575;0;2
"Aggr";41;"D2 PUPA";1.2;0.2;1;2;1;1;0.0340165600197909;0.0237429604717071;0.015164954689549;0;0.14826643937729;0;2
"Aggr";42;"D3 CHFU";1.015625;0.015625;1;2;1;1;0.0133048326422284;0.00787444669159349;1;0;0.503964113942575;0;2
"Aggr";43;"D3 CHMI";2;1;1;2;1;1;0.180648582642323;0.503964588261982;1;0;0.503964113942575;0;2
"Aggr";44;"D3 LEMA";1.03125;0.03125;1;2;1;1;0.0150370680791881;0.00248787877854452;0.0524759963317065;0;0.173867786008915;0;2
"Aggr";45;"D3 PUPA";1.1;0.1;1;2;1;1;0.0223325713310105;0.0118714802358536;0.0151649546895491;0;0.14826643937729;0;2
"Aggr";46;"D4 CHFU";1.015625;0.015625;1;2;1;1;0.0133048326421864;0.00787444669159345;1;0;0.503964113942575;0;2
"Aggr";47;"D4 LEMA";1.13125;0.13125;1;4;2;2;0.0320370680791933;0.0528843376047427;0.526237998165853;0;0.338915949975745;0;4
"Aggr";48;"D5 CHFU";1.015625;0.015625;1;2;1;1;0.0133048326422238;0.00787444669159348;1;0;0.503964113942575;0;2
"Aggr";49;"D5 LEMA";1.17045454545455;0.170454545454545;1;4;2;2;0.0354299216583253;0.0122793916926356;0.0477838991309243;0;0.147056735134474;0;4
"Aggr";50;"D5 PUPA";1.2;0.2;1;2;1;1;0.0340165600197996;0.0237429604717072;0.0151649546895492;0;0.14826643937729;0;2
"Aggr";51;"D6 CHFU";1.046875;0.046875;1;2;1;1;0.0186173326422218;0.0236233400747804;1;0;0.503964113942575;0;2
"Aggr";52;"D6 LEMA";1.19090909090909;0.190909090909091;1;4;2;2;0.0421033771787011;0.0550522119831134;0.352677006885197;0;0.194529725738664;0;4
"Aggr";53;"E1 CHFU";1.015625;0.015625;1;2;1;1;0.013304832642194;0.00787444669159345;1;0;0.503964113942575;0;2
"Aggr";54;"E1 LEMA";1.09090909090909;0.0909090909090909;1;2;1;1;0.025103377178681;0.0046557531569152;0.0290155103277958;0;0.0398125316367085;0;2
"Aggr";55;"E2 CHFU";2.046875;1.046875;1;4;2;2;0.0337679669120788;0.025225003610118;0.751554936136507;0;0.403600963519127;0;2
"Aggr";56;"E2 LEMA";1.13636363636364;0.136363636363636;1;2;1;1;0.0323307744469194;0.0069836297353728;0.0290155103277958;0;0.0398125316367085;0;2
"Aggr";57;"E2 ME";2;1;1;2;1;1;0.0391980680961694;0.0288359286783831;0.0145227022876803;0;0.224354824643156;0;2
"Aggr";58;"E3 CHFU";1.03125;0.03125;1;2;1;1;0.0159610826422261;0.015748893383187;0.999999999999999;0;0.503964113942575;0;2
"Aggr";59;"E3 LEMA";1.07670454545455;0.0767045454545455;1;4;2;2;0.0222644653474387;0.00481575535700214;0.0407457533297512;0;0.106840158822812;0;4
"Aggr";60;"E3 PUPA";1.2;0.2;1;2;1;1;0.0340165600197823;0.0237429604717071;0.0151649546895491;0;0.14826643937729;0;2
"Aggr";61;"E4 CHFU";1.03125;0.03125;1;2;1;1;0.0159610826422265;0.015748893383187;0.999999999999999;0;0.503964113942575;0;2
"Aggr";62;"E4 LEMA";1.0625;0.0625;1;2;1;1;0.0194255535161486;0.00497575755708901;0.0524759963317065;0;0.173867786008915;0;2
"Aggr";63;"E4 PUPA";1.44285714285714;0.442857142857143;1;4;2;2;0.112489692555951;0.0160769187521511;0.00173861837165981;0;0.0076624085184985;0;4
"Aggr";64;"E5 CHFU";1.015625;0.015625;1;2;1;1;0.0133048326421978;0.00787444669159346;1;0;0.503964113942575;0;2
"Aggr";65;"E6 CHFU";1.33333333333333;0.333333333333333;1;2;1;1;0.0574590939699279;0.0265373736378081;0.0524759963317065;0;0.173867786008915;0;2
"Aggr";66;"E6 LEMA";1.23295454545455;0.232954545454545;1;4;2;2;0.0442068925322794;0.0172551492497246;0.0491244983311478;0;0.154717035384314;0;4
"Aggr";67;"E6 PUPA";1.1;0.1;1;2;1;1;0.035267721486631;0.00373178874485825;0.00178554255107928;0;0.0076885188753849;0;2
"Aggr";68;"F1 CHFU";1.03125;0.03125;1;2;1;1;0.015961082642189;0.0157488933831869;1;0;0.503964113942575;0;2
"Aggr";69;"F2 CHFU";1.38020833333333;0.380208333333333;1;4;2;2;0.0654278439699312;0.0501607137125885;0.763118999082926;0;0.42144003195916;0;4
"Aggr";70;"F2 LEMA";1.2;0.2;1;2;1;1;0.0446485826422064;0.100792917652396;1;0;0.503964113942575;0;2
"Aggr";71;"F3 CHFU";1.015625;0.015625;1;2;1;1;0.0133048326422062;0.00787444669159347;1;0;0.503964113942575;0;2
"Aggr";72;"F3 LEMA";2.57142857142857;1.57142857142857;1;6;3;3;0.0616721841865232;0.0104058534653245;0.00513510116730727;0;0.0606540074264026;0;4
"Aggr";73;"F3 PUPA";1.24285714285714;0.242857142857143;1;4;2;2;0.0632514148670657;0.00861334126243453;0.00169169419224037;0;0.00763629816161209;0;4
"Aggr";74;"F4 CHFU";1.046875;0.046875;1;2;1;1;0.0186173326422286;0.0236233400747804;1;0;0.503964113942575;0;2
"Aggr";75;"F4 CHMI";1.5;0.5;1;2;1;1;0.0901499525928838;0.0256066423630337;0.0290155103277958;0;0.0398125316367085;0;2
"Aggr";76;"F4 LEMA";1.57142857142857;0.571428571428571;1;4;2;2;0.0377681712494452;0.00952489284878283;0.00767432025143189;0;0.0832752704650177;0;4
"Aggr";77;"F4 PUPA";1.14285714285714;0.142857142857143;1;2;1;1;0.038632276022659;0.00488155251757631;0.00159784583340155;0;0.00758407744783927;0;2
"Aggr";78;"F5 CHFU";1.015625;0.015625;1;2;1;1;0.0133048326421854;0.00787444669159345;1;0;0.503964113942575;0;2
"Aggr";79;"F5 CHMI";1.16666666666667;0.166666666666667;1;2;1;1;0.0371490392924425;0.00853554745434457;0.0290155103277958;0;0.0398125316367085;0;2
"Aggr";80;"F6 PUPA";1.14285714285714;0.142857142857143;1;2;1;1;0.0386322760226511;0.0048815525175763;0.00159784583340149;0;0.00758407744783927;0;2
"Aggr";81;"Bees";11.9333333333333;8.93333333333333;3;28;14;14;0.412376071371273;0.235561793672738;0;0.0151649546895489;0.294193997232415;0;4
"Aggr";82;"Beetles";1.33333333333333;0.333333333333333;1;2;1;1;0.0281223681616846;0.00174806055238889;0;5.66629990578537e-05;0.0305717315308435;0;2
"Aggr";83;"Butterflies";5.45;4.45;1;14;7;7;0.230453945486752;0.067804104532183;0;0.00159784583340137;0.0150399216408876;0;4
"Aggr";84;"Flies";1.25;0.25;1;2;1;1;0.0178242756113368;0.00317812713957005;0;0.00621974454603042;0.203403124722598;0;2
"Aggr";85;"Flower_beetles";11.7095238095238;9.70952380952381;2;32;16;16;0.374124093885133;0.10162080018893;0;0.0290155103277955;0.0789903999627496;0;4
"Aggr";86;"House_flies";4.86666666666667;1.86666666666667;3;8;4;4;0.100762889837129;0.0572181644306184;0;0.0145227022876802;0.445175133466085;0;4
"Aggr";87;"Hoverflies";18.5904761904762;15.5904761904762;3;44;22;22;0.495640708176167;0.157971656675288;0;0.052475996331706;0.344994397188975;0;4
"Aggr";88;"Humbleflies";6.45;5.45;1;16;8;8;0.289636927580614;0.0740486302366611;0;0.00178554255107919;0.0152471633289009;0;4
"Aggr";89;"Small_beetles";1.83333333333333;0.833333333333333;1;4;2;2;0.0441738409415698;0.00414816490377711;0;0.000183685813314677;0.0362718322858767;0;4
"Aggr";90;"Small_flies";37.5833333333333;32.5833333333333;5;78;39;39;1;1;0;1;1;0;4
