"Layer";"Node";"Label";"Strength";"StrengthIn";"StrengthOut";"Degree";"DegreeIn";"DegreeOut";"PageRank";"Eigenvector";"Hub";"Authority";"Katz";"Multiplexity";"Kcore"
"1-Multi";1;"A1 LEMA";1.13090909090909;0.130909090909091;1;4;2;2;0.0875230552330487;0.0460882985429067;0.594281023607764;0;0.133216647838547;0.333333333333333;4
"1-Multi";2;"A2 CHFU";2.15384615384615;1.15384615384615;1;4;2;2;0.146177768441791;0.137030181570216;0;0.0101978833167429;0.162836193564938;0.333333333333333;2
"1-Multi";3;"A2 LEMA";1.88233766233766;0.882337662337662;1;8;4;4;0.188954841047663;0.127405348581289;0.390621577548395;0;0.100164258268112;0.333333333333333;6
"1-Multi";4;"A5 CHFU";1.5;0.5;1;2;1;1;0.113958537592726;0.0790033665698811;0;0.00599393629778866;0.141322760104441;0.333333333333333;2
"1-Multi";5;"A6 CHFU";1.5;0.5;1;2;1;1;0.113958537602474;0.0790033665698801;0;0.00599393629778866;0.141322760104441;0.333333333333333;2
"1-Multi";6;"B1 CHFU";1.47692307692308;0.476923076923077;1;4;2;2;0.151297381894245;0.154351219290026;0;0.0355612726285609;0.146151432435657;0.333333333333333;4
"1-Multi";7;"B2 CHFU";1.07692307692308;0.0769230769230769;1;2;1;1;0.0732476438854178;0.0308823895611484;0;0.00126896869761891;0.148459350142938;0.333333333333333;2
"1-Multi";8;"B2 LEMA";1.33757575757576;0.337575757575758;1;6;3;3;0.116437815081874;0.0813291499087085;0.566721628302475;0;0.1517872868952;0.333333333333333;6
"1-Multi";9;"B4 LEMA";1.33333333333333;0.333333333333333;1;2;1;1;0.0851153033899259;0.0397033630004618;0.0783244659943709;0;0.208256602263052;0.333333333333333;2
"1-Multi";10;"B4 ME";2;1;1;2;1;1;0.0841680953640215;0.0277254242159177;0;0.0109573447746091;0.339323381952964;0.333333333333333;2
"1-Multi";11;"B5 CHFU";1.47692307692308;0.476923076923077;1;4;2;2;0.151297381885865;0.154351219290024;0;0.0355612726285609;0.146151432435657;0.333333333333333;4
"1-Multi";12;"B6 CHFU";1.15384615384615;0.153846153846154;1;2;1;1;0.0932606511703573;0.0617647791222842;0;0.00253793739523784;0.148459350142938;0.333333333333333;2
"1-Multi";13;"B6 LEMA";1.08;0.08;1;2;1;1;0.0791834895603337;0.0307783397311325;1;0;0.132459249640654;0.333333333333333;2
"1-Multi";14;"C1 LEMA";1.09090909090909;0.0909090909090909;1;2;1;1;0.0745486287587094;0.0306991286773489;0.188562047215528;0;0.13397404603644;0.333333333333333;2
"1-Multi";15;"C2 CHFU";1.87692307692308;0.876923076923077;1;4;2;2;0.14469696233777;0.162184557292111;0;0.00138563026798823;0.155930128953223;0.333333333333333;2
"1-Multi";16;"C2 LEMA";1.43757575757576;0.437575757575758;1;8;4;4;0.131661264650349;0.0982993104925778;0.480882725717386;0;0.14744978848443;0.333333333333333;6
"1-Multi";17;"C3 LEMA";1.04;0.04;1;2;1;1;0.0662090630974249;0.0153891698655597;1;0;0.132459249640654;0.333333333333333;2
"1-Multi";18;"C4 LEMA";1.54952380952381;0.54952380952381;1;8;4;4;0.127661166417485;0.0775733099643989;0.280150991116837;0;0.132184425047944;0.333333333333333;6
"1-Multi";19;"C5 CHFU";1.2;0.2;1;2;1;1;0.0710969662355488;0.0328255419327423;0;2.91653925923456e-05;0.157797823655794;0.333333333333333;2
"1-Multi";20;"C5 LEMA";1.1;0.1;1;2;1;1;0.0684580861782267;0.0169701605838755;0.137527115377033;0;0.13009979484135;0.333333333333333;2
"1-Multi";21;"C6 LEMA";1.09090909090909;0.0909090909090909;1;2;1;1;0.074548628759192;0.0306991286773442;0.188562047215528;0;0.13397404603644;0.333333333333333;2
"1-Multi";22;"D2 LEMA";1.04;0.04;1;2;1;1;0.0662090630916198;0.0153891698655677;1;0;0.132459249640654;0.333333333333333;2
"1-Multi";23;"D5 LEMA";1.19090909090909;0.190909090909091;1;4;2;2;0.0897720783370093;0.0476692892612133;0.16304458129628;0;0.132036920438895;0.333333333333333;4
"1-Multi";24;"D6 CHFU";1.07692307692308;0.0769230769230769;1;2;1;1;0.073247643895138;0.0308823895611364;0;0.00126896869761895;0.148459350142938;0.333333333333333;2
"1-Multi";25;"E1 LEMA";1.53558441558442;0.535584415584416;1;6;3;3;0.17116476328007;0.146657033059576;0.516151771497476;0;0.122758081526371;0.333333333333333;6
"1-Multi";26;"E2 LEMA";1.14;0.14;1;4;2;2;0.0814325126506115;0.0323593304494463;0.568763557688516;0;0.131279522241002;0.333333333333333;4
"1-Multi";27;"E4 LEMA";1.38285714285714;0.382857142857143;1;6;3;3;0.111720833050965;0.0577216284641541;0.330607622397454;0;0.113166380744167;0.333333333333333;6
"1-Multi";28;"E5 CHFU";1.07692307692308;0.0769230769230769;1;2;1;1;0.0732476438953367;0.0308823895611402;0;0.00126896869761894;0.148459350142938;0.333333333333333;2
"1-Multi";29;"E5 LEMA";1.09090909090909;0.0909090909090909;1;2;1;1;0.0745486287633163;0.0306991286773444;0.188562047215528;0;0.13397404603644;0.333333333333333;2
"1-Multi";30;"F1 LEMA";1.30666666666667;0.306666666666667;1;6;3;3;0.0973728460420503;0.0522110119496751;0.405283860457134;0;0.156938548915019;0.333333333333333;6
"1-Multi";31;"F2 LEMA";2;1;1;2;1;1;0.145720339820017;0.178286451341828;0.000110818462208322;0;0.146923613853096;0.333333333333333;2
"1-Multi";32;"F3 LEMA";1.04;0.04;1;2;1;1;0.0662090631017276;0.0153891698655597;1;0;0.132459249640654;0.333333333333333;2
"1-Multi";33;"F4 CHFU";1.2;0.2;1;2;1;1;0.0922595056131316;0.0617344148644433;0;0.017146151965471;0.144997473582017;0.333333333333333;2
"1-Multi";34;"F4 LEMA";1.08;0.08;1;2;1;1;0.0791834895509023;0.030778339731131;1;0;0.132459249640654;0.333333333333333;2
"1-Multi";35;"F5 CHFU";1.23076923076923;0.230769230769231;1;2;1;1;0.113273658451687;0.0926471686834236;0;0.00380690609285676;0.148459350142938;0.333333333333333;2
"1-Multi";36;"F6 LEMA";1.12;0.12;1;2;1;1;0.0921579160170289;0.0461675095967019;1;0;0.132459249640654;0.333333333333333;2
"1-Multi";37;"Bees";11.0785714285714;5.69761904761905;5.38095238095238;22;11;11;0.36943509126585;0.300476853509514;0.151696004748637;0.0783244659943707;1;1;6
"1-Multi";38;"Flies";7.27619047619048;4.03809523809524;3.23809523809524;10;5;5;0.36384772964453;0.463246760530926;0.00118821626771434;0.000110818462208033;0.412244510901349;0.666666666666667;2
"1-Multi";39;"Flower_beetles";16.2547619047619;13.0166666666667;3.23809523809524;40;20;20;1;0.93809179719591;0.698544915162609;1;0.375358136701545;0.666666666666667;6
"1-Multi";40;"Hoverflies";10.0206349206349;6.78253968253968;3.23809523809524;24;12;12;0.537319748641689;0.443351484019206;0.0976786798824773;0.137527115377033;0.367194523222637;0.666666666666667;6
"1-Multi";41;"Small_beetles";2.03730158730159;1.03730158730159;1;8;4;4;0.159553399840084;0.0794751399073894;0;0.0473762588357494;0.0811793064218599;0.333333333333333;6
"1-Multi";42;"Small_flies";15.9992063492063;12.7611111111111;3.23809523809524;40;20;20;0.96132456838914;1;0.13441629619398;0.188562047215528;0.382091067002007;0.666666666666667;6
"2-Multi";1;"A1 LEMA";1.13090909090909;0.130909090909091;1;4;2;2;0.0875230552330487;0.0460882985429067;0.594281023607764;0;0.133216647838547;0.333333333333333;4
"2-Multi";2;"A2 CHFU";2.15384615384615;1.15384615384615;1;4;2;2;0.146177768441791;0.137030181570216;0;0.0101978833167429;0.162836193564938;0.333333333333333;2
"2-Multi";3;"A2 LEMA";1.88233766233766;0.882337662337662;1;8;4;4;0.188954841047663;0.127405348581289;0.390621577548395;0;0.100164258268112;0.333333333333333;6
"2-Multi";4;"A5 CHFU";1.5;0.5;1;2;1;1;0.113958537592726;0.0790033665698811;0;0.00599393629778866;0.141322760104441;0.333333333333333;2
"2-Multi";5;"A6 CHFU";1.5;0.5;1;2;1;1;0.113958537602474;0.0790033665698801;0;0.00599393629778866;0.141322760104441;0.333333333333333;2
"2-Multi";6;"B1 CHFU";1.47692307692308;0.476923076923077;1;4;2;2;0.151297381894245;0.154351219290026;0;0.0355612726285609;0.146151432435657;0.333333333333333;4
"2-Multi";7;"B2 CHFU";1.07692307692308;0.0769230769230769;1;2;1;1;0.0732476438854178;0.0308823895611484;0;0.00126896869761891;0.148459350142938;0.333333333333333;2
"2-Multi";8;"B2 LEMA";1.33757575757576;0.337575757575758;1;6;3;3;0.116437815081874;0.0813291499087085;0.566721628302475;0;0.1517872868952;0.333333333333333;6
"2-Multi";9;"B4 LEMA";1.33333333333333;0.333333333333333;1;2;1;1;0.0851153033899259;0.0397033630004618;0.0783244659943709;0;0.208256602263052;0.333333333333333;2
"2-Multi";10;"B4 ME";2;1;1;2;1;1;0.0841680953640215;0.0277254242159177;0;0.0109573447746091;0.339323381952964;0.333333333333333;2
"2-Multi";11;"B5 CHFU";1.47692307692308;0.476923076923077;1;4;2;2;0.151297381885865;0.154351219290024;0;0.0355612726285609;0.146151432435657;0.333333333333333;4
"2-Multi";12;"B6 CHFU";1.15384615384615;0.153846153846154;1;2;1;1;0.0932606511703573;0.0617647791222842;0;0.00253793739523784;0.148459350142938;0.333333333333333;2
"2-Multi";13;"B6 LEMA";1.08;0.08;1;2;1;1;0.0791834895603337;0.0307783397311325;1;0;0.132459249640654;0.333333333333333;2
"2-Multi";14;"C1 LEMA";1.09090909090909;0.0909090909090909;1;2;1;1;0.0745486287587094;0.0306991286773489;0.188562047215528;0;0.13397404603644;0.333333333333333;2
"2-Multi";15;"C2 CHFU";1.87692307692308;0.876923076923077;1;4;2;2;0.14469696233777;0.162184557292111;0;0.00138563026798823;0.155930128953223;0.333333333333333;2
"2-Multi";16;"C2 LEMA";1.43757575757576;0.437575757575758;1;8;4;4;0.131661264650349;0.0982993104925778;0.480882725717386;0;0.14744978848443;0.333333333333333;6
"2-Multi";17;"C3 LEMA";1.04;0.04;1;2;1;1;0.0662090630974249;0.0153891698655597;1;0;0.132459249640654;0.333333333333333;2
"2-Multi";18;"C4 LEMA";1.54952380952381;0.54952380952381;1;8;4;4;0.127661166417485;0.0775733099643989;0.280150991116837;0;0.132184425047944;0.333333333333333;6
"2-Multi";19;"C5 CHFU";1.2;0.2;1;2;1;1;0.0710969662355488;0.0328255419327423;0;2.91653925923456e-05;0.157797823655794;0.333333333333333;2
"2-Multi";20;"C5 LEMA";1.1;0.1;1;2;1;1;0.0684580861782267;0.0169701605838755;0.137527115377033;0;0.13009979484135;0.333333333333333;2
"2-Multi";21;"C6 LEMA";1.09090909090909;0.0909090909090909;1;2;1;1;0.074548628759192;0.0306991286773442;0.188562047215528;0;0.13397404603644;0.333333333333333;2
"2-Multi";22;"D2 LEMA";1.04;0.04;1;2;1;1;0.0662090630916198;0.0153891698655677;1;0;0.132459249640654;0.333333333333333;2
"2-Multi";23;"D5 LEMA";1.19090909090909;0.190909090909091;1;4;2;2;0.0897720783370093;0.0476692892612133;0.16304458129628;0;0.132036920438895;0.333333333333333;4
"2-Multi";24;"D6 CHFU";1.07692307692308;0.0769230769230769;1;2;1;1;0.073247643895138;0.0308823895611364;0;0.00126896869761895;0.148459350142938;0.333333333333333;2
"2-Multi";25;"E1 LEMA";1.53558441558442;0.535584415584416;1;6;3;3;0.17116476328007;0.146657033059576;0.516151771497476;0;0.122758081526371;0.333333333333333;6
"2-Multi";26;"E2 LEMA";1.14;0.14;1;4;2;2;0.0814325126506115;0.0323593304494463;0.568763557688516;0;0.131279522241002;0.333333333333333;4
"2-Multi";27;"E4 LEMA";1.38285714285714;0.382857142857143;1;6;3;3;0.111720833050965;0.0577216284641541;0.330607622397454;0;0.113166380744167;0.333333333333333;6
"2-Multi";28;"E5 CHFU";1.07692307692308;0.0769230769230769;1;2;1;1;0.0732476438953367;0.0308823895611402;0;0.00126896869761894;0.148459350142938;0.333333333333333;2
"2-Multi";29;"E5 LEMA";1.09090909090909;0.0909090909090909;1;2;1;1;0.0745486287633163;0.0306991286773444;0.188562047215528;0;0.13397404603644;0.333333333333333;2
"2-Multi";30;"F1 LEMA";1.30666666666667;0.306666666666667;1;6;3;3;0.0973728460420503;0.0522110119496751;0.405283860457134;0;0.156938548915019;0.333333333333333;6
"2-Multi";31;"F2 LEMA";2;1;1;2;1;1;0.145720339820017;0.178286451341828;0.000110818462208322;0;0.146923613853096;0.333333333333333;2
"2-Multi";32;"F3 LEMA";1.04;0.04;1;2;1;1;0.0662090631017276;0.0153891698655597;1;0;0.132459249640654;0.333333333333333;2
"2-Multi";33;"F4 CHFU";1.2;0.2;1;2;1;1;0.0922595056131316;0.0617344148644433;0;0.017146151965471;0.144997473582017;0.333333333333333;2
"2-Multi";34;"F4 LEMA";1.08;0.08;1;2;1;1;0.0791834895509023;0.030778339731131;1;0;0.132459249640654;0.333333333333333;2
"2-Multi";35;"F5 CHFU";1.23076923076923;0.230769230769231;1;2;1;1;0.113273658451687;0.0926471686834236;0;0.00380690609285676;0.148459350142938;0.333333333333333;2
"2-Multi";36;"F6 LEMA";1.12;0.12;1;2;1;1;0.0921579160170289;0.0461675095967019;1;0;0.132459249640654;0.333333333333333;2
"2-Multi";37;"Bees";11.0785714285714;5.69761904761905;5.38095238095238;22;11;11;0.36943509126585;0.300476853509514;0.151696004748637;0.0783244659943707;1;1;6
"2-Multi";38;"Flies";7.27619047619048;4.03809523809524;3.23809523809524;10;5;5;0.36384772964453;0.463246760530926;0.00118821626771434;0.000110818462208033;0.412244510901349;0.666666666666667;2
"2-Multi";39;"Flower_beetles";16.2547619047619;13.0166666666667;3.23809523809524;40;20;20;1;0.93809179719591;0.698544915162609;1;0.375358136701545;0.666666666666667;6
"2-Multi";40;"Hoverflies";10.0206349206349;6.78253968253968;3.23809523809524;24;12;12;0.537319748641689;0.443351484019206;0.0976786798824773;0.137527115377033;0.367194523222637;0.666666666666667;6
"2-Multi";41;"Small_beetles";2.03730158730159;1.03730158730159;1;8;4;4;0.159553399840084;0.0794751399073894;0;0.0473762588357494;0.0811793064218599;0.333333333333333;6
"2-Multi";42;"Small_flies";15.9992063492063;12.7611111111111;3.23809523809524;40;20;20;0.96132456838914;1;0.13441629619398;0.188562047215528;0.382091067002007;0.666666666666667;6
"3-Multi";1;"A1 LEMA";1.13090909090909;0.130909090909091;1;4;2;2;0.0875230552330487;0.0460882985429067;0.594281023607764;0;0.133216647838547;0.333333333333333;4
"3-Multi";2;"A2 CHFU";2.15384615384615;1.15384615384615;1;4;2;2;0.146177768441791;0.137030181570216;0;0.0101978833167429;0.162836193564938;0.333333333333333;2
"3-Multi";3;"A2 LEMA";1.88233766233766;0.882337662337662;1;8;4;4;0.188954841047663;0.127405348581289;0.390621577548395;0;0.100164258268112;0.333333333333333;6
"3-Multi";4;"A5 CHFU";1.5;0.5;1;2;1;1;0.113958537592726;0.0790033665698811;0;0.00599393629778866;0.141322760104441;0.333333333333333;2
"3-Multi";5;"A6 CHFU";1.5;0.5;1;2;1;1;0.113958537602474;0.0790033665698801;0;0.00599393629778866;0.141322760104441;0.333333333333333;2
"3-Multi";6;"B1 CHFU";1.47692307692308;0.476923076923077;1;4;2;2;0.151297381894245;0.154351219290026;0;0.0355612726285609;0.146151432435657;0.333333333333333;4
"3-Multi";7;"B2 CHFU";1.07692307692308;0.0769230769230769;1;2;1;1;0.0732476438854178;0.0308823895611484;0;0.00126896869761891;0.148459350142938;0.333333333333333;2
"3-Multi";8;"B2 LEMA";1.33757575757576;0.337575757575758;1;6;3;3;0.116437815081874;0.0813291499087085;0.566721628302475;0;0.1517872868952;0.333333333333333;6
"3-Multi";9;"B4 LEMA";1.33333333333333;0.333333333333333;1;2;1;1;0.0851153033899259;0.0397033630004618;0.0783244659943709;0;0.208256602263052;0.333333333333333;2
"3-Multi";10;"B4 ME";2;1;1;2;1;1;0.0841680953640215;0.0277254242159177;0;0.0109573447746091;0.339323381952964;0.333333333333333;2
"3-Multi";11;"B5 CHFU";1.47692307692308;0.476923076923077;1;4;2;2;0.151297381885865;0.154351219290024;0;0.0355612726285609;0.146151432435657;0.333333333333333;4
"3-Multi";12;"B6 CHFU";1.15384615384615;0.153846153846154;1;2;1;1;0.0932606511703573;0.0617647791222842;0;0.00253793739523784;0.148459350142938;0.333333333333333;2
"3-Multi";13;"B6 LEMA";1.08;0.08;1;2;1;1;0.0791834895603337;0.0307783397311325;1;0;0.132459249640654;0.333333333333333;2
"3-Multi";14;"C1 LEMA";1.09090909090909;0.0909090909090909;1;2;1;1;0.0745486287587094;0.0306991286773489;0.188562047215528;0;0.13397404603644;0.333333333333333;2
"3-Multi";15;"C2 CHFU";1.87692307692308;0.876923076923077;1;4;2;2;0.14469696233777;0.162184557292111;0;0.00138563026798823;0.155930128953223;0.333333333333333;2
"3-Multi";16;"C2 LEMA";1.43757575757576;0.437575757575758;1;8;4;4;0.131661264650349;0.0982993104925778;0.480882725717386;0;0.14744978848443;0.333333333333333;6
"3-Multi";17;"C3 LEMA";1.04;0.04;1;2;1;1;0.0662090630974249;0.0153891698655597;1;0;0.132459249640654;0.333333333333333;2
"3-Multi";18;"C4 LEMA";1.54952380952381;0.54952380952381;1;8;4;4;0.127661166417485;0.0775733099643989;0.280150991116837;0;0.132184425047944;0.333333333333333;6
"3-Multi";19;"C5 CHFU";1.2;0.2;1;2;1;1;0.0710969662355488;0.0328255419327423;0;2.91653925923456e-05;0.157797823655794;0.333333333333333;2
"3-Multi";20;"C5 LEMA";1.1;0.1;1;2;1;1;0.0684580861782267;0.0169701605838755;0.137527115377033;0;0.13009979484135;0.333333333333333;2
"3-Multi";21;"C6 LEMA";1.09090909090909;0.0909090909090909;1;2;1;1;0.074548628759192;0.0306991286773442;0.188562047215528;0;0.13397404603644;0.333333333333333;2
"3-Multi";22;"D2 LEMA";1.04;0.04;1;2;1;1;0.0662090630916198;0.0153891698655677;1;0;0.132459249640654;0.333333333333333;2
"3-Multi";23;"D5 LEMA";1.19090909090909;0.190909090909091;1;4;2;2;0.0897720783370093;0.0476692892612133;0.16304458129628;0;0.132036920438895;0.333333333333333;4
"3-Multi";24;"D6 CHFU";1.07692307692308;0.0769230769230769;1;2;1;1;0.073247643895138;0.0308823895611364;0;0.00126896869761895;0.148459350142938;0.333333333333333;2
"3-Multi";25;"E1 LEMA";1.53558441558442;0.535584415584416;1;6;3;3;0.17116476328007;0.146657033059576;0.516151771497476;0;0.122758081526371;0.333333333333333;6
"3-Multi";26;"E2 LEMA";1.14;0.14;1;4;2;2;0.0814325126506115;0.0323593304494463;0.568763557688516;0;0.131279522241002;0.333333333333333;4
"3-Multi";27;"E4 LEMA";1.38285714285714;0.382857142857143;1;6;3;3;0.111720833050965;0.0577216284641541;0.330607622397454;0;0.113166380744167;0.333333333333333;6
"3-Multi";28;"E5 CHFU";1.07692307692308;0.0769230769230769;1;2;1;1;0.0732476438953367;0.0308823895611402;0;0.00126896869761894;0.148459350142938;0.333333333333333;2
"3-Multi";29;"E5 LEMA";1.09090909090909;0.0909090909090909;1;2;1;1;0.0745486287633163;0.0306991286773444;0.188562047215528;0;0.13397404603644;0.333333333333333;2
"3-Multi";30;"F1 LEMA";1.30666666666667;0.306666666666667;1;6;3;3;0.0973728460420503;0.0522110119496751;0.405283860457134;0;0.156938548915019;0.333333333333333;6
"3-Multi";31;"F2 LEMA";2;1;1;2;1;1;0.145720339820017;0.178286451341828;0.000110818462208322;0;0.146923613853096;0.333333333333333;2
"3-Multi";32;"F3 LEMA";1.04;0.04;1;2;1;1;0.0662090631017276;0.0153891698655597;1;0;0.132459249640654;0.333333333333333;2
"3-Multi";33;"F4 CHFU";1.2;0.2;1;2;1;1;0.0922595056131316;0.0617344148644433;0;0.017146151965471;0.144997473582017;0.333333333333333;2
"3-Multi";34;"F4 LEMA";1.08;0.08;1;2;1;1;0.0791834895509023;0.030778339731131;1;0;0.132459249640654;0.333333333333333;2
"3-Multi";35;"F5 CHFU";1.23076923076923;0.230769230769231;1;2;1;1;0.113273658451687;0.0926471686834236;0;0.00380690609285676;0.148459350142938;0.333333333333333;2
"3-Multi";36;"F6 LEMA";1.12;0.12;1;2;1;1;0.0921579160170289;0.0461675095967019;1;0;0.132459249640654;0.333333333333333;2
"3-Multi";37;"Bees";11.0785714285714;5.69761904761905;5.38095238095238;22;11;11;0.36943509126585;0.300476853509514;0.151696004748637;0.0783244659943707;1;1;6
"3-Multi";38;"Flies";7.27619047619048;4.03809523809524;3.23809523809524;10;5;5;0.36384772964453;0.463246760530926;0.00118821626771434;0.000110818462208033;0.412244510901349;0.666666666666667;2
"3-Multi";39;"Flower_beetles";16.2547619047619;13.0166666666667;3.23809523809524;40;20;20;1;0.93809179719591;0.698544915162609;1;0.375358136701545;0.666666666666667;6
"3-Multi";40;"Hoverflies";10.0206349206349;6.78253968253968;3.23809523809524;24;12;12;0.537319748641689;0.443351484019206;0.0976786798824773;0.137527115377033;0.367194523222637;0.666666666666667;6
"3-Multi";41;"Small_beetles";2.03730158730159;1.03730158730159;1;8;4;4;0.159553399840084;0.0794751399073894;0;0.0473762588357494;0.0811793064218599;0.333333333333333;6
"3-Multi";42;"Small_flies";15.9992063492063;12.7611111111111;3.23809523809524;40;20;20;0.96132456838914;1;0.13441629619398;0.188562047215528;0.382091067002007;0.666666666666667;6
"Aggr";1;"A1 LEMA";1.13090909090909;0.130909090909091;1;4;2;2;0.0791579405752532;0.0849087499764193;0.972942591114395;0;0.182740594951487;0;4
"Aggr";2;"A2 CHFU";2.15384615384615;1.15384615384615;1;4;2;2;0.173092347938123;0.496434642710346;0.694754045608126;0;0.353168188919036;0;4
"Aggr";3;"A2 LEMA";1.88233766233766;0.882337662337662;1;8;4;4;0.219742744691148;0.205280585728879;0.462195232677697;0;0.134440927400588;0;6
"Aggr";4;"A5 CHFU";1.5;0.5;1;2;1;1;0.130535905158208;0.131401903142341;0.148974544828126;0;0.189893217643811;0;2
"Aggr";5;"A6 CHFU";1.5;0.5;1;2;1;1;0.130535905158208;0.131401903142341;0.148974544828126;0;0.189893217643811;0;2
"Aggr";6;"B1 CHFU";1.47692307692308;0.476923076923077;1;4;2;2;0.226394118578819;0.28074450777191;0.963923454819192;0;0.180897218988379;0;4
"Aggr";7;"B2 CHFU";1.07692307692308;0.0769230769230769;1;2;1;1;0.0563941185788187;0.0525359068228161;1;0;0.188270722840813;0;2
"Aggr";8;"B2 LEMA";1.33757575757576;0.337575757575758;1;6;3;3;0.110324141971739;0.172956748248781;0.744008125320489;0;0.306413694510155;0;6
"Aggr";9;"B4 LEMA";1.33333333333333;0.333333333333333;1;2;1;1;0.0530255003914002;0.130454276354904;0.0842621368243784;0;0.682963121075483;0;2
"Aggr";10;"B4 ME";2;1;1;2;1;1;0.109690305977343;0.391362829064713;0.0842621368243783;0;0.682963121075483;0;2
"Aggr";11;"B5 CHFU";1.47692307692308;0.476923076923077;1;4;2;2;0.226394118578819;0.28074450777191;0.963923454819192;0;0.180897218988379;0;4
"Aggr";12;"B6 CHFU";1.15384615384615;0.153846153846154;1;2;1;1;0.0880951395592085;0.105071813645632;1;0;0.188270722840813;0;2
"Aggr";13;"B6 LEMA";1.08;0.08;1;2;1;1;0.0586930975984287;0.0456417201898188;0.945885182228788;0;0.177210467062162;0;2
"Aggr";14;"C1 LEMA";1.09090909090909;0.0909090909090909;1;2;1;1;0.0621579405752532;0.0620878898815099;1;0;0.188270722840813;0;2
"Aggr";15;"C2 CHFU";1.87692307692308;0.876923076923077;1;4;2;2;0.162885570445149;0.1631808509774;0.215989781304752;0;0.116975715675704;0;2
"Aggr";16;"C2 LEMA";1.43757575757576;0.437575757575758;1;8;4;4;0.131492703483695;0.199237128877249;0.625001409222017;0;0.283109599136886;0;6
"Aggr";17;"C3 LEMA";1.04;0.04;1;2;1;1;0.0416930975984287;0.0228208600949094;0.945885182228788;0;0.177210467062162;0;2
"Aggr";18;"C4 LEMA";1.54952380952381;0.54952380952381;1;8;4;4;0.119550482669811;0.152721193262841;0.274275631871124;0;0.263000654931762;0;6
"Aggr";19;"C5 CHFU";1.2;0.2;1;2;1;1;0.0513159605650113;0.027661236038646;0.0199872266309402;0;0.0991519638844272;0;2
"Aggr";20;"C5 LEMA";1.1;0.1;1;2;1;1;0.0458616591103847;0.0262803806284682;0.148974544828126;0;0.189893217643811;0;2
"Aggr";21;"C6 LEMA";1.09090909090909;0.0909090909090909;1;2;1;1;0.0621579405752531;0.06208788988151;1;0;0.188270722840813;0;2
"Aggr";22;"D2 LEMA";1.04;0.04;1;2;1;1;0.0416930975984287;0.0228208600949094;0.945885182228788;0;0.177210467062162;0;2
"Aggr";23;"D5 LEMA";1.19090909090909;0.190909090909091;1;4;2;2;0.0833265020872089;0.0883682705099783;0.574487272414063;0;0.189081970242312;0;4
"Aggr";24;"D6 CHFU";1.07692307692308;0.0769230769230769;1;2;1;1;0.0563941185788185;0.0525359068228162;1;0;0.188270722840813;0;2
"Aggr";25;"E1 LEMA";1.53558441558442;0.535584415584416;1;6;3;3;0.209441687179886;0.266838683662801;0.840133899618937;0;0.167355260134639;0;6
"Aggr";26;"E2 LEMA";1.14;0.14;1;4;2;2;0.0628616591103846;0.0491012407233776;0.547429863528458;0;0.183551842352986;0;4
"Aggr";27;"E4 LEMA";1.38285714285714;0.382857142857143;1;6;3;3;0.105384281273325;0.0874940550853888;0.32177900563281;0;0.158010038395832;0;6
"Aggr";28;"E5 CHFU";1.07692307692308;0.0769230769230769;1;2;1;1;0.0563941185788186;0.0525359068228162;1;0;0.188270722840813;0;2
"Aggr";29;"E5 LEMA";1.09090909090909;0.0909090909090909;1;2;1;1;0.0621579405752531;0.06208788988151;1;0;0.188270722840813;0;2
"Aggr";30;"F1 LEMA";1.30666666666667;0.306666666666667;1;6;3;3;0.0770278605068703;0.11432837890083;0.393040621293765;0;0.350022268593819;0;6
"Aggr";31;"F2 LEMA";2;1;1;2;1;1;0.157807412431341;0.13830618019323;0.0199872266309401;0;0.0991519638844272;0;2
"Aggr";32;"F3 LEMA";1.04;0.04;1;2;1;1;0.0416930975984287;0.0228208600949094;0.945885182228788;0;0.177210467062162;0;2
"Aggr";33;"F4 CHFU";1.2;0.2;1;2;1;1;0.109693097598429;0.114104300474547;0.945885182228789;0;0.177210467062162;0;2
"Aggr";34;"F4 LEMA";1.08;0.08;1;2;1;1;0.0586930975984288;0.0456417201898186;0.945885182228788;0;0.177210467062162;0;2
"Aggr";35;"F5 CHFU";1.23076923076923;0.230769230769231;1;2;1;1;0.119796160539598;0.157607720468449;1;0;0.188270722840813;0;2
"Aggr";36;"F6 LEMA";1.12;0.12;1;2;1;1;0.0756930975984288;0.0684625802847281;0.945885182228788;0;0.177210467062162;0;2
"Aggr";37;"Bees";6.31666666666667;3.31666666666667;3;14;7;7;0.299990147219698;0.573033470356003;0;0.0842621368243783;1;0;6
"Aggr";38;"Flies";4.8;2.8;2;6;3;3;0.31321015254803;0.20250791470721;0;0.0199872266309398;0.145175131465499;0;2
"Aggr";39;"Flower_beetles";13.7785714285714;11.7785714285714;2;36;18;18;1;0.835357607156172;0;0.945885182228789;0.25946953796152;0;6
"Aggr";40;"Hoverflies";7.54444444444444;5.54444444444444;2;20;10;10;0.498083800281313;0.384797343932674;0;0.148974544828126;0.278039807585652;0;6
"Aggr";41;"Small_beetles";2.03730158730159;1.03730158730159;1;8;4;4;0.175856970066933;0.124145181783454;0;0.0432817506461967;0.109874800410706;0;6
"Aggr";42;"Small_flies";13.5230158730159;11.5230158730159;2;36;18;18;0.969678288811926;1;0;1;0.275664126871799;0;6
