"Layer";"Node";"Label";"Strength";"StrengthIn";"StrengthOut";"Degree";"DegreeIn";"DegreeOut";"PageRank";"Eigenvector";"Hub";"Authority";"Katz";"Multiplexity";"Kcore"
"1-Multi";1;"A2 CHFU";1.18823529411765;0.188235294117647;1;4;2;2;0.0659816626127397;1;0;0.000554827746940195;0.185600272900322;0.333333333333333;4
"1-Multi";2;"A3 CHFU";1.02941176470588;0.0294117647058824;1;2;1;1;0.0417785035609574;1;0;7.3012324510722e-05;0.20068911476718;0.333333333333333;2
"1-Multi";3;"A3 LEMA";1.03333333333333;0.0333333333333333;1;2;1;1;0.0444782696949997;1;0.543919161585974;0;0.164122805391793;0.333333333333333;2
"1-Multi";4;"A4 CHFU";1.02941176470588;0.0294117647058824;1;2;1;1;0.041778503560957;1;0;7.30123245107103e-05;0.20068911476718;0.333333333333333;2
"1-Multi";5;"A5 LEMA";1.18333333333333;0.183333333333333;1;4;2;2;0.0731195098875929;1;0.199152862500226;0;0.194514412484713;0.333333333333333;4
"1-Multi";6;"A6 CHFU";1.02941176470588;0.0294117647058824;1;2;1;1;0.0417785035609562;1;0;7.30123245107181e-05;0.20068911476718;0.333333333333333;2
"1-Multi";7;"B1 CHFU";2.36274509803922;1.36274509803922;1;6;3;3;0.0786978515990778;1;0;8.4636143681768e-05;0.108360339015614;0.333333333333333;4
"1-Multi";8;"B2 CHFU";1.02941176470588;0.0294117647058824;1;2;1;1;0.0417785035609575;1;0;7.30123245107027e-05;0.20068911476718;0.333333333333333;2
"1-Multi";9;"B2 LEMA";1.01666666666667;0.0166666666666667;1;2;1;1;0.0394834301347856;1;0.543919161585973;0;0.164122805391793;0.333333333333333;2
"1-Multi";10;"B3 CHFU";2;1;1;2;1;1;0.0714498789838204;1;0;0.00235354887158831;0.114092383758192;0.333333333333333;2
"1-Multi";11;"B4 LEMA";1.16111111111111;0.161111111111111;1;4;2;2;0.0590182802753287;1;0.417377007203343;0;0.154753529967318;0.333333333333333;4
"1-Multi";12;"B5 LEMA";1.28333333333333;0.283333333333333;1;4;2;2;0.103088547248879;1;0.428997061890725;0;0.174253341089433;0.333333333333333;4
"1-Multi";13;"B6 LEMA";1.06666666666667;0.0666666666666667;1;2;1;1;0.0544679488154295;1;0.543919161585974;0;0.164122805391793;0.333333333333333;2
"1-Multi";14;"C1 CHFU";1.1;0.1;1;2;1;1;0.044111923653583;1;0;0.000335790773408097;0.14033374729975;0.333333333333333;2
"1-Multi";15;"C3 CHFU";1.2;0.2;1;2;1;1;0.0537352567325951;1;0;0.000671581546816166;0.14033374729975;0.333333333333333;2
"1-Multi";16;"C3 LEMA";1.16666666666667;0.166666666666667;1;2;1;1;0.0681246703273778;1;0.026769712957353;0;0.209710216031173;0.333333333333333;2
"1-Multi";17;"C4 LEMA";1.16111111111111;0.161111111111111;1;4;2;2;0.0590182802753311;1;0.417377007203343;0;0.154753529967318;0.333333333333333;4
"1-Multi";18;"C5 CHFU";1.1;0.1;1;2;1;1;0.0441119236535835;1;0;0.000335790773408097;0.14033374729975;0.333333333333333;2
"1-Multi";19;"C5 LEMA";1.36111111111111;0.361111111111111;1;6;3;3;0.0677617665183342;1;0.338885108758609;0;0.146335697682919;0.333333333333333;4
"1-Multi";20;"C6 CHFU";1.12941176470588;0.129411764705882;1;4;2;2;0.0514018366399694;1;0;0.000408803097918794;0.170511431033465;0.333333333333333;4
"1-Multi";21;"D2 CHFU";1.1;0.1;1;2;1;1;0.0441119236535831;1;0;0.000335790773408083;0.14033374729975;0.333333333333333;2
"1-Multi";22;"D2 LEMA";1.16111111111111;0.161111111111111;1;4;2;2;0.0590182802753303;1;0.417377007203343;0;0.154753529967318;0.333333333333333;4
"1-Multi";23;"D3 CHFU";1.1;0.1;1;2;1;1;0.0441119236535843;1;0;0.000335790773408077;0.14033374729975;0.333333333333333;2
"1-Multi";24;"D3 LEMA";1.05;0.05;1;2;1;1;0.0494731092552152;1;0.543919161585974;0;0.164122805391793;0.333333333333333;2
"1-Multi";25;"D4 CHFU";1.21764705882353;0.217647058823529;1;4;2;2;0.073271575599125;1;0;0.000627840071450865;0.188618041273694;0.333333333333333;4
"1-Multi";26;"D5 LEMA";1.08333333333333;0.0833333333333333;1;2;1;1;0.0513066304509748;1;0.0267697129573529;0;0.209710216031173;0.333333333333333;2
"1-Multi";27;"D5 ME";2.4;1.4;1;4;2;2;0.145980195664625;1;0;0.0727693982206354;0.0603012686746928;0.333333333333333;2
"1-Multi";28;"D6 LEMA";1.01666666666667;0.0166666666666667;1;2;1;1;0.0394834301347872;1;0.543919161585974;0;0.164122805391793;0.333333333333333;2
"1-Multi";29;"D6 ME";2;1;1;2;1;1;0.0754956910891393;1;0;0.00353989388126739;0.297304144482212;0.333333333333333;2
"1-Multi";30;"E1 CHFU";1.45098039215686;0.450980392156863;1;4;2;2;0.0773800921220196;1;0;0.000297994111752431;0.174574740465862;0.333333333333333;4
"1-Multi";31;"E1 LEMA";1.03333333333333;0.0333333333333333;1;2;1;1;0.0444782696950017;1;0.543919161585974;0;0.164122805391793;0.333333333333333;2
"1-Multi";32;"E2 LEMA";1.32777777777778;0.327777777777778;1;6;3;3;0.0577720873979069;1;0.202195740207032;0;0.134477625877003;0.333333333333333;4
"1-Multi";33;"E3 CHFU";2.02941176470588;1.02941176470588;1;4;2;2;0.148151644178475;1;0;0.0514533840212851;0.18920544069989;0.333333333333333;2
"1-Multi";34;"E3 LEMA";1.72777777777778;0.727777777777778;1;6;3;3;0.141269231329339;1;0.30861351794141;0;0.15960483727542;0.333333333333333;4
"1-Multi";35;"E3 ME";1.2;0.2;1;2;1;1;0.0676497198330562;1;0;0.000393791406005303;0.0172778800590198;0.333333333333333;2
"1-Multi";36;"E4 CHFU";1.46274509803922;0.462745098039216;1;6;3;3;0.0651336862418755;1;0;0.000414747911628413;0.137046701775841;0.333333333333333;4
"1-Multi";37;"E4 LEMA";2;1;1;2;1;1;0.0908252106685713;1;0;0;4.01050876728445e-05;0.333333333333333;2
"1-Multi";38;"E5 CHFU";2;1;1;2;1;1;0.0768574536204534;1;0;0;4.60235472563682e-05;0.333333333333333;2
"1-Multi";39;"E5 LEMA";1.08333333333333;0.0833333333333333;1;2;1;1;0.059462788375644;1;0.543919161585974;0;0.164122805391793;0.333333333333333;2
"1-Multi";40;"E6 LEMA";1.03333333333333;0.0333333333333333;1;2;1;1;0.0444782696949997;1;0.543919161585974;0;0.164122805391793;0.333333333333333;2
"1-Multi";41;"E6 ME";1.2;0.2;1;2;1;1;0.0676497198330563;1;0;0.000393791406005302;0.0172778800590198;0.333333333333333;2
"1-Multi";42;"F1 CHFU";1.14705882352941;0.147058823529412;1;2;1;1;0.0709381555064984;1;0;0.00036506162255349;0.20068911476718;0.333333333333333;2
"1-Multi";43;"F1 LEMA";1.25;0.25;1;2;1;1;0.0849427102037813;1;0.0267697129573529;0;0.209710216031173;0.333333333333333;2
"1-Multi";44;"F2 LEMA";1.08333333333333;0.0833333333333333;1;2;1;1;0.0594627883756439;1;0.543919161585974;0;0.164122805391793;0.333333333333333;2
"1-Multi";45;"F4 CHFU";1.08823529411765;0.0882352941176471;1;2;1;1;0.0563583295337277;1;0;0.000219036973532102;0.20068911476718;0.333333333333333;2
"1-Multi";46;"F4 ME";1.2;0.2;1;2;1;1;0.067649719833056;1;0;0.000393791406005284;0.0172778800590198;0.333333333333333;2
"1-Multi";47;"F5 CHFU";1.05882352941176;0.0588235294117647;1;2;1;1;0.0490684165473417;1;0;0.000146024649021403;0.20068911476718;0.333333333333333;2
"1-Multi";48;"F5 LEMA";1.26666666666667;0.266666666666667;1;4;2;2;0.063211435058434;1;0.440118832264713;0;0.153831118022499;0.333333333333333;4
"1-Multi";49;"F6 CHFU";1.14705882352941;0.147058823529412;1;2;1;1;0.0709381555064977;1;0;0.000365061622553514;0.20068911476718;0.333333333333333;2
"1-Multi";50;"F6 LEMA";1.45;0.45;1;4;2;2;0.0669600817412245;1;0.336318502943453;0;0.143539430653206;0.333333333333333;4
"1-Multi";51;"Bees";6.42857142857143;3.21428571428571;3.21428571428571;8;4;4;0.196363569553609;1;0;0;0.000104721343649049;0.666666666666667;2
"1-Multi";52;"Flies";1.33333333333333;0.333333333333333;1;2;1;1;0.0502718036413324;1;4.60352203113336e-05;0;0.0766883724610935;0.333333333333333;2
"1-Multi";53;"Flower_beetles";23.8948107448107;18.480525030525;5.41428571428571;50;25;25;0.920195627802556;1;1;1;0.689817550744934;1;4
"1-Multi";54;"House_flies";6.53333333333333;4.53333333333333;2;14;7;7;0.255027014620706;1;0.0161053521972487;0;0.123477743253429;0.666666666666667;4
"1-Multi";55;"Hoverflies";12.3029304029304;9.08864468864469;3.21428571428571;34;17;17;0.357180000367862;1;0.0272199108403596;0.0694046959944876;0.377241530968509;0.666666666666667;4
"1-Multi";56;"Small_beetles";6.56190476190476;3.34761904761905;3.21428571428571;14;7;7;0.163188379827775;1;0.0190783653144653;0.04581106300248;0.320404364251736;0.666666666666667;4
"1-Multi";57;"Small_flies";24.8879731379731;19.4736874236874;5.41428571428571;52;26;26;1;1;0.0488181431923363;0.0492163447216991;1;1;4
"2-Multi";1;"A2 CHFU";1.18823529411765;0.188235294117647;1;4;2;2;0.0659816626127397;1;0;0.000554827746940195;0.185600272900322;0.333333333333333;4
"2-Multi";2;"A3 CHFU";1.02941176470588;0.0294117647058824;1;2;1;1;0.0417785035609574;1;0;7.3012324510722e-05;0.20068911476718;0.333333333333333;2
"2-Multi";3;"A3 LEMA";1.03333333333333;0.0333333333333333;1;2;1;1;0.0444782696949997;1;0.543919161585974;0;0.164122805391793;0.333333333333333;2
"2-Multi";4;"A4 CHFU";1.02941176470588;0.0294117647058824;1;2;1;1;0.041778503560957;1;0;7.30123245107103e-05;0.20068911476718;0.333333333333333;2
"2-Multi";5;"A5 LEMA";1.18333333333333;0.183333333333333;1;4;2;2;0.0731195098875929;1;0.199152862500226;0;0.194514412484713;0.333333333333333;4
"2-Multi";6;"A6 CHFU";1.02941176470588;0.0294117647058824;1;2;1;1;0.0417785035609562;1;0;7.30123245107181e-05;0.20068911476718;0.333333333333333;2
"2-Multi";7;"B1 CHFU";2.36274509803922;1.36274509803922;1;6;3;3;0.0786978515990778;1;0;8.4636143681768e-05;0.108360339015614;0.333333333333333;4
"2-Multi";8;"B2 CHFU";1.02941176470588;0.0294117647058824;1;2;1;1;0.0417785035609575;1;0;7.30123245107027e-05;0.20068911476718;0.333333333333333;2
"2-Multi";9;"B2 LEMA";1.01666666666667;0.0166666666666667;1;2;1;1;0.0394834301347856;1;0.543919161585973;0;0.164122805391793;0.333333333333333;2
"2-Multi";10;"B3 CHFU";2;1;1;2;1;1;0.0714498789838204;1;0;0.00235354887158831;0.114092383758192;0.333333333333333;2
"2-Multi";11;"B4 LEMA";1.16111111111111;0.161111111111111;1;4;2;2;0.0590182802753287;1;0.417377007203343;0;0.154753529967318;0.333333333333333;4
"2-Multi";12;"B5 LEMA";1.28333333333333;0.283333333333333;1;4;2;2;0.103088547248879;1;0.428997061890725;0;0.174253341089433;0.333333333333333;4
"2-Multi";13;"B6 LEMA";1.06666666666667;0.0666666666666667;1;2;1;1;0.0544679488154295;1;0.543919161585974;0;0.164122805391793;0.333333333333333;2
"2-Multi";14;"C1 CHFU";1.1;0.1;1;2;1;1;0.044111923653583;1;0;0.000335790773408097;0.14033374729975;0.333333333333333;2
"2-Multi";15;"C3 CHFU";1.2;0.2;1;2;1;1;0.0537352567325951;1;0;0.000671581546816166;0.14033374729975;0.333333333333333;2
"2-Multi";16;"C3 LEMA";1.16666666666667;0.166666666666667;1;2;1;1;0.0681246703273778;1;0.026769712957353;0;0.209710216031173;0.333333333333333;2
"2-Multi";17;"C4 LEMA";1.16111111111111;0.161111111111111;1;4;2;2;0.0590182802753311;1;0.417377007203343;0;0.154753529967318;0.333333333333333;4
"2-Multi";18;"C5 CHFU";1.1;0.1;1;2;1;1;0.0441119236535835;1;0;0.000335790773408097;0.14033374729975;0.333333333333333;2
"2-Multi";19;"C5 LEMA";1.36111111111111;0.361111111111111;1;6;3;3;0.0677617665183342;1;0.338885108758609;0;0.146335697682919;0.333333333333333;4
"2-Multi";20;"C6 CHFU";1.12941176470588;0.129411764705882;1;4;2;2;0.0514018366399694;1;0;0.000408803097918794;0.170511431033465;0.333333333333333;4
"2-Multi";21;"D2 CHFU";1.1;0.1;1;2;1;1;0.0441119236535831;1;0;0.000335790773408083;0.14033374729975;0.333333333333333;2
"2-Multi";22;"D2 LEMA";1.16111111111111;0.161111111111111;1;4;2;2;0.0590182802753303;1;0.417377007203343;0;0.154753529967318;0.333333333333333;4
"2-Multi";23;"D3 CHFU";1.1;0.1;1;2;1;1;0.0441119236535843;1;0;0.000335790773408077;0.14033374729975;0.333333333333333;2
"2-Multi";24;"D3 LEMA";1.05;0.05;1;2;1;1;0.0494731092552152;1;0.543919161585974;0;0.164122805391793;0.333333333333333;2
"2-Multi";25;"D4 CHFU";1.21764705882353;0.217647058823529;1;4;2;2;0.073271575599125;1;0;0.000627840071450865;0.188618041273694;0.333333333333333;4
"2-Multi";26;"D5 LEMA";1.08333333333333;0.0833333333333333;1;2;1;1;0.0513066304509748;1;0.0267697129573529;0;0.209710216031173;0.333333333333333;2
"2-Multi";27;"D5 ME";2.4;1.4;1;4;2;2;0.145980195664625;1;0;0.0727693982206354;0.0603012686746928;0.333333333333333;2
"2-Multi";28;"D6 LEMA";1.01666666666667;0.0166666666666667;1;2;1;1;0.0394834301347872;1;0.543919161585974;0;0.164122805391793;0.333333333333333;2
"2-Multi";29;"D6 ME";2;1;1;2;1;1;0.0754956910891393;1;0;0.00353989388126739;0.297304144482212;0.333333333333333;2
"2-Multi";30;"E1 CHFU";1.45098039215686;0.450980392156863;1;4;2;2;0.0773800921220196;1;0;0.000297994111752431;0.174574740465862;0.333333333333333;4
"2-Multi";31;"E1 LEMA";1.03333333333333;0.0333333333333333;1;2;1;1;0.0444782696950017;1;0.543919161585974;0;0.164122805391793;0.333333333333333;2
"2-Multi";32;"E2 LEMA";1.32777777777778;0.327777777777778;1;6;3;3;0.0577720873979069;1;0.202195740207032;0;0.134477625877003;0.333333333333333;4
"2-Multi";33;"E3 CHFU";2.02941176470588;1.02941176470588;1;4;2;2;0.148151644178475;1;0;0.0514533840212851;0.18920544069989;0.333333333333333;2
"2-Multi";34;"E3 LEMA";1.72777777777778;0.727777777777778;1;6;3;3;0.141269231329339;1;0.30861351794141;0;0.15960483727542;0.333333333333333;4
"2-Multi";35;"E3 ME";1.2;0.2;1;2;1;1;0.0676497198330562;1;0;0.000393791406005303;0.0172778800590198;0.333333333333333;2
"2-Multi";36;"E4 CHFU";1.46274509803922;0.462745098039216;1;6;3;3;0.0651336862418755;1;0;0.000414747911628413;0.137046701775841;0.333333333333333;4
"2-Multi";37;"E4 LEMA";2;1;1;2;1;1;0.0908252106685713;1;0;0;4.01050876728445e-05;0.333333333333333;2
"2-Multi";38;"E5 CHFU";2;1;1;2;1;1;0.0768574536204534;1;0;0;4.60235472563682e-05;0.333333333333333;2
"2-Multi";39;"E5 LEMA";1.08333333333333;0.0833333333333333;1;2;1;1;0.059462788375644;1;0.543919161585974;0;0.164122805391793;0.333333333333333;2
"2-Multi";40;"E6 LEMA";1.03333333333333;0.0333333333333333;1;2;1;1;0.0444782696949997;1;0.543919161585974;0;0.164122805391793;0.333333333333333;2
"2-Multi";41;"E6 ME";1.2;0.2;1;2;1;1;0.0676497198330563;1;0;0.000393791406005302;0.0172778800590198;0.333333333333333;2
"2-Multi";42;"F1 CHFU";1.14705882352941;0.147058823529412;1;2;1;1;0.0709381555064984;1;0;0.00036506162255349;0.20068911476718;0.333333333333333;2
"2-Multi";43;"F1 LEMA";1.25;0.25;1;2;1;1;0.0849427102037813;1;0.0267697129573529;0;0.209710216031173;0.333333333333333;2
"2-Multi";44;"F2 LEMA";1.08333333333333;0.0833333333333333;1;2;1;1;0.0594627883756439;1;0.543919161585974;0;0.164122805391793;0.333333333333333;2
"2-Multi";45;"F4 CHFU";1.08823529411765;0.0882352941176471;1;2;1;1;0.0563583295337277;1;0;0.000219036973532102;0.20068911476718;0.333333333333333;2
"2-Multi";46;"F4 ME";1.2;0.2;1;2;1;1;0.067649719833056;1;0;0.000393791406005284;0.0172778800590198;0.333333333333333;2
"2-Multi";47;"F5 CHFU";1.05882352941176;0.0588235294117647;1;2;1;1;0.0490684165473417;1;0;0.000146024649021403;0.20068911476718;0.333333333333333;2
"2-Multi";48;"F5 LEMA";1.26666666666667;0.266666666666667;1;4;2;2;0.063211435058434;1;0.440118832264713;0;0.153831118022499;0.333333333333333;4
"2-Multi";49;"F6 CHFU";1.14705882352941;0.147058823529412;1;2;1;1;0.0709381555064977;1;0;0.000365061622553514;0.20068911476718;0.333333333333333;2
"2-Multi";50;"F6 LEMA";1.45;0.45;1;4;2;2;0.0669600817412245;1;0.336318502943453;0;0.143539430653206;0.333333333333333;4
"2-Multi";51;"Bees";6.42857142857143;3.21428571428571;3.21428571428571;8;4;4;0.196363569553609;1;0;0;0.000104721343649049;0.666666666666667;2
"2-Multi";52;"Flies";1.33333333333333;0.333333333333333;1;2;1;1;0.0502718036413324;1;4.60352203113336e-05;0;0.0766883724610935;0.333333333333333;2
"2-Multi";53;"Flower_beetles";23.8948107448107;18.480525030525;5.41428571428571;50;25;25;0.920195627802556;1;1;1;0.689817550744934;1;4
"2-Multi";54;"House_flies";6.53333333333333;4.53333333333333;2;14;7;7;0.255027014620706;1;0.0161053521972487;0;0.123477743253429;0.666666666666667;4
"2-Multi";55;"Hoverflies";12.3029304029304;9.08864468864469;3.21428571428571;34;17;17;0.357180000367862;1;0.0272199108403596;0.0694046959944876;0.377241530968509;0.666666666666667;4
"2-Multi";56;"Small_beetles";6.56190476190476;3.34761904761905;3.21428571428571;14;7;7;0.163188379827775;1;0.0190783653144653;0.04581106300248;0.320404364251736;0.666666666666667;4
"2-Multi";57;"Small_flies";24.8879731379731;19.4736874236874;5.41428571428571;52;26;26;1;1;0.0488181431923363;0.0492163447216991;1;1;4
"3-Multi";1;"A2 CHFU";1.18823529411765;0.188235294117647;1;4;2;2;0.0659816626127397;1;0;0.000554827746940195;0.185600272900322;0.333333333333333;4
"3-Multi";2;"A3 CHFU";1.02941176470588;0.0294117647058824;1;2;1;1;0.0417785035609574;1;0;7.3012324510722e-05;0.20068911476718;0.333333333333333;2
"3-Multi";3;"A3 LEMA";1.03333333333333;0.0333333333333333;1;2;1;1;0.0444782696949997;1;0.543919161585974;0;0.164122805391793;0.333333333333333;2
"3-Multi";4;"A4 CHFU";1.02941176470588;0.0294117647058824;1;2;1;1;0.041778503560957;1;0;7.30123245107103e-05;0.20068911476718;0.333333333333333;2
"3-Multi";5;"A5 LEMA";1.18333333333333;0.183333333333333;1;4;2;2;0.0731195098875929;1;0.199152862500226;0;0.194514412484713;0.333333333333333;4
"3-Multi";6;"A6 CHFU";1.02941176470588;0.0294117647058824;1;2;1;1;0.0417785035609562;1;0;7.30123245107181e-05;0.20068911476718;0.333333333333333;2
"3-Multi";7;"B1 CHFU";2.36274509803922;1.36274509803922;1;6;3;3;0.0786978515990778;1;0;8.4636143681768e-05;0.108360339015614;0.333333333333333;4
"3-Multi";8;"B2 CHFU";1.02941176470588;0.0294117647058824;1;2;1;1;0.0417785035609575;1;0;7.30123245107027e-05;0.20068911476718;0.333333333333333;2
"3-Multi";9;"B2 LEMA";1.01666666666667;0.0166666666666667;1;2;1;1;0.0394834301347856;1;0.543919161585973;0;0.164122805391793;0.333333333333333;2
"3-Multi";10;"B3 CHFU";2;1;1;2;1;1;0.0714498789838204;1;0;0.00235354887158831;0.114092383758192;0.333333333333333;2
"3-Multi";11;"B4 LEMA";1.16111111111111;0.161111111111111;1;4;2;2;0.0590182802753287;1;0.417377007203343;0;0.154753529967318;0.333333333333333;4
"3-Multi";12;"B5 LEMA";1.28333333333333;0.283333333333333;1;4;2;2;0.103088547248879;1;0.428997061890725;0;0.174253341089433;0.333333333333333;4
"3-Multi";13;"B6 LEMA";1.06666666666667;0.0666666666666667;1;2;1;1;0.0544679488154295;1;0.543919161585974;0;0.164122805391793;0.333333333333333;2
"3-Multi";14;"C1 CHFU";1.1;0.1;1;2;1;1;0.044111923653583;1;0;0.000335790773408097;0.14033374729975;0.333333333333333;2
"3-Multi";15;"C3 CHFU";1.2;0.2;1;2;1;1;0.0537352567325951;1;0;0.000671581546816166;0.14033374729975;0.333333333333333;2
"3-Multi";16;"C3 LEMA";1.16666666666667;0.166666666666667;1;2;1;1;0.0681246703273778;1;0.026769712957353;0;0.209710216031173;0.333333333333333;2
"3-Multi";17;"C4 LEMA";1.16111111111111;0.161111111111111;1;4;2;2;0.0590182802753311;1;0.417377007203343;0;0.154753529967318;0.333333333333333;4
"3-Multi";18;"C5 CHFU";1.1;0.1;1;2;1;1;0.0441119236535835;1;0;0.000335790773408097;0.14033374729975;0.333333333333333;2
"3-Multi";19;"C5 LEMA";1.36111111111111;0.361111111111111;1;6;3;3;0.0677617665183342;1;0.338885108758609;0;0.146335697682919;0.333333333333333;4
"3-Multi";20;"C6 CHFU";1.12941176470588;0.129411764705882;1;4;2;2;0.0514018366399694;1;0;0.000408803097918794;0.170511431033465;0.333333333333333;4
"3-Multi";21;"D2 CHFU";1.1;0.1;1;2;1;1;0.0441119236535831;1;0;0.000335790773408083;0.14033374729975;0.333333333333333;2
"3-Multi";22;"D2 LEMA";1.16111111111111;0.161111111111111;1;4;2;2;0.0590182802753303;1;0.417377007203343;0;0.154753529967318;0.333333333333333;4
"3-Multi";23;"D3 CHFU";1.1;0.1;1;2;1;1;0.0441119236535843;1;0;0.000335790773408077;0.14033374729975;0.333333333333333;2
"3-Multi";24;"D3 LEMA";1.05;0.05;1;2;1;1;0.0494731092552152;1;0.543919161585974;0;0.164122805391793;0.333333333333333;2
"3-Multi";25;"D4 CHFU";1.21764705882353;0.217647058823529;1;4;2;2;0.073271575599125;1;0;0.000627840071450865;0.188618041273694;0.333333333333333;4
"3-Multi";26;"D5 LEMA";1.08333333333333;0.0833333333333333;1;2;1;1;0.0513066304509748;1;0.0267697129573529;0;0.209710216031173;0.333333333333333;2
"3-Multi";27;"D5 ME";2.4;1.4;1;4;2;2;0.145980195664625;1;0;0.0727693982206354;0.0603012686746928;0.333333333333333;2
"3-Multi";28;"D6 LEMA";1.01666666666667;0.0166666666666667;1;2;1;1;0.0394834301347872;1;0.543919161585974;0;0.164122805391793;0.333333333333333;2
"3-Multi";29;"D6 ME";2;1;1;2;1;1;0.0754956910891393;1;0;0.00353989388126739;0.297304144482212;0.333333333333333;2
"3-Multi";30;"E1 CHFU";1.45098039215686;0.450980392156863;1;4;2;2;0.0773800921220196;1;0;0.000297994111752431;0.174574740465862;0.333333333333333;4
"3-Multi";31;"E1 LEMA";1.03333333333333;0.0333333333333333;1;2;1;1;0.0444782696950017;1;0.543919161585974;0;0.164122805391793;0.333333333333333;2
"3-Multi";32;"E2 LEMA";1.32777777777778;0.327777777777778;1;6;3;3;0.0577720873979069;1;0.202195740207032;0;0.134477625877003;0.333333333333333;4
"3-Multi";33;"E3 CHFU";2.02941176470588;1.02941176470588;1;4;2;2;0.148151644178475;1;0;0.0514533840212851;0.18920544069989;0.333333333333333;2
"3-Multi";34;"E3 LEMA";1.72777777777778;0.727777777777778;1;6;3;3;0.141269231329339;1;0.30861351794141;0;0.15960483727542;0.333333333333333;4
"3-Multi";35;"E3 ME";1.2;0.2;1;2;1;1;0.0676497198330562;1;0;0.000393791406005303;0.0172778800590198;0.333333333333333;2
"3-Multi";36;"E4 CHFU";1.46274509803922;0.462745098039216;1;6;3;3;0.0651336862418755;1;0;0.000414747911628413;0.137046701775841;0.333333333333333;4
"3-Multi";37;"E4 LEMA";2;1;1;2;1;1;0.0908252106685713;1;0;0;4.01050876728445e-05;0.333333333333333;2
"3-Multi";38;"E5 CHFU";2;1;1;2;1;1;0.0768574536204534;1;0;0;4.60235472563682e-05;0.333333333333333;2
"3-Multi";39;"E5 LEMA";1.08333333333333;0.0833333333333333;1;2;1;1;0.059462788375644;1;0.543919161585974;0;0.164122805391793;0.333333333333333;2
"3-Multi";40;"E6 LEMA";1.03333333333333;0.0333333333333333;1;2;1;1;0.0444782696949997;1;0.543919161585974;0;0.164122805391793;0.333333333333333;2
"3-Multi";41;"E6 ME";1.2;0.2;1;2;1;1;0.0676497198330563;1;0;0.000393791406005302;0.0172778800590198;0.333333333333333;2
"3-Multi";42;"F1 CHFU";1.14705882352941;0.147058823529412;1;2;1;1;0.0709381555064984;1;0;0.00036506162255349;0.20068911476718;0.333333333333333;2
"3-Multi";43;"F1 LEMA";1.25;0.25;1;2;1;1;0.0849427102037813;1;0.0267697129573529;0;0.209710216031173;0.333333333333333;2
"3-Multi";44;"F2 LEMA";1.08333333333333;0.0833333333333333;1;2;1;1;0.0594627883756439;1;0.543919161585974;0;0.164122805391793;0.333333333333333;2
"3-Multi";45;"F4 CHFU";1.08823529411765;0.0882352941176471;1;2;1;1;0.0563583295337277;1;0;0.000219036973532102;0.20068911476718;0.333333333333333;2
"3-Multi";46;"F4 ME";1.2;0.2;1;2;1;1;0.067649719833056;1;0;0.000393791406005284;0.0172778800590198;0.333333333333333;2
"3-Multi";47;"F5 CHFU";1.05882352941176;0.0588235294117647;1;2;1;1;0.0490684165473417;1;0;0.000146024649021403;0.20068911476718;0.333333333333333;2
"3-Multi";48;"F5 LEMA";1.26666666666667;0.266666666666667;1;4;2;2;0.063211435058434;1;0.440118832264713;0;0.153831118022499;0.333333333333333;4
"3-Multi";49;"F6 CHFU";1.14705882352941;0.147058823529412;1;2;1;1;0.0709381555064977;1;0;0.000365061622553514;0.20068911476718;0.333333333333333;2
"3-Multi";50;"F6 LEMA";1.45;0.45;1;4;2;2;0.0669600817412245;1;0.336318502943453;0;0.143539430653206;0.333333333333333;4
"3-Multi";51;"Bees";6.42857142857143;3.21428571428571;3.21428571428571;8;4;4;0.196363569553609;1;0;0;0.000104721343649049;0.666666666666667;2
"3-Multi";52;"Flies";1.33333333333333;0.333333333333333;1;2;1;1;0.0502718036413324;1;4.60352203113336e-05;0;0.0766883724610935;0.333333333333333;2
"3-Multi";53;"Flower_beetles";23.8948107448107;18.480525030525;5.41428571428571;50;25;25;0.920195627802556;1;1;1;0.689817550744934;1;4
"3-Multi";54;"House_flies";6.53333333333333;4.53333333333333;2;14;7;7;0.255027014620706;1;0.0161053521972487;0;0.123477743253429;0.666666666666667;4
"3-Multi";55;"Hoverflies";12.3029304029304;9.08864468864469;3.21428571428571;34;17;17;0.357180000367862;1;0.0272199108403596;0.0694046959944876;0.377241530968509;0.666666666666667;4
"3-Multi";56;"Small_beetles";6.56190476190476;3.34761904761905;3.21428571428571;14;7;7;0.163188379827775;1;0.0190783653144653;0.04581106300248;0.320404364251736;0.666666666666667;4
"3-Multi";57;"Small_flies";24.8879731379731;19.4736874236874;5.41428571428571;52;26;26;1;1;0.0488181431923363;0.0492163447216991;1;1;4
"Aggr";1;"A2 CHFU";1.18823529411765;0.188235294117647;1;4;2;2;0.0497541464487188;1;0.780775315237409;0;0.510312021876976;0;4
"Aggr";2;"A3 CHFU";1.02941176470588;0.0294117647058824;1;2;1;1;0.0220908990369672;1;1;0;0.595426830447421;0;2
"Aggr";3;"A3 LEMA";1.03333333333333;0.0333333333333333;1;2;1;1;0.0194231543124254;1;0.437524114235506;0;0.43949604686287;0;2
"Aggr";4;"A4 CHFU";1.02941176470588;0.0294117647058824;1;2;1;1;0.0220908990369671;1;1;0;0.595426830447421;0;2
"Aggr";5;"A5 LEMA";1.18333333333333;0.183333333333333;1;4;2;2;0.0638125822302519;1;0.812508038078502;0;0.543449902585904;0;4
"Aggr";6;"A6 CHFU";1.02941176470588;0.0294117647058824;1;2;1;1;0.0220908990369672;1;1;0;0.595426830447421;0;2
"Aggr";7;"B1 CHFU";2.36274509803922;1.36274509803922;1;6;3;3;0.104412470405891;1;0.349788193706028;0;0.313706814953451;0;4
"Aggr";8;"B2 CHFU";1.02941176470588;0.0294117647058824;1;2;1;1;0.0220908990369671;1;1;0;0.595426830447421;0;2
"Aggr";9;"B2 LEMA";1.01666666666667;0.0166666666666667;1;2;1;1;0.0165903600080296;1;0.437524114235507;0;0.43949604686287;0;2
"Aggr";10;"B3 CHFU";2;1;1;2;1;1;0.055058209554611;1;0.0208149244161077;0;0.18828388153151;0;2
"Aggr";11;"B4 LEMA";1.16111111111111;0.161111111111111;1;4;2;2;0.0344743716669157;1;0.358918400914039;0;0.393363934188562;0;4
"Aggr";12;"B5 LEMA";1.28333333333333;0.283333333333333;1;4;2;2;0.080809348056627;1;0.562518755516505;0;0.474147332103881;0;4
"Aggr";13;"B6 LEMA";1.06666666666667;0.0666666666666667;1;2;1;1;0.0250887429212171;1;0.437524114235507;0;0.43949604686287;0;2
"Aggr";14;"C1 CHFU";1.1;0.1;1;2;1;1;0.0247541464487188;1;0.123101260949636;0;0.254967596165639;0;2
"Aggr";15;"C3 CHFU";1.2;0.2;1;2;1;1;0.0357507271938037;1;0.123101260949637;0;0.254967596165639;0;2
"Aggr";16;"C3 LEMA";1.16666666666667;0.166666666666667;1;2;1;1;0.060979787925856;1;1;0;0.595426830447421;0;2
"Aggr";17;"C4 LEMA";1.16111111111111;0.161111111111111;1;4;2;2;0.0344743716669157;1;0.358918400914039;0;0.393363934188562;0;4
"Aggr";18;"C5 CHFU";1.1;0.1;1;2;1;1;0.0247541464487188;1;0.123101260949636;0;0.254967596165639;0;2
"Aggr";19;"C5 LEMA";1.36111111111111;0.361111111111111;1;6;3;3;0.0427345004371112;1;0.291297705614453;0;0.352347923657152;0;4
"Aggr";20;"C6 CHFU";1.12941176470588;0.129411764705882;1;4;2;2;0.0330874797820521;1;0.561550630474818;0;0.42519721330653;0;4
"Aggr";21;"D2 CHFU";1.1;0.1;1;2;1;1;0.0247541464487187;1;0.123101260949636;0;0.254967596165639;0;2
"Aggr";22;"D2 LEMA";1.16111111111111;0.161111111111111;1;4;2;2;0.0344743716669157;1;0.358918400914039;0;0.393363934188562;0;4
"Aggr";23;"D3 CHFU";1.1;0.1;1;2;1;1;0.0247541464487187;1;0.123101260949636;0;0.254967596165639;0;2
"Aggr";24;"D3 LEMA";1.05;0.05;1;2;1;1;0.0222559486168213;1;0.437524114235506;0;0.43949604686287;0;2
"Aggr";25;"D4 CHFU";1.21764705882353;0.217647058823529;1;4;2;2;0.0580874797820521;1;0.824620252189927;0;0.527334983591065;0;4
"Aggr";26;"D5 LEMA";1.08333333333333;0.0833333333333333;1;2;1;1;0.0373686768147449;1;1;0;0.595426830447421;0;2
"Aggr";27;"D5 ME";2.4;1.4;1;4;2;2;0.238303188645084;1;0.173739628752598;0;0.302809663266586;0;4
"Aggr";28;"D6 LEMA";1.01666666666667;0.0166666666666667;1;2;1;1;0.0165903600080296;1;0.437524114235507;0;0.43949604686287;0;2
"Aggr";29;"D6 ME";2;1;1;2;1;1;0.297090899036967;1;1;0;0.595426830447421;0;2
"Aggr";30;"E1 CHFU";1.45098039215686;0.450980392156863;1;4;2;2;0.0925725362683834;1;0.808369477202228;0;0.523234758651626;0;4
"Aggr";31;"E1 LEMA";1.03333333333333;0.0333333333333333;1;2;1;1;0.0194231543124254;1;0.437524114235507;0;0.43949604686287;0;2
"Aggr";32;"E2 LEMA";1.32777777777778;0.327777777777778;1;6;3;3;0.0370689118283195;1;0.193813433200417;0;0.29424917485334;0;4
"Aggr";33;"E3 CHFU";2.02941176470588;1.02941176470588;1;4;2;2;0.192058557300718;1;0.718762057117753;0;0.517461438655145;0;4
"Aggr";34;"E3 LEMA";1.72777777777778;0.727777777777778;1;6;3;3;0.129683040257005;1;0.427313372572853;0;0.406707413353653;0;4
"Aggr";35;"E3 ME";1.2;0.2;1;2;1;1;0.0410465480424835;1;0.0418473860111427;0;0.234466471468444;0;2
"Aggr";36;"E4 CHFU";1.46274509803922;0.462745098039216;1;6;3;3;0.0785691170134683;1;0.388316215653593;0;0.361620299360501;0;4
"Aggr";37;"E4 LEMA";2;1;1;2;1;1;0.0706469590186582;1;0;0;3.45122997934039e-05;0;2
"Aggr";38;"E5 CHFU";2;1;1;2;1;1;0.0706469590186581;1;0;0;3.45122997934039e-05;0;2
"Aggr";39;"E5 LEMA";1.08333333333333;0.0833333333333333;1;2;1;1;0.0279215372256129;1;0.437524114235506;0;0.43949604686287;0;2
"Aggr";40;"E6 LEMA";1.03333333333333;0.0333333333333333;1;2;1;1;0.0194231543124255;1;0.437524114235507;0;0.43949604686287;0;2
"Aggr";41;"E6 ME";1.2;0.2;1;2;1;1;0.0410465480424836;1;0.041847386011143;0;0.234466471468444;0;2
"Aggr";42;"F1 CHFU";1.14705882352941;0.147058823529412;1;2;1;1;0.0554242323703004;1;1;0;0.595426830447421;0;2
"Aggr";43;"F1 LEMA";1.25;0.25;1;2;1;1;0.0845908990369672;1;1;0;0.595426830447421;0;2
"Aggr";44;"F2 LEMA";1.08333333333333;0.0833333333333333;1;2;1;1;0.027921537225613;1;0.437524114235507;0;0.43949604686287;0;2
"Aggr";45;"F4 CHFU";1.08823529411765;0.0882352941176471;1;2;1;1;0.0387575657036338;1;1;0;0.595426830447421;0;2
"Aggr";46;"F4 ME";1.2;0.2;1;2;1;1;0.0410465480424836;1;0.0418473860111429;0;0.234466471468444;0;2
"Aggr";47;"F5 CHFU";1.05882352941176;0.0588235294117647;1;2;1;1;0.0304242323703005;1;1;0;0.595426830447421;0;2
"Aggr";48;"F5 LEMA";1.26666666666667;0.266666666666667;1;4;2;2;0.0333488716914126;1;0.354182276271627;0;0.389253613796598;0;4
"Aggr";49;"F6 CHFU";1.14705882352941;0.147058823529412;1;2;1;1;0.0554242323703005;1;1;0;0.595426830447421;0;2
"Aggr";50;"F6 LEMA";1.45;0.45;1;4;2;2;0.0387762061572123;1;0.270840438307747;0;0.339011180730326;0;4
"Aggr";51;"Bees";4;2;2;4;2;2;0.133857396035352;1;0;0;4.73924975789881e-05;0;2
"Aggr";52;"Flies";1.33333333333333;0.333333333333333;1;2;1;1;0.043341098985303;1;0;0.00751719510694066;0.186793773932496;0;2
"Aggr";53;"Flower_beetles";19.0662393162393;16.0662393162393;3;42;21;21;0.59988585269559;1;0;0.437524114235514;0.738116551250823;0;4
"Aggr";54;"House_flies";6.53333333333333;4.53333333333333;2;14;7;7;0.321046851045292;1;0;0.0418473860111438;0.393772406588991;0;4
"Aggr";55;"Hoverflies";9.87435897435897;7.87435897435897;2;30;15;15;0.25874307635494;1;0;0.123101260949638;0.428203742823682;0;4
"Aggr";56;"Small_beetles";4.13333333333333;2.13333333333333;2;10;5;5;0.0971779855317118;1;0;0.0208149244161072;0.31620942866491;0;4
"Aggr";57;"Small_flies";20.0594017094017;17.0594017094017;3;44;22;22;1;1;0;1;1;0;4
