"Layer";"Node";"Label";"Strength";"StrengthIn";"StrengthOut";"Degree";"DegreeIn";"DegreeOut";"PageRank";"Eigenvector";"Hub";"Authority";"Katz";"Multiplexity";"Kcore"
"1-Multi";1;"A1 LEMA";1.27874125874126;0.278741258741259;1;6;3;3;0.0651497497562453;0.0222440011097378;0.246465167899103;3.37489237639974e-05;0.0690972290684571;0.25;6
"1-Multi";2;"A2 CHFU";1.26923076923077;0.269230769230769;1;2;1;1;0.0780993666011644;0.00894564150526267;0.00298338228659544;6.71887355956967e-05;0.0252835457132882;0.25;2
"1-Multi";3;"A2 LEMA";1.17384615384615;0.173846153846154;1;4;2;2;0.0606706944951476;0.0310220216873706;0.335788048358884;6.18491151791079e-05;0.111191613623129;0.25;4
"1-Multi";4;"A2 PUPA";1.33333333333333;0.333333333333333;1;2;1;1;0.0590015704121444;0.00733503348519206;5.08567361901073e-05;0.000627799451868201;0.0255143271937997;0.25;2
"1-Multi";5;"A3 CHFU";1.11538461538462;0.115384615384615;1;4;2;2;0.0569263501285025;0.0125106552322505;0.00607814090650556;0.000274990653534373;0.0608714914785219;0.25;4
"1-Multi";6;"A3 LEMA";2.12955465587045;1.12955465587045;1;6;3;3;0.0790140393014877;0.0462739040607169;0.0601913491828046;0.000121641801487715;0.160250310683453;0.25;4
"1-Multi";7;"A4 CHFU";1.08012820512821;0.0801282051282051;1;4;2;2;0.0561583674837762;0.00943714536825721;0.0134610683442564;0.000118912592406376;0.0632755435282952;0.25;4
"1-Multi";8;"A4 LEMA";1.16285714285714;0.162857142857143;1;4;2;2;0.0555655676169739;0.0153311012552101;0.41925543212116;1.80578725390383e-05;0.0941498113599144;0.25;4
"1-Multi";9;"A5 CHFU";1.12179487179487;0.121794871794872;1;4;2;2;0.0653287797547901;0.017596341950005;0.0169536303634767;0.000228226794013372;0.0759395427999642;0.25;4
"1-Multi";10;"A5 LEMA";1.19384615384615;0.193846153846154;1;4;2;2;0.0658569649348214;0.0346131868255118;0.452851276691625;6.19478732970645e-05;0.0979334593633713;0.25;4
"1-Multi";11;"A6 CHFU";1.15705128205128;0.157051282051282;1;6;3;3;0.0660967623995137;0.0206698518140311;0.0120316787383095;0.000384304855141358;0.0743368414334486;0.25;4
"1-Multi";12;"B1 CHFU";1.04166666666667;0.0416666666666667;1;2;1;1;0.0509731322523772;0.00815919658177349;0.0239387544019173;0.000109314201606998;0.101267541343302;0.25;2
"1-Multi";13;"B2 CHFU";1.23076923076923;0.230769230769231;1;4;2;2;0.0724820558227032;0.0163445015916297;0.00422128573455955;0.000303785825932529;0.0395187240193817;0.25;4
"1-Multi";14;"B2 LEMA";1.31137283768863;0.311372837688627;1;6;3;3;0.0670436149780733;0.0307708444983173;0.0647799365583699;8.48996870841981e-05;0.0908566102797796;0.25;6
"1-Multi";15;"B2 PUPA";1.19349845201238;0.193498452012384;1;4;2;2;0.0833887765942995;0.00279489731397655;9.51247450788145e-06;9.02364532611626e-05;0.00958802039859784;0.25;4
"1-Multi";16;"B3 CHFU";1.07692307692308;0.0769230769230769;1;2;1;1;0.051741114897102;0.0112327064457868;0.00917289952641567;0.000265392262734988;0.0964594372437556;0.25;2
"1-Multi";17;"B3 LEMA";1.24354066985646;0.243540669856459;1;6;3;3;0.0804741614903191;0.032542538065924;0.591083414840391;5.31308055856775e-05;0.0680360718747758;0.25;6
"1-Multi";18;"B3 PUPA";1.6025824964132;0.602582496413199;1;6;3;3;0.0903194101244667;0.00209270339741219;4.31277014380158e-06;2.25999560334778e-05;0.00740757672790781;0.25;4
"1-Multi";19;"B4 CHFU";1.04166666666667;0.0416666666666667;1;2;1;1;0.0509731322523758;0.00815919658177919;0.0239387544019173;0.000109314201606996;0.101267541343302;0.25;2
"1-Multi";20;"B4 LEMA";1.30075187969925;0.300751879699248;1;4;2;2;0.071619704161801;0.048093961697258;0.0665925028833029;0.000171707678735544;0.141432547605974;0.25;4
"1-Multi";21;"B4 PUPA";1.0832137733142;0.0832137733142037;1;4;2;2;0.068347569785129;0.00075026961376878;3.61664197550068e-06;6.35260814055184e-06;0.00200023062813717;0.25;4
"1-Multi";22;"B5 CHFU";1.19871794871795;0.198717948717949;1;6;3;3;0.0752671746705282;0.0288290483957927;0.0150084476542114;0.000493619056748349;0.0810695164109121;0.25;4
"1-Multi";23;"B5 LEMA";1.63451811346548;0.634518113465482;1;8;4;4;0.111787587205197;0.0802584273535641;0.396465798331046;0.000191548077304115;0.0933569816594244;0.25;6
"1-Multi";24;"B5 ME";3;2;1;4;2;2;0.158863379780463;0.329995220097337;0.000960659304944757;0.0202682357518469;0.197510888321695;0.25;2
"1-Multi";25;"B5 PUPA";1.02439024390244;0.024390243902439;1;2;1;1;0.0508763894743557;0.000245806592930694;4.57127612409465e-06;1.74476299374171e-06;0.00223554575332006;0.25;2
"1-Multi";26;"B6 CHFU";1.04166666666667;0.0416666666666667;1;2;1;1;0.0509731322523735;0.00815919658177318;0.0239387544019173;0.000109314201606998;0.101267541343302;0.25;2
"1-Multi";27;"B6 LEMA";1.02;0.02;1;2;1;1;0.0469889904210356;0.00359116513813521;0.804040961689848;9.8758117969618e-08;0.0581589965840996;0.25;2
"1-Multi";28;"B6 PUPA";1.02941176470588;0.0294117647058824;1;2;1;1;0.0505383101367494;0.000252231510426057;3.13932490116654e-06;2.30392257341452e-06;0.00188257306554573;0.25;2
"1-Multi";29;"C1 LEMA";1.09090909090909;0.0909090909090909;1;2;1;1;0.0474626736304384;0.00246870384849971;0.040079059106582;1.38749355773757e-06;0.0402609987735429;0.25;2
"1-Multi";30;"C2 CHFU";1.07692307692308;0.0769230769230769;1;2;1;1;0.0517411148971003;0.0112327064457796;0.00917289952641568;0.000265392262734991;0.0964594372437556;0.25;2
"1-Multi";31;"C2 LEMA";1.44332088963668;0.443320889636679;1;10;5;5;0.090705320283634;0.0544067373194933;0.433709304554845;0.000101866340419355;0.0857427568522129;0.25;6
"1-Multi";32;"C2 PUPA";1.05380200860832;0.0538020086083214;1;4;2;2;0.059611979629746;0.000498038103343068;3.85530051266632e-06;4.04868556714957e-06;0.00205905940943289;0.25;4
"1-Multi";33;"C3 CHFU";1.61858974358974;0.618589743589744;1;6;3;3;0.0831993995263079;0.0471260119430208;0.0119055713017419;0.00098506915395415;0.0979110871933978;0.25;4
"1-Multi";34;"C3 LEMA";1.12;0.12;1;2;1;1;0.0729203426194104;0.0215469908288788;0.804040961689847;5.92548707740189e-07;0.0581589965840996;0.25;2
"1-Multi";35;"C3 PUPA";1.39247149437439;0.392471494374386;1;6;3;3;0.145520436625652;0.00528883826295426;7.83851901683884e-06;0.000142367373994005;0.00687496399259046;0.25;6
"1-Multi";36;"C4 CHFU";1.04166666666667;0.0416666666666667;1;2;1;1;0.0509731322523732;0.00815919658178152;0.0239387544019173;0.000109314201606995;0.101267541343302;0.25;2
"1-Multi";37;"C4 LEMA";1.45166097060834;0.451660970608339;1;8;4;4;0.0928384691299057;0.0613361609601926;0.339821494463667;0.000173391446647138;0.0975585223687174;0.25;6
"1-Multi";38;"C4 PUPA";1.05380200860832;0.0538020086083214;1;4;2;2;0.0596119796297449;0.000498038103344837;3.8553005126031e-06;4.04868556714892e-06;0.00205905940943289;0.25;4
"1-Multi";39;"C5 ME";2;1;1;2;1;1;0.0608272369576178;0.016320940590418;3.44934234528636e-05;0.00019074652769575;0.271688614540995;0.25;2
"1-Multi";40;"C5 PUPA";1.23529411764706;0.235294117647059;1;2;1;1;0.111687441224463;0.00201785208329527;3.13932490117266e-06;1.84313805872737e-05;0.00188257306554573;0.25;2
"1-Multi";41;"C6 CHFU";1.23397435897436;0.233974358974359;1;4;2;2;0.076899308409376;0.0145489405141044;0.00647594430581582;0.000157306155603916;0.0379475449849572;0.25;4
"1-Multi";42;"C6 PUPA";1.02439024390244;0.024390243902439;1;2;1;1;0.0508763894743562;0.000245806592938547;4.57127612409845e-06;1.74476299373922e-06;0.00223554575332006;0.25;2
"1-Multi";43;"D1 CHFU";1.23076923076923;0.230769230769231;1;2;1;1;0.0716179047285829;0.0336981193373548;0.00917289952641574;0.000796176788204945;0.0964594372437556;0.25;2
"1-Multi";44;"D1 LEMA";1.14526315789474;0.145263157894737;1;4;2;2;0.0663355321837146;0.0314183473297445;0.440670499008381;0.000102696559112232;0.101677759006745;0.25;4
"1-Multi";45;"D2 CHFU";2.11858974358974;1.11858974358974;1;6;3;3;0.0950178290012099;0.0307256108550372;0.0111272995662135;0.00184170437043775;0.0794993220230579;0.25;4
"1-Multi";46;"D2 LEMA";1.29076923076923;0.290769230769231;1;4;2;2;0.0778840874115518;0.0519197802382496;0.452851276691625;9.29218099455986e-05;0.0979334593633713;0.25;4
"1-Multi";47;"D2 PUPA";1.16140602582496;0.161406025824964;1;4;2;2;0.095230498926507;0.0014941143100219;3.85530051261398e-06;1.21460567014296e-05;0.00205905940943289;0.25;4
"1-Multi";48;"D3 CHFU";1.04166666666667;0.0416666666666667;1;2;1;1;0.0509731322523753;0.00815919658175816;0.0239387544019173;0.000109314201607003;0.101267541343302;0.25;2
"1-Multi";49;"D3 LEMA";1.02;0.02;1;2;1;1;0.0469889904210385;0.0035911651381413;0.804040961689848;9.87581179672994e-08;0.0581589965840996;0.25;2
"1-Multi";50;"D3 PUPA";1.80935840318156;0.809358403181555;1;8;4;4;0.15002549808613;0.0140826418288895;1.2473401238635e-05;0.00519091570302402;0.0138945473085346;0.25;6
"1-Multi";51;"D4 LEMA";1.09692307692308;0.0969230769230769;1;4;2;2;0.0538298424580933;0.0173065934127571;0.452851276691625;3.09739366485378e-05;0.0979334593633713;0.25;4
"1-Multi";52;"D4 PUPA";1.07317073170732;0.0731707317073171;1;2;1;1;0.0690237284603424;0.00073741977880672;4.57127612414186e-06;5.23428898119909e-06;0.00223554575332006;0.25;2
"1-Multi";53;"D5 CHFU";1.62179487179487;0.621794871794872;1;6;3;3;0.0796109864489386;0.0257816225430313;0.0129057157594522;0.000262733854427258;0.0893176933112085;0.25;4
"1-Multi";54;"D5 LEMA";1.02;0.02;1;2;1;1;0.0469889904210328;0.00359116513815972;0.804040961689847;9.87581179614962e-08;0.0581589965840996;0.25;2
"1-Multi";55;"D5 PUPA";1.10141206675225;0.101412066752246;1;4;2;2;0.0676397020407363;0.00151071457723209;9.40491705536938e-06;4.51518687579366e-05;0.00853909430160538;0.25;4
"1-Multi";56;"D6 CHFU";1.07692307692308;0.0769230769230769;1;2;1;1;0.0517411148970995;0.011232706445802;0.00917289952641576;0.000265392262734984;0.0964594372437556;0.25;2
"1-Multi";57;"D6 LEMA";1.02;0.02;1;2;1;1;0.0469889904210362;0.0035911651381386;0.804040961689848;9.87581179677628e-08;0.0581589965840996;0.25;2
"1-Multi";58;"D6 PUPA";2.57678270281155;1.57678270281155;1;10;5;5;0.151360639673863;0.0116092986684144;4.78848668096854e-06;0.00609495549450722;0.00530012508362419;0.25;6
"1-Multi";59;"E1 CHFU";1.15384615384615;0.153846153846154;1;2;1;1;0.0625436609069637;0.00511179514583837;0.00298338228659548;3.83935631975545e-05;0.0252835457132882;0.25;2
"1-Multi";60;"E1 LEMA";1.02;0.02;1;2;1;1;0.0469889904210362;0.00359116513813892;0.804040961689848;9.87581179678432e-08;0.0581589965840996;0.25;2
"1-Multi";61;"E1 PUPA";1.74368848951647;0.743688489516474;1;6;3;3;0.0929637334093093;0.0159349749547129;3.13392368555775e-05;0.00129900600950058;0.0186025978847739;0.25;4
"1-Multi";62;"E2 CHFU";1.07692307692308;0.0769230769230769;1;2;1;1;0.0517411148971011;0.0112327064457878;0.00917289952641573;0.000265392262734988;0.0964594372437556;0.25;2
"1-Multi";63;"E2 LEMA";2.07263157894737;1.07263157894737;1;6;3;3;0.102334603778635;0.0270801630883831;0.296156302957997;0.000177645885261406;0.080632803648623;0.25;4
"1-Multi";64;"E2 ME";2;1;1;4;2;2;0.114259724531781;0.0845549913888115;0.000171033565529922;0.0394220865378022;0.122254592028296;0.25;2
"1-Multi";65;"E2 PUPA";1.54878048780488;0.548780487804878;1;4;2;2;0.0725101504760851;0.00159466529408157;4.61774989792268e-06;1.85512704663441e-05;0.0109732549402244;0.25;4
"1-Multi";66;"E3 CHFU";1.04166666666667;0.0416666666666667;1;2;1;1;0.050973132252372;0.00815919658177456;0.0239387544019173;0.000109314201606998;0.101267541343302;0.25;2
"1-Multi";67;"E3 LEMA";1.02;0.02;1;2;1;1;0.0469889904210378;0.00359116513812716;0.804040961689847;9.87581179717891e-08;0.0581589965840996;0.25;2
"1-Multi";68;"E3 PUPA";1.1025824964132;0.102582496413199;1;4;2;2;0.0777593186157298;0.000989651289208046;4.21328831838922e-06;7.53821155461021e-06;0.00214730258137648;0.25;4
"1-Multi";69;"E4 CHFU";1.58333333333333;0.583333333333333;1;4;2;2;0.0824314168815827;0.0440525020789783;0.0168275229269091;0.000828991092826169;0.0995137885599134;0.25;4
"1-Multi";70;"E4 LEMA";1.19548872180451;0.195488721804511;1;4;2;2;0.0574594328387986;0.0238579446437894;0.0558849694396926;6.92086358592406e-05;0.137668573782559;0.25;4
"1-Multi";71;"E5 CHFU";1.54166666666667;0.541666666666667;1;4;2;2;0.0652553389465244;0.0163444771747821;0.0123503631746478;0.000143821262020888;0.115359843094122;0.25;4
"1-Multi";72;"E5 LEMA";1.02;0.02;1;2;1;1;0.0469889904210335;0.0035911651381595;0.804040961689848;9.87581179618978e-08;0.0581589965840996;0.25;2
"1-Multi";73;"E5 PUPA";1.05263157894737;0.0526315789473684;1;2;1;1;0.0494923630547513;0.00101910139135826;1.90721989179448e-05;4.16623427704787e-05;0.021146191398176;0.25;2
"1-Multi";74;"E6 LEMA";1.02;0.02;1;2;1;1;0.0469889904210381;0.00359116513816114;0.804040961689847;9.87581179600282e-08;0.0581589965840996;0.25;2
"1-Multi";75;"E6 ME";1.5;0.5;1;2;1;1;0.0616780685619145;0.0341185723081079;0.000333044273663186;0.00233503937586232;0.16911693793325;0.25;2
"1-Multi";76;"E6 PUPA";1.02941176470588;0.0294117647058824;1;2;1;1;0.0505383101367476;0.000252231510397439;3.13932490113674e-06;2.30392257342285e-06;0.00188257306554573;0.25;2
"1-Multi";77;"F1 LEMA";1.09090909090909;0.0909090909090909;1;2;1;1;0.0474626736304389;0.00246870384849444;0.040079059106582;1.38749355774094e-06;0.0402609987735429;0.25;2
"1-Multi";78;"F1 PUPA";1.07317073170732;0.0731707317073171;1;2;1;1;0.0690237284603389;0.000737419778813481;4.57127612417439e-06;5.2342889811964e-06;0.00223554575332006;0.25;2
"1-Multi";79;"F2 LEMA";1.09692307692308;0.0969230769230769;1;4;2;2;0.0538298424580919;0.0173065934127719;0.452851276691625;3.09739366485328e-05;0.0979334593633713;0.25;4
"1-Multi";80;"F2 PUPA";1.38211382113821;0.382113821138211;1;4;2;2;0.0787268162616462;0.00644446906844878;3.29892421175606e-06;0.00489467145848396;0.00498202726136399;0.25;4
"1-Multi";81;"F3 CHFU";1.04166666666667;0.0416666666666667;1;2;1;1;0.0509731322523759;0.00815919658176055;0.0239387544019174;0.000109314201607002;0.101267541343302;0.25;2
"1-Multi";82;"F3 LEMA";1.05263157894737;0.0526315789473684;1;2;1;1;0.0488828556428598;0.0121180085267357;0.0773000363269132;5.12495214381629e-05;0.14519652142939;0.25;2
"1-Multi";83;"F3 PUPA";2.13467492260062;1.13467492260062;1;6;3;3;0.0967809841646522;0.0254298756577689;3.84546747073867e-05;0.00157156589045665;0.017302575870361;0.25;4
"1-Multi";84;"F4 CHFU";1.04166666666667;0.0416666666666667;1;2;1;1;0.050973132252377;0.0081591965817664;0.0239387544019174;0.000109314201607001;0.101267541343302;0.25;2
"1-Multi";85;"F4 LEMA";1.21090909090909;0.210909090909091;1;4;2;2;0.0785802962684925;0.0240156946773348;0.694903547035095;1.98004226548156e-06;0.05560213975402;0.25;4
"1-Multi";86;"F4 PUPA";1.12580231065469;0.125802310654686;1;4;2;2;0.0767133715337319;0.00175652117018119;8.19650682256496e-06;4.68966317516623e-05;0.00696320716453405;0.25;4
"1-Multi";87;"F5 ME";1.5;0.5;1;2;1;1;0.0943843759512246;0.0504364190807328;9.02285739664312e-06;0.0370870471619399;0.075392246123343;0.25;2
"1-Multi";88;"F5 PUPA";1.05882352941176;0.0588235294117647;1;2;1;1;0.0592739002921379;0.000504463020835303;3.139324901166e-06;4.60784514682234e-06;0.00188257306554573;0.25;2
"1-Multi";89;"F6 CHFU";1.08333333333333;0.0833333333333333;1;2;1;1;0.0601435445233903;0.0163183931635276;0.0239387544019174;0.000218628403213992;0.101267541343302;0.25;2
"1-Multi";90;"F6 LEMA";1.05263157894737;0.0526315789473684;1;2;1;1;0.0488828556428619;0.0121180085267399;0.0773000363269132;5.12495214381617e-05;0.14519652142939;0.25;2
"1-Multi";91;"Bees";18.4508658008658;10.9830086580087;7.46785714285714;54;27;27;0.55974688009364;0.359008537411351;0.0766224525578352;0.0465481557287174;0.66365559578044;1;6
"1-Multi";92;"Butterflies";9.28333333333333;8.28333333333333;1;30;15;15;0.380775646201368;0.0136685484244472;0.000881610519750635;3.90438656385576e-06;0.00299510293630916;0.25;6
"1-Multi";93;"Flies";9.74047619047619;6.93690476190476;2.80357142857143;26;13;13;0.320104703456015;0.0710814354685529;0.00423010535917061;0.0125754416435519;0.101712674424647;0.5;4
"1-Multi";94;"Flower_beetles";24.6628787878788;19.7485930735931;4.91428571428571;64;32;32;0.860404111050502;0.475425356920542;1;1;0.229527527264776;0.75;6
"1-Multi";95;"House_flies";13.552380952381;6.08452380952381;7.46785714285714;28;14;14;0.204741808579409;0.0881999161069176;0.00370727835155085;0.00300179513555648;1;1;4
"1-Multi";96;"Hoverflies";23.5107142857143;16.0428571428571;7.46785714285714;62;31;31;0.691797066292993;0.793909762789296;0.187088442096704;0.139042958186635;0.723710670629212;1;6
"1-Multi";97;"Humbleflies";12.15;11.15;1;36;18;18;0.469023156706965;0.0160628099894621;0.000805100812279541;5.68530803316112e-06;0.00355768979459461;0.25;6
"1-Multi";98;"Small_beetles";9.35281385281385;5.20638528138528;4.14642857142857;30;15;15;0.210269841098784;0.065953720969891;0.0295987087103941;0.0501847573180072;0.140509028218624;0.75;6
"1-Multi";99;"Small_flies";30.7679653679654;23.3001082251082;7.46785714285714;82;41;41;1;1;0.162775687479805;0.127305895119635;0.752439045923363;1;6
"2-Multi";1;"A1 LEMA";1.27874125874126;0.278741258741259;1;6;3;3;0.0651497497562453;0.0222440011097378;0.246465167899103;3.37489237639974e-05;0.0690972290684571;0.25;6
"2-Multi";2;"A2 CHFU";1.26923076923077;0.269230769230769;1;2;1;1;0.0780993666011644;0.00894564150526267;0.00298338228659544;6.71887355956967e-05;0.0252835457132882;0.25;2
"2-Multi";3;"A2 LEMA";1.17384615384615;0.173846153846154;1;4;2;2;0.0606706944951476;0.0310220216873706;0.335788048358884;6.18491151791079e-05;0.111191613623129;0.25;4
"2-Multi";4;"A2 PUPA";1.33333333333333;0.333333333333333;1;2;1;1;0.0590015704121444;0.00733503348519206;5.08567361901073e-05;0.000627799451868201;0.0255143271937997;0.25;2
"2-Multi";5;"A3 CHFU";1.11538461538462;0.115384615384615;1;4;2;2;0.0569263501285025;0.0125106552322505;0.00607814090650556;0.000274990653534373;0.0608714914785219;0.25;4
"2-Multi";6;"A3 LEMA";2.12955465587045;1.12955465587045;1;6;3;3;0.0790140393014877;0.0462739040607169;0.0601913491828046;0.000121641801487715;0.160250310683453;0.25;4
"2-Multi";7;"A4 CHFU";1.08012820512821;0.0801282051282051;1;4;2;2;0.0561583674837762;0.00943714536825721;0.0134610683442564;0.000118912592406376;0.0632755435282952;0.25;4
"2-Multi";8;"A4 LEMA";1.16285714285714;0.162857142857143;1;4;2;2;0.0555655676169739;0.0153311012552101;0.41925543212116;1.80578725390383e-05;0.0941498113599144;0.25;4
"2-Multi";9;"A5 CHFU";1.12179487179487;0.121794871794872;1;4;2;2;0.0653287797547901;0.017596341950005;0.0169536303634767;0.000228226794013372;0.0759395427999642;0.25;4
"2-Multi";10;"A5 LEMA";1.19384615384615;0.193846153846154;1;4;2;2;0.0658569649348214;0.0346131868255118;0.452851276691625;6.19478732970645e-05;0.0979334593633713;0.25;4
"2-Multi";11;"A6 CHFU";1.15705128205128;0.157051282051282;1;6;3;3;0.0660967623995137;0.0206698518140311;0.0120316787383095;0.000384304855141358;0.0743368414334486;0.25;4
"2-Multi";12;"B1 CHFU";1.04166666666667;0.0416666666666667;1;2;1;1;0.0509731322523772;0.00815919658177349;0.0239387544019173;0.000109314201606998;0.101267541343302;0.25;2
"2-Multi";13;"B2 CHFU";1.23076923076923;0.230769230769231;1;4;2;2;0.0724820558227032;0.0163445015916297;0.00422128573455955;0.000303785825932529;0.0395187240193817;0.25;4
"2-Multi";14;"B2 LEMA";1.31137283768863;0.311372837688627;1;6;3;3;0.0670436149780733;0.0307708444983173;0.0647799365583699;8.48996870841981e-05;0.0908566102797796;0.25;6
"2-Multi";15;"B2 PUPA";1.19349845201238;0.193498452012384;1;4;2;2;0.0833887765942995;0.00279489731397655;9.51247450788145e-06;9.02364532611626e-05;0.00958802039859784;0.25;4
"2-Multi";16;"B3 CHFU";1.07692307692308;0.0769230769230769;1;2;1;1;0.051741114897102;0.0112327064457868;0.00917289952641567;0.000265392262734988;0.0964594372437556;0.25;2
"2-Multi";17;"B3 LEMA";1.24354066985646;0.243540669856459;1;6;3;3;0.0804741614903191;0.032542538065924;0.591083414840391;5.31308055856775e-05;0.0680360718747758;0.25;6
"2-Multi";18;"B3 PUPA";1.6025824964132;0.602582496413199;1;6;3;3;0.0903194101244667;0.00209270339741219;4.31277014380158e-06;2.25999560334778e-05;0.00740757672790781;0.25;4
"2-Multi";19;"B4 CHFU";1.04166666666667;0.0416666666666667;1;2;1;1;0.0509731322523758;0.00815919658177919;0.0239387544019173;0.000109314201606996;0.101267541343302;0.25;2
"2-Multi";20;"B4 LEMA";1.30075187969925;0.300751879699248;1;4;2;2;0.071619704161801;0.048093961697258;0.0665925028833029;0.000171707678735544;0.141432547605974;0.25;4
"2-Multi";21;"B4 PUPA";1.0832137733142;0.0832137733142037;1;4;2;2;0.068347569785129;0.00075026961376878;3.61664197550068e-06;6.35260814055184e-06;0.00200023062813717;0.25;4
"2-Multi";22;"B5 CHFU";1.19871794871795;0.198717948717949;1;6;3;3;0.0752671746705282;0.0288290483957927;0.0150084476542114;0.000493619056748349;0.0810695164109121;0.25;4
"2-Multi";23;"B5 LEMA";1.63451811346548;0.634518113465482;1;8;4;4;0.111787587205197;0.0802584273535641;0.396465798331046;0.000191548077304115;0.0933569816594244;0.25;6
"2-Multi";24;"B5 ME";3;2;1;4;2;2;0.158863379780463;0.329995220097337;0.000960659304944757;0.0202682357518469;0.197510888321695;0.25;2
"2-Multi";25;"B5 PUPA";1.02439024390244;0.024390243902439;1;2;1;1;0.0508763894743557;0.000245806592930694;4.57127612409465e-06;1.74476299374171e-06;0.00223554575332006;0.25;2
"2-Multi";26;"B6 CHFU";1.04166666666667;0.0416666666666667;1;2;1;1;0.0509731322523735;0.00815919658177318;0.0239387544019173;0.000109314201606998;0.101267541343302;0.25;2
"2-Multi";27;"B6 LEMA";1.02;0.02;1;2;1;1;0.0469889904210356;0.00359116513813521;0.804040961689848;9.8758117969618e-08;0.0581589965840996;0.25;2
"2-Multi";28;"B6 PUPA";1.02941176470588;0.0294117647058824;1;2;1;1;0.0505383101367494;0.000252231510426057;3.13932490116654e-06;2.30392257341452e-06;0.00188257306554573;0.25;2
"2-Multi";29;"C1 LEMA";1.09090909090909;0.0909090909090909;1;2;1;1;0.0474626736304384;0.00246870384849971;0.040079059106582;1.38749355773757e-06;0.0402609987735429;0.25;2
"2-Multi";30;"C2 CHFU";1.07692307692308;0.0769230769230769;1;2;1;1;0.0517411148971003;0.0112327064457796;0.00917289952641568;0.000265392262734991;0.0964594372437556;0.25;2
"2-Multi";31;"C2 LEMA";1.44332088963668;0.443320889636679;1;10;5;5;0.090705320283634;0.0544067373194933;0.433709304554845;0.000101866340419355;0.0857427568522129;0.25;6
"2-Multi";32;"C2 PUPA";1.05380200860832;0.0538020086083214;1;4;2;2;0.059611979629746;0.000498038103343068;3.85530051266632e-06;4.04868556714957e-06;0.00205905940943289;0.25;4
"2-Multi";33;"C3 CHFU";1.61858974358974;0.618589743589744;1;6;3;3;0.0831993995263079;0.0471260119430208;0.0119055713017419;0.00098506915395415;0.0979110871933978;0.25;4
"2-Multi";34;"C3 LEMA";1.12;0.12;1;2;1;1;0.0729203426194104;0.0215469908288788;0.804040961689847;5.92548707740189e-07;0.0581589965840996;0.25;2
"2-Multi";35;"C3 PUPA";1.39247149437439;0.392471494374386;1;6;3;3;0.145520436625652;0.00528883826295426;7.83851901683884e-06;0.000142367373994005;0.00687496399259046;0.25;6
"2-Multi";36;"C4 CHFU";1.04166666666667;0.0416666666666667;1;2;1;1;0.0509731322523732;0.00815919658178152;0.0239387544019173;0.000109314201606995;0.101267541343302;0.25;2
"2-Multi";37;"C4 LEMA";1.45166097060834;0.451660970608339;1;8;4;4;0.0928384691299057;0.0613361609601926;0.339821494463667;0.000173391446647138;0.0975585223687174;0.25;6
"2-Multi";38;"C4 PUPA";1.05380200860832;0.0538020086083214;1;4;2;2;0.0596119796297449;0.000498038103344837;3.8553005126031e-06;4.04868556714892e-06;0.00205905940943289;0.25;4
"2-Multi";39;"C5 ME";2;1;1;2;1;1;0.0608272369576178;0.016320940590418;3.44934234528636e-05;0.00019074652769575;0.271688614540995;0.25;2
"2-Multi";40;"C5 PUPA";1.23529411764706;0.235294117647059;1;2;1;1;0.111687441224463;0.00201785208329527;3.13932490117266e-06;1.84313805872737e-05;0.00188257306554573;0.25;2
"2-Multi";41;"C6 CHFU";1.23397435897436;0.233974358974359;1;4;2;2;0.076899308409376;0.0145489405141044;0.00647594430581582;0.000157306155603916;0.0379475449849572;0.25;4
"2-Multi";42;"C6 PUPA";1.02439024390244;0.024390243902439;1;2;1;1;0.0508763894743562;0.000245806592938547;4.57127612409845e-06;1.74476299373922e-06;0.00223554575332006;0.25;2
"2-Multi";43;"D1 CHFU";1.23076923076923;0.230769230769231;1;2;1;1;0.0716179047285829;0.0336981193373548;0.00917289952641574;0.000796176788204945;0.0964594372437556;0.25;2
"2-Multi";44;"D1 LEMA";1.14526315789474;0.145263157894737;1;4;2;2;0.0663355321837146;0.0314183473297445;0.440670499008381;0.000102696559112232;0.101677759006745;0.25;4
"2-Multi";45;"D2 CHFU";2.11858974358974;1.11858974358974;1;6;3;3;0.0950178290012099;0.0307256108550372;0.0111272995662135;0.00184170437043775;0.0794993220230579;0.25;4
"2-Multi";46;"D2 LEMA";1.29076923076923;0.290769230769231;1;4;2;2;0.0778840874115518;0.0519197802382496;0.452851276691625;9.29218099455986e-05;0.0979334593633713;0.25;4
"2-Multi";47;"D2 PUPA";1.16140602582496;0.161406025824964;1;4;2;2;0.095230498926507;0.0014941143100219;3.85530051261398e-06;1.21460567014296e-05;0.00205905940943289;0.25;4
"2-Multi";48;"D3 CHFU";1.04166666666667;0.0416666666666667;1;2;1;1;0.0509731322523753;0.00815919658175816;0.0239387544019173;0.000109314201607003;0.101267541343302;0.25;2
"2-Multi";49;"D3 LEMA";1.02;0.02;1;2;1;1;0.0469889904210385;0.0035911651381413;0.804040961689848;9.87581179672994e-08;0.0581589965840996;0.25;2
"2-Multi";50;"D3 PUPA";1.80935840318156;0.809358403181555;1;8;4;4;0.15002549808613;0.0140826418288895;1.2473401238635e-05;0.00519091570302402;0.0138945473085346;0.25;6
"2-Multi";51;"D4 LEMA";1.09692307692308;0.0969230769230769;1;4;2;2;0.0538298424580933;0.0173065934127571;0.452851276691625;3.09739366485378e-05;0.0979334593633713;0.25;4
"2-Multi";52;"D4 PUPA";1.07317073170732;0.0731707317073171;1;2;1;1;0.0690237284603424;0.00073741977880672;4.57127612414186e-06;5.23428898119909e-06;0.00223554575332006;0.25;2
"2-Multi";53;"D5 CHFU";1.62179487179487;0.621794871794872;1;6;3;3;0.0796109864489386;0.0257816225430313;0.0129057157594522;0.000262733854427258;0.0893176933112085;0.25;4
"2-Multi";54;"D5 LEMA";1.02;0.02;1;2;1;1;0.0469889904210328;0.00359116513815972;0.804040961689847;9.87581179614962e-08;0.0581589965840996;0.25;2
"2-Multi";55;"D5 PUPA";1.10141206675225;0.101412066752246;1;4;2;2;0.0676397020407363;0.00151071457723209;9.40491705536938e-06;4.51518687579366e-05;0.00853909430160538;0.25;4
"2-Multi";56;"D6 CHFU";1.07692307692308;0.0769230769230769;1;2;1;1;0.0517411148970995;0.011232706445802;0.00917289952641576;0.000265392262734984;0.0964594372437556;0.25;2
"2-Multi";57;"D6 LEMA";1.02;0.02;1;2;1;1;0.0469889904210362;0.0035911651381386;0.804040961689848;9.87581179677628e-08;0.0581589965840996;0.25;2
"2-Multi";58;"D6 PUPA";2.57678270281155;1.57678270281155;1;10;5;5;0.151360639673863;0.0116092986684144;4.78848668096854e-06;0.00609495549450722;0.00530012508362419;0.25;6
"2-Multi";59;"E1 CHFU";1.15384615384615;0.153846153846154;1;2;1;1;0.0625436609069637;0.00511179514583837;0.00298338228659548;3.83935631975545e-05;0.0252835457132882;0.25;2
"2-Multi";60;"E1 LEMA";1.02;0.02;1;2;1;1;0.0469889904210362;0.00359116513813892;0.804040961689848;9.87581179678432e-08;0.0581589965840996;0.25;2
"2-Multi";61;"E1 PUPA";1.74368848951647;0.743688489516474;1;6;3;3;0.0929637334093093;0.0159349749547129;3.13392368555775e-05;0.00129900600950058;0.0186025978847739;0.25;4
"2-Multi";62;"E2 CHFU";1.07692307692308;0.0769230769230769;1;2;1;1;0.0517411148971011;0.0112327064457878;0.00917289952641573;0.000265392262734988;0.0964594372437556;0.25;2
"2-Multi";63;"E2 LEMA";2.07263157894737;1.07263157894737;1;6;3;3;0.102334603778635;0.0270801630883831;0.296156302957997;0.000177645885261406;0.080632803648623;0.25;4
"2-Multi";64;"E2 ME";2;1;1;4;2;2;0.114259724531781;0.0845549913888115;0.000171033565529922;0.0394220865378022;0.122254592028296;0.25;2
"2-Multi";65;"E2 PUPA";1.54878048780488;0.548780487804878;1;4;2;2;0.0725101504760851;0.00159466529408157;4.61774989792268e-06;1.85512704663441e-05;0.0109732549402244;0.25;4
"2-Multi";66;"E3 CHFU";1.04166666666667;0.0416666666666667;1;2;1;1;0.050973132252372;0.00815919658177456;0.0239387544019173;0.000109314201606998;0.101267541343302;0.25;2
"2-Multi";67;"E3 LEMA";1.02;0.02;1;2;1;1;0.0469889904210378;0.00359116513812716;0.804040961689847;9.87581179717891e-08;0.0581589965840996;0.25;2
"2-Multi";68;"E3 PUPA";1.1025824964132;0.102582496413199;1;4;2;2;0.0777593186157298;0.000989651289208046;4.21328831838922e-06;7.53821155461021e-06;0.00214730258137648;0.25;4
"2-Multi";69;"E4 CHFU";1.58333333333333;0.583333333333333;1;4;2;2;0.0824314168815827;0.0440525020789783;0.0168275229269091;0.000828991092826169;0.0995137885599134;0.25;4
"2-Multi";70;"E4 LEMA";1.19548872180451;0.195488721804511;1;4;2;2;0.0574594328387986;0.0238579446437894;0.0558849694396926;6.92086358592406e-05;0.137668573782559;0.25;4
"2-Multi";71;"E5 CHFU";1.54166666666667;0.541666666666667;1;4;2;2;0.0652553389465244;0.0163444771747821;0.0123503631746478;0.000143821262020888;0.115359843094122;0.25;4
"2-Multi";72;"E5 LEMA";1.02;0.02;1;2;1;1;0.0469889904210335;0.0035911651381595;0.804040961689848;9.87581179618978e-08;0.0581589965840996;0.25;2
"2-Multi";73;"E5 PUPA";1.05263157894737;0.0526315789473684;1;2;1;1;0.0494923630547513;0.00101910139135826;1.90721989179448e-05;4.16623427704787e-05;0.021146191398176;0.25;2
"2-Multi";74;"E6 LEMA";1.02;0.02;1;2;1;1;0.0469889904210381;0.00359116513816114;0.804040961689847;9.87581179600282e-08;0.0581589965840996;0.25;2
"2-Multi";75;"E6 ME";1.5;0.5;1;2;1;1;0.0616780685619145;0.0341185723081079;0.000333044273663186;0.00233503937586232;0.16911693793325;0.25;2
"2-Multi";76;"E6 PUPA";1.02941176470588;0.0294117647058824;1;2;1;1;0.0505383101367476;0.000252231510397439;3.13932490113674e-06;2.30392257342285e-06;0.00188257306554573;0.25;2
"2-Multi";77;"F1 LEMA";1.09090909090909;0.0909090909090909;1;2;1;1;0.0474626736304389;0.00246870384849444;0.040079059106582;1.38749355774094e-06;0.0402609987735429;0.25;2
"2-Multi";78;"F1 PUPA";1.07317073170732;0.0731707317073171;1;2;1;1;0.0690237284603389;0.000737419778813481;4.57127612417439e-06;5.2342889811964e-06;0.00223554575332006;0.25;2
"2-Multi";79;"F2 LEMA";1.09692307692308;0.0969230769230769;1;4;2;2;0.0538298424580919;0.0173065934127719;0.452851276691625;3.09739366485328e-05;0.0979334593633713;0.25;4
"2-Multi";80;"F2 PUPA";1.38211382113821;0.382113821138211;1;4;2;2;0.0787268162616462;0.00644446906844878;3.29892421175606e-06;0.00489467145848396;0.00498202726136399;0.25;4
"2-Multi";81;"F3 CHFU";1.04166666666667;0.0416666666666667;1;2;1;1;0.0509731322523759;0.00815919658176055;0.0239387544019174;0.000109314201607002;0.101267541343302;0.25;2
"2-Multi";82;"F3 LEMA";1.05263157894737;0.0526315789473684;1;2;1;1;0.0488828556428598;0.0121180085267357;0.0773000363269132;5.12495214381629e-05;0.14519652142939;0.25;2
"2-Multi";83;"F3 PUPA";2.13467492260062;1.13467492260062;1;6;3;3;0.0967809841646522;0.0254298756577689;3.84546747073867e-05;0.00157156589045665;0.017302575870361;0.25;4
"2-Multi";84;"F4 CHFU";1.04166666666667;0.0416666666666667;1;2;1;1;0.050973132252377;0.0081591965817664;0.0239387544019174;0.000109314201607001;0.101267541343302;0.25;2
"2-Multi";85;"F4 LEMA";1.21090909090909;0.210909090909091;1;4;2;2;0.0785802962684925;0.0240156946773348;0.694903547035095;1.98004226548156e-06;0.05560213975402;0.25;4
"2-Multi";86;"F4 PUPA";1.12580231065469;0.125802310654686;1;4;2;2;0.0767133715337319;0.00175652117018119;8.19650682256496e-06;4.68966317516623e-05;0.00696320716453405;0.25;4
"2-Multi";87;"F5 ME";1.5;0.5;1;2;1;1;0.0943843759512246;0.0504364190807328;9.02285739664312e-06;0.0370870471619399;0.075392246123343;0.25;2
"2-Multi";88;"F5 PUPA";1.05882352941176;0.0588235294117647;1;2;1;1;0.0592739002921379;0.000504463020835303;3.139324901166e-06;4.60784514682234e-06;0.00188257306554573;0.25;2
"2-Multi";89;"F6 CHFU";1.08333333333333;0.0833333333333333;1;2;1;1;0.0601435445233903;0.0163183931635276;0.0239387544019174;0.000218628403213992;0.101267541343302;0.25;2
"2-Multi";90;"F6 LEMA";1.05263157894737;0.0526315789473684;1;2;1;1;0.0488828556428619;0.0121180085267399;0.0773000363269132;5.12495214381617e-05;0.14519652142939;0.25;2
"2-Multi";91;"Bees";18.4508658008658;10.9830086580087;7.46785714285714;54;27;27;0.55974688009364;0.359008537411351;0.0766224525578352;0.0465481557287174;0.66365559578044;1;6
"2-Multi";92;"Butterflies";9.28333333333333;8.28333333333333;1;30;15;15;0.380775646201368;0.0136685484244472;0.000881610519750635;3.90438656385576e-06;0.00299510293630916;0.25;6
"2-Multi";93;"Flies";9.74047619047619;6.93690476190476;2.80357142857143;26;13;13;0.320104703456015;0.0710814354685529;0.00423010535917061;0.0125754416435519;0.101712674424647;0.5;4
"2-Multi";94;"Flower_beetles";24.6628787878788;19.7485930735931;4.91428571428571;64;32;32;0.860404111050502;0.475425356920542;1;1;0.229527527264776;0.75;6
"2-Multi";95;"House_flies";13.552380952381;6.08452380952381;7.46785714285714;28;14;14;0.204741808579409;0.0881999161069176;0.00370727835155085;0.00300179513555648;1;1;4
"2-Multi";96;"Hoverflies";23.5107142857143;16.0428571428571;7.46785714285714;62;31;31;0.691797066292993;0.793909762789296;0.187088442096704;0.139042958186635;0.723710670629212;1;6
"2-Multi";97;"Humbleflies";12.15;11.15;1;36;18;18;0.469023156706965;0.0160628099894621;0.000805100812279541;5.68530803316112e-06;0.00355768979459461;0.25;6
"2-Multi";98;"Small_beetles";9.35281385281385;5.20638528138528;4.14642857142857;30;15;15;0.210269841098784;0.065953720969891;0.0295987087103941;0.0501847573180072;0.140509028218624;0.75;6
"2-Multi";99;"Small_flies";30.7679653679654;23.3001082251082;7.46785714285714;82;41;41;1;1;0.162775687479805;0.127305895119635;0.752439045923363;1;6
"3-Multi";1;"A1 LEMA";1.27874125874126;0.278741258741259;1;6;3;3;0.0651497497562453;0.0222440011097378;0.246465167899103;3.37489237639974e-05;0.0690972290684571;0.25;6
"3-Multi";2;"A2 CHFU";1.26923076923077;0.269230769230769;1;2;1;1;0.0780993666011644;0.00894564150526267;0.00298338228659544;6.71887355956967e-05;0.0252835457132882;0.25;2
"3-Multi";3;"A2 LEMA";1.17384615384615;0.173846153846154;1;4;2;2;0.0606706944951476;0.0310220216873706;0.335788048358884;6.18491151791079e-05;0.111191613623129;0.25;4
"3-Multi";4;"A2 PUPA";1.33333333333333;0.333333333333333;1;2;1;1;0.0590015704121444;0.00733503348519206;5.08567361901073e-05;0.000627799451868201;0.0255143271937997;0.25;2
"3-Multi";5;"A3 CHFU";1.11538461538462;0.115384615384615;1;4;2;2;0.0569263501285025;0.0125106552322505;0.00607814090650556;0.000274990653534373;0.0608714914785219;0.25;4
"3-Multi";6;"A3 LEMA";2.12955465587045;1.12955465587045;1;6;3;3;0.0790140393014877;0.0462739040607169;0.0601913491828046;0.000121641801487715;0.160250310683453;0.25;4
"3-Multi";7;"A4 CHFU";1.08012820512821;0.0801282051282051;1;4;2;2;0.0561583674837762;0.00943714536825721;0.0134610683442564;0.000118912592406376;0.0632755435282952;0.25;4
"3-Multi";8;"A4 LEMA";1.16285714285714;0.162857142857143;1;4;2;2;0.0555655676169739;0.0153311012552101;0.41925543212116;1.80578725390383e-05;0.0941498113599144;0.25;4
"3-Multi";9;"A5 CHFU";1.12179487179487;0.121794871794872;1;4;2;2;0.0653287797547901;0.017596341950005;0.0169536303634767;0.000228226794013372;0.0759395427999642;0.25;4
"3-Multi";10;"A5 LEMA";1.19384615384615;0.193846153846154;1;4;2;2;0.0658569649348214;0.0346131868255118;0.452851276691625;6.19478732970645e-05;0.0979334593633713;0.25;4
"3-Multi";11;"A6 CHFU";1.15705128205128;0.157051282051282;1;6;3;3;0.0660967623995137;0.0206698518140311;0.0120316787383095;0.000384304855141358;0.0743368414334486;0.25;4
"3-Multi";12;"B1 CHFU";1.04166666666667;0.0416666666666667;1;2;1;1;0.0509731322523772;0.00815919658177349;0.0239387544019173;0.000109314201606998;0.101267541343302;0.25;2
"3-Multi";13;"B2 CHFU";1.23076923076923;0.230769230769231;1;4;2;2;0.0724820558227032;0.0163445015916297;0.00422128573455955;0.000303785825932529;0.0395187240193817;0.25;4
"3-Multi";14;"B2 LEMA";1.31137283768863;0.311372837688627;1;6;3;3;0.0670436149780733;0.0307708444983173;0.0647799365583699;8.48996870841981e-05;0.0908566102797796;0.25;6
"3-Multi";15;"B2 PUPA";1.19349845201238;0.193498452012384;1;4;2;2;0.0833887765942995;0.00279489731397655;9.51247450788145e-06;9.02364532611626e-05;0.00958802039859784;0.25;4
"3-Multi";16;"B3 CHFU";1.07692307692308;0.0769230769230769;1;2;1;1;0.051741114897102;0.0112327064457868;0.00917289952641567;0.000265392262734988;0.0964594372437556;0.25;2
"3-Multi";17;"B3 LEMA";1.24354066985646;0.243540669856459;1;6;3;3;0.0804741614903191;0.032542538065924;0.591083414840391;5.31308055856775e-05;0.0680360718747758;0.25;6
"3-Multi";18;"B3 PUPA";1.6025824964132;0.602582496413199;1;6;3;3;0.0903194101244667;0.00209270339741219;4.31277014380158e-06;2.25999560334778e-05;0.00740757672790781;0.25;4
"3-Multi";19;"B4 CHFU";1.04166666666667;0.0416666666666667;1;2;1;1;0.0509731322523758;0.00815919658177919;0.0239387544019173;0.000109314201606996;0.101267541343302;0.25;2
"3-Multi";20;"B4 LEMA";1.30075187969925;0.300751879699248;1;4;2;2;0.071619704161801;0.048093961697258;0.0665925028833029;0.000171707678735544;0.141432547605974;0.25;4
"3-Multi";21;"B4 PUPA";1.0832137733142;0.0832137733142037;1;4;2;2;0.068347569785129;0.00075026961376878;3.61664197550068e-06;6.35260814055184e-06;0.00200023062813717;0.25;4
"3-Multi";22;"B5 CHFU";1.19871794871795;0.198717948717949;1;6;3;3;0.0752671746705282;0.0288290483957927;0.0150084476542114;0.000493619056748349;0.0810695164109121;0.25;4
"3-Multi";23;"B5 LEMA";1.63451811346548;0.634518113465482;1;8;4;4;0.111787587205197;0.0802584273535641;0.396465798331046;0.000191548077304115;0.0933569816594244;0.25;6
"3-Multi";24;"B5 ME";3;2;1;4;2;2;0.158863379780463;0.329995220097337;0.000960659304944757;0.0202682357518469;0.197510888321695;0.25;2
"3-Multi";25;"B5 PUPA";1.02439024390244;0.024390243902439;1;2;1;1;0.0508763894743557;0.000245806592930694;4.57127612409465e-06;1.74476299374171e-06;0.00223554575332006;0.25;2
"3-Multi";26;"B6 CHFU";1.04166666666667;0.0416666666666667;1;2;1;1;0.0509731322523735;0.00815919658177318;0.0239387544019173;0.000109314201606998;0.101267541343302;0.25;2
"3-Multi";27;"B6 LEMA";1.02;0.02;1;2;1;1;0.0469889904210356;0.00359116513813521;0.804040961689848;9.8758117969618e-08;0.0581589965840996;0.25;2
"3-Multi";28;"B6 PUPA";1.02941176470588;0.0294117647058824;1;2;1;1;0.0505383101367494;0.000252231510426057;3.13932490116654e-06;2.30392257341452e-06;0.00188257306554573;0.25;2
"3-Multi";29;"C1 LEMA";1.09090909090909;0.0909090909090909;1;2;1;1;0.0474626736304384;0.00246870384849971;0.040079059106582;1.38749355773757e-06;0.0402609987735429;0.25;2
"3-Multi";30;"C2 CHFU";1.07692307692308;0.0769230769230769;1;2;1;1;0.0517411148971003;0.0112327064457796;0.00917289952641568;0.000265392262734991;0.0964594372437556;0.25;2
"3-Multi";31;"C2 LEMA";1.44332088963668;0.443320889636679;1;10;5;5;0.090705320283634;0.0544067373194933;0.433709304554845;0.000101866340419355;0.0857427568522129;0.25;6
"3-Multi";32;"C2 PUPA";1.05380200860832;0.0538020086083214;1;4;2;2;0.059611979629746;0.000498038103343068;3.85530051266632e-06;4.04868556714957e-06;0.00205905940943289;0.25;4
"3-Multi";33;"C3 CHFU";1.61858974358974;0.618589743589744;1;6;3;3;0.0831993995263079;0.0471260119430208;0.0119055713017419;0.00098506915395415;0.0979110871933978;0.25;4
"3-Multi";34;"C3 LEMA";1.12;0.12;1;2;1;1;0.0729203426194104;0.0215469908288788;0.804040961689847;5.92548707740189e-07;0.0581589965840996;0.25;2
"3-Multi";35;"C3 PUPA";1.39247149437439;0.392471494374386;1;6;3;3;0.145520436625652;0.00528883826295426;7.83851901683884e-06;0.000142367373994005;0.00687496399259046;0.25;6
"3-Multi";36;"C4 CHFU";1.04166666666667;0.0416666666666667;1;2;1;1;0.0509731322523732;0.00815919658178152;0.0239387544019173;0.000109314201606995;0.101267541343302;0.25;2
"3-Multi";37;"C4 LEMA";1.45166097060834;0.451660970608339;1;8;4;4;0.0928384691299057;0.0613361609601926;0.339821494463667;0.000173391446647138;0.0975585223687174;0.25;6
"3-Multi";38;"C4 PUPA";1.05380200860832;0.0538020086083214;1;4;2;2;0.0596119796297449;0.000498038103344837;3.8553005126031e-06;4.04868556714892e-06;0.00205905940943289;0.25;4
"3-Multi";39;"C5 ME";2;1;1;2;1;1;0.0608272369576178;0.016320940590418;3.44934234528636e-05;0.00019074652769575;0.271688614540995;0.25;2
"3-Multi";40;"C5 PUPA";1.23529411764706;0.235294117647059;1;2;1;1;0.111687441224463;0.00201785208329527;3.13932490117266e-06;1.84313805872737e-05;0.00188257306554573;0.25;2
"3-Multi";41;"C6 CHFU";1.23397435897436;0.233974358974359;1;4;2;2;0.076899308409376;0.0145489405141044;0.00647594430581582;0.000157306155603916;0.0379475449849572;0.25;4
"3-Multi";42;"C6 PUPA";1.02439024390244;0.024390243902439;1;2;1;1;0.0508763894743562;0.000245806592938547;4.57127612409845e-06;1.74476299373922e-06;0.00223554575332006;0.25;2
"3-Multi";43;"D1 CHFU";1.23076923076923;0.230769230769231;1;2;1;1;0.0716179047285829;0.0336981193373548;0.00917289952641574;0.000796176788204945;0.0964594372437556;0.25;2
"3-Multi";44;"D1 LEMA";1.14526315789474;0.145263157894737;1;4;2;2;0.0663355321837146;0.0314183473297445;0.440670499008381;0.000102696559112232;0.101677759006745;0.25;4
"3-Multi";45;"D2 CHFU";2.11858974358974;1.11858974358974;1;6;3;3;0.0950178290012099;0.0307256108550372;0.0111272995662135;0.00184170437043775;0.0794993220230579;0.25;4
"3-Multi";46;"D2 LEMA";1.29076923076923;0.290769230769231;1;4;2;2;0.0778840874115518;0.0519197802382496;0.452851276691625;9.29218099455986e-05;0.0979334593633713;0.25;4
"3-Multi";47;"D2 PUPA";1.16140602582496;0.161406025824964;1;4;2;2;0.095230498926507;0.0014941143100219;3.85530051261398e-06;1.21460567014296e-05;0.00205905940943289;0.25;4
"3-Multi";48;"D3 CHFU";1.04166666666667;0.0416666666666667;1;2;1;1;0.0509731322523753;0.00815919658175816;0.0239387544019173;0.000109314201607003;0.101267541343302;0.25;2
"3-Multi";49;"D3 LEMA";1.02;0.02;1;2;1;1;0.0469889904210385;0.0035911651381413;0.804040961689848;9.87581179672994e-08;0.0581589965840996;0.25;2
"3-Multi";50;"D3 PUPA";1.80935840318156;0.809358403181555;1;8;4;4;0.15002549808613;0.0140826418288895;1.2473401238635e-05;0.00519091570302402;0.0138945473085346;0.25;6
"3-Multi";51;"D4 LEMA";1.09692307692308;0.0969230769230769;1;4;2;2;0.0538298424580933;0.0173065934127571;0.452851276691625;3.09739366485378e-05;0.0979334593633713;0.25;4
"3-Multi";52;"D4 PUPA";1.07317073170732;0.0731707317073171;1;2;1;1;0.0690237284603424;0.00073741977880672;4.57127612414186e-06;5.23428898119909e-06;0.00223554575332006;0.25;2
"3-Multi";53;"D5 CHFU";1.62179487179487;0.621794871794872;1;6;3;3;0.0796109864489386;0.0257816225430313;0.0129057157594522;0.000262733854427258;0.0893176933112085;0.25;4
"3-Multi";54;"D5 LEMA";1.02;0.02;1;2;1;1;0.0469889904210328;0.00359116513815972;0.804040961689847;9.87581179614962e-08;0.0581589965840996;0.25;2
"3-Multi";55;"D5 PUPA";1.10141206675225;0.101412066752246;1;4;2;2;0.0676397020407363;0.00151071457723209;9.40491705536938e-06;4.51518687579366e-05;0.00853909430160538;0.25;4
"3-Multi";56;"D6 CHFU";1.07692307692308;0.0769230769230769;1;2;1;1;0.0517411148970995;0.011232706445802;0.00917289952641576;0.000265392262734984;0.0964594372437556;0.25;2
"3-Multi";57;"D6 LEMA";1.02;0.02;1;2;1;1;0.0469889904210362;0.0035911651381386;0.804040961689848;9.87581179677628e-08;0.0581589965840996;0.25;2
"3-Multi";58;"D6 PUPA";2.57678270281155;1.57678270281155;1;10;5;5;0.151360639673863;0.0116092986684144;4.78848668096854e-06;0.00609495549450722;0.00530012508362419;0.25;6
"3-Multi";59;"E1 CHFU";1.15384615384615;0.153846153846154;1;2;1;1;0.0625436609069637;0.00511179514583837;0.00298338228659548;3.83935631975545e-05;0.0252835457132882;0.25;2
"3-Multi";60;"E1 LEMA";1.02;0.02;1;2;1;1;0.0469889904210362;0.00359116513813892;0.804040961689848;9.87581179678432e-08;0.0581589965840996;0.25;2
"3-Multi";61;"E1 PUPA";1.74368848951647;0.743688489516474;1;6;3;3;0.0929637334093093;0.0159349749547129;3.13392368555775e-05;0.00129900600950058;0.0186025978847739;0.25;4
"3-Multi";62;"E2 CHFU";1.07692307692308;0.0769230769230769;1;2;1;1;0.0517411148971011;0.0112327064457878;0.00917289952641573;0.000265392262734988;0.0964594372437556;0.25;2
"3-Multi";63;"E2 LEMA";2.07263157894737;1.07263157894737;1;6;3;3;0.102334603778635;0.0270801630883831;0.296156302957997;0.000177645885261406;0.080632803648623;0.25;4
"3-Multi";64;"E2 ME";2;1;1;4;2;2;0.114259724531781;0.0845549913888115;0.000171033565529922;0.0394220865378022;0.122254592028296;0.25;2
"3-Multi";65;"E2 PUPA";1.54878048780488;0.548780487804878;1;4;2;2;0.0725101504760851;0.00159466529408157;4.61774989792268e-06;1.85512704663441e-05;0.0109732549402244;0.25;4
"3-Multi";66;"E3 CHFU";1.04166666666667;0.0416666666666667;1;2;1;1;0.050973132252372;0.00815919658177456;0.0239387544019173;0.000109314201606998;0.101267541343302;0.25;2
"3-Multi";67;"E3 LEMA";1.02;0.02;1;2;1;1;0.0469889904210378;0.00359116513812716;0.804040961689847;9.87581179717891e-08;0.0581589965840996;0.25;2
"3-Multi";68;"E3 PUPA";1.1025824964132;0.102582496413199;1;4;2;2;0.0777593186157298;0.000989651289208046;4.21328831838922e-06;7.53821155461021e-06;0.00214730258137648;0.25;4
"3-Multi";69;"E4 CHFU";1.58333333333333;0.583333333333333;1;4;2;2;0.0824314168815827;0.0440525020789783;0.0168275229269091;0.000828991092826169;0.0995137885599134;0.25;4
"3-Multi";70;"E4 LEMA";1.19548872180451;0.195488721804511;1;4;2;2;0.0574594328387986;0.0238579446437894;0.0558849694396926;6.92086358592406e-05;0.137668573782559;0.25;4
"3-Multi";71;"E5 CHFU";1.54166666666667;0.541666666666667;1;4;2;2;0.0652553389465244;0.0163444771747821;0.0123503631746478;0.000143821262020888;0.115359843094122;0.25;4
"3-Multi";72;"E5 LEMA";1.02;0.02;1;2;1;1;0.0469889904210335;0.0035911651381595;0.804040961689848;9.87581179618978e-08;0.0581589965840996;0.25;2
"3-Multi";73;"E5 PUPA";1.05263157894737;0.0526315789473684;1;2;1;1;0.0494923630547513;0.00101910139135826;1.90721989179448e-05;4.16623427704787e-05;0.021146191398176;0.25;2
"3-Multi";74;"E6 LEMA";1.02;0.02;1;2;1;1;0.0469889904210381;0.00359116513816114;0.804040961689847;9.87581179600282e-08;0.0581589965840996;0.25;2
"3-Multi";75;"E6 ME";1.5;0.5;1;2;1;1;0.0616780685619145;0.0341185723081079;0.000333044273663186;0.00233503937586232;0.16911693793325;0.25;2
"3-Multi";76;"E6 PUPA";1.02941176470588;0.0294117647058824;1;2;1;1;0.0505383101367476;0.000252231510397439;3.13932490113674e-06;2.30392257342285e-06;0.00188257306554573;0.25;2
"3-Multi";77;"F1 LEMA";1.09090909090909;0.0909090909090909;1;2;1;1;0.0474626736304389;0.00246870384849444;0.040079059106582;1.38749355774094e-06;0.0402609987735429;0.25;2
"3-Multi";78;"F1 PUPA";1.07317073170732;0.0731707317073171;1;2;1;1;0.0690237284603389;0.000737419778813481;4.57127612417439e-06;5.2342889811964e-06;0.00223554575332006;0.25;2
"3-Multi";79;"F2 LEMA";1.09692307692308;0.0969230769230769;1;4;2;2;0.0538298424580919;0.0173065934127719;0.452851276691625;3.09739366485328e-05;0.0979334593633713;0.25;4
"3-Multi";80;"F2 PUPA";1.38211382113821;0.382113821138211;1;4;2;2;0.0787268162616462;0.00644446906844878;3.29892421175606e-06;0.00489467145848396;0.00498202726136399;0.25;4
"3-Multi";81;"F3 CHFU";1.04166666666667;0.0416666666666667;1;2;1;1;0.0509731322523759;0.00815919658176055;0.0239387544019174;0.000109314201607002;0.101267541343302;0.25;2
"3-Multi";82;"F3 LEMA";1.05263157894737;0.0526315789473684;1;2;1;1;0.0488828556428598;0.0121180085267357;0.0773000363269132;5.12495214381629e-05;0.14519652142939;0.25;2
"3-Multi";83;"F3 PUPA";2.13467492260062;1.13467492260062;1;6;3;3;0.0967809841646522;0.0254298756577689;3.84546747073867e-05;0.00157156589045665;0.017302575870361;0.25;4
"3-Multi";84;"F4 CHFU";1.04166666666667;0.0416666666666667;1;2;1;1;0.050973132252377;0.0081591965817664;0.0239387544019174;0.000109314201607001;0.101267541343302;0.25;2
"3-Multi";85;"F4 LEMA";1.21090909090909;0.210909090909091;1;4;2;2;0.0785802962684925;0.0240156946773348;0.694903547035095;1.98004226548156e-06;0.05560213975402;0.25;4
"3-Multi";86;"F4 PUPA";1.12580231065469;0.125802310654686;1;4;2;2;0.0767133715337319;0.00175652117018119;8.19650682256496e-06;4.68966317516623e-05;0.00696320716453405;0.25;4
"3-Multi";87;"F5 ME";1.5;0.5;1;2;1;1;0.0943843759512246;0.0504364190807328;9.02285739664312e-06;0.0370870471619399;0.075392246123343;0.25;2
"3-Multi";88;"F5 PUPA";1.05882352941176;0.0588235294117647;1;2;1;1;0.0592739002921379;0.000504463020835303;3.139324901166e-06;4.60784514682234e-06;0.00188257306554573;0.25;2
"3-Multi";89;"F6 CHFU";1.08333333333333;0.0833333333333333;1;2;1;1;0.0601435445233903;0.0163183931635276;0.0239387544019174;0.000218628403213992;0.101267541343302;0.25;2
"3-Multi";90;"F6 LEMA";1.05263157894737;0.0526315789473684;1;2;1;1;0.0488828556428619;0.0121180085267399;0.0773000363269132;5.12495214381617e-05;0.14519652142939;0.25;2
"3-Multi";91;"Bees";18.4508658008658;10.9830086580087;7.46785714285714;54;27;27;0.55974688009364;0.359008537411351;0.0766224525578352;0.0465481557287174;0.66365559578044;1;6
"3-Multi";92;"Butterflies";9.28333333333333;8.28333333333333;1;30;15;15;0.380775646201368;0.0136685484244472;0.000881610519750635;3.90438656385576e-06;0.00299510293630916;0.25;6
"3-Multi";93;"Flies";9.74047619047619;6.93690476190476;2.80357142857143;26;13;13;0.320104703456015;0.0710814354685529;0.00423010535917061;0.0125754416435519;0.101712674424647;0.5;4
"3-Multi";94;"Flower_beetles";24.6628787878788;19.7485930735931;4.91428571428571;64;32;32;0.860404111050502;0.475425356920542;1;1;0.229527527264776;0.75;6
"3-Multi";95;"House_flies";13.552380952381;6.08452380952381;7.46785714285714;28;14;14;0.204741808579409;0.0881999161069176;0.00370727835155085;0.00300179513555648;1;1;4
"3-Multi";96;"Hoverflies";23.5107142857143;16.0428571428571;7.46785714285714;62;31;31;0.691797066292993;0.793909762789296;0.187088442096704;0.139042958186635;0.723710670629212;1;6
"3-Multi";97;"Humbleflies";12.15;11.15;1;36;18;18;0.469023156706965;0.0160628099894621;0.000805100812279541;5.68530803316112e-06;0.00355768979459461;0.25;6
"3-Multi";98;"Small_beetles";9.35281385281385;5.20638528138528;4.14642857142857;30;15;15;0.210269841098784;0.065953720969891;0.0295987087103941;0.0501847573180072;0.140509028218624;0.75;6
"3-Multi";99;"Small_flies";30.7679653679654;23.3001082251082;7.46785714285714;82;41;41;1;1;0.162775687479805;0.127305895119635;0.752439045923363;1;6
"4-Multi";1;"A1 LEMA";1.27874125874126;0.278741258741259;1;6;3;3;0.0651497497562453;0.0222440011097378;0.246465167899103;3.37489237639974e-05;0.0690972290684571;0.25;6
"4-Multi";2;"A2 CHFU";1.26923076923077;0.269230769230769;1;2;1;1;0.0780993666011644;0.00894564150526267;0.00298338228659544;6.71887355956967e-05;0.0252835457132882;0.25;2
"4-Multi";3;"A2 LEMA";1.17384615384615;0.173846153846154;1;4;2;2;0.0606706944951476;0.0310220216873706;0.335788048358884;6.18491151791079e-05;0.111191613623129;0.25;4
"4-Multi";4;"A2 PUPA";1.33333333333333;0.333333333333333;1;2;1;1;0.0590015704121444;0.00733503348519206;5.08567361901073e-05;0.000627799451868201;0.0255143271937997;0.25;2
"4-Multi";5;"A3 CHFU";1.11538461538462;0.115384615384615;1;4;2;2;0.0569263501285025;0.0125106552322505;0.00607814090650556;0.000274990653534373;0.0608714914785219;0.25;4
"4-Multi";6;"A3 LEMA";2.12955465587045;1.12955465587045;1;6;3;3;0.0790140393014877;0.0462739040607169;0.0601913491828046;0.000121641801487715;0.160250310683453;0.25;4
"4-Multi";7;"A4 CHFU";1.08012820512821;0.0801282051282051;1;4;2;2;0.0561583674837762;0.00943714536825721;0.0134610683442564;0.000118912592406376;0.0632755435282952;0.25;4
"4-Multi";8;"A4 LEMA";1.16285714285714;0.162857142857143;1;4;2;2;0.0555655676169739;0.0153311012552101;0.41925543212116;1.80578725390383e-05;0.0941498113599144;0.25;4
"4-Multi";9;"A5 CHFU";1.12179487179487;0.121794871794872;1;4;2;2;0.0653287797547901;0.017596341950005;0.0169536303634767;0.000228226794013372;0.0759395427999642;0.25;4
"4-Multi";10;"A5 LEMA";1.19384615384615;0.193846153846154;1;4;2;2;0.0658569649348214;0.0346131868255118;0.452851276691625;6.19478732970645e-05;0.0979334593633713;0.25;4
"4-Multi";11;"A6 CHFU";1.15705128205128;0.157051282051282;1;6;3;3;0.0660967623995137;0.0206698518140311;0.0120316787383095;0.000384304855141358;0.0743368414334486;0.25;4
"4-Multi";12;"B1 CHFU";1.04166666666667;0.0416666666666667;1;2;1;1;0.0509731322523772;0.00815919658177349;0.0239387544019173;0.000109314201606998;0.101267541343302;0.25;2
"4-Multi";13;"B2 CHFU";1.23076923076923;0.230769230769231;1;4;2;2;0.0724820558227032;0.0163445015916297;0.00422128573455955;0.000303785825932529;0.0395187240193817;0.25;4
"4-Multi";14;"B2 LEMA";1.31137283768863;0.311372837688627;1;6;3;3;0.0670436149780733;0.0307708444983173;0.0647799365583699;8.48996870841981e-05;0.0908566102797796;0.25;6
"4-Multi";15;"B2 PUPA";1.19349845201238;0.193498452012384;1;4;2;2;0.0833887765942995;0.00279489731397655;9.51247450788145e-06;9.02364532611626e-05;0.00958802039859784;0.25;4
"4-Multi";16;"B3 CHFU";1.07692307692308;0.0769230769230769;1;2;1;1;0.051741114897102;0.0112327064457868;0.00917289952641567;0.000265392262734988;0.0964594372437556;0.25;2
"4-Multi";17;"B3 LEMA";1.24354066985646;0.243540669856459;1;6;3;3;0.0804741614903191;0.032542538065924;0.591083414840391;5.31308055856775e-05;0.0680360718747758;0.25;6
"4-Multi";18;"B3 PUPA";1.6025824964132;0.602582496413199;1;6;3;3;0.0903194101244667;0.00209270339741219;4.31277014380158e-06;2.25999560334778e-05;0.00740757672790781;0.25;4
"4-Multi";19;"B4 CHFU";1.04166666666667;0.0416666666666667;1;2;1;1;0.0509731322523758;0.00815919658177919;0.0239387544019173;0.000109314201606996;0.101267541343302;0.25;2
"4-Multi";20;"B4 LEMA";1.30075187969925;0.300751879699248;1;4;2;2;0.071619704161801;0.048093961697258;0.0665925028833029;0.000171707678735544;0.141432547605974;0.25;4
"4-Multi";21;"B4 PUPA";1.0832137733142;0.0832137733142037;1;4;2;2;0.068347569785129;0.00075026961376878;3.61664197550068e-06;6.35260814055184e-06;0.00200023062813717;0.25;4
"4-Multi";22;"B5 CHFU";1.19871794871795;0.198717948717949;1;6;3;3;0.0752671746705282;0.0288290483957927;0.0150084476542114;0.000493619056748349;0.0810695164109121;0.25;4
"4-Multi";23;"B5 LEMA";1.63451811346548;0.634518113465482;1;8;4;4;0.111787587205197;0.0802584273535641;0.396465798331046;0.000191548077304115;0.0933569816594244;0.25;6
"4-Multi";24;"B5 ME";3;2;1;4;2;2;0.158863379780463;0.329995220097337;0.000960659304944757;0.0202682357518469;0.197510888321695;0.25;2
"4-Multi";25;"B5 PUPA";1.02439024390244;0.024390243902439;1;2;1;1;0.0508763894743557;0.000245806592930694;4.57127612409465e-06;1.74476299374171e-06;0.00223554575332006;0.25;2
"4-Multi";26;"B6 CHFU";1.04166666666667;0.0416666666666667;1;2;1;1;0.0509731322523735;0.00815919658177318;0.0239387544019173;0.000109314201606998;0.101267541343302;0.25;2
"4-Multi";27;"B6 LEMA";1.02;0.02;1;2;1;1;0.0469889904210356;0.00359116513813521;0.804040961689848;9.8758117969618e-08;0.0581589965840996;0.25;2
"4-Multi";28;"B6 PUPA";1.02941176470588;0.0294117647058824;1;2;1;1;0.0505383101367494;0.000252231510426057;3.13932490116654e-06;2.30392257341452e-06;0.00188257306554573;0.25;2
"4-Multi";29;"C1 LEMA";1.09090909090909;0.0909090909090909;1;2;1;1;0.0474626736304384;0.00246870384849971;0.040079059106582;1.38749355773757e-06;0.0402609987735429;0.25;2
"4-Multi";30;"C2 CHFU";1.07692307692308;0.0769230769230769;1;2;1;1;0.0517411148971003;0.0112327064457796;0.00917289952641568;0.000265392262734991;0.0964594372437556;0.25;2
"4-Multi";31;"C2 LEMA";1.44332088963668;0.443320889636679;1;10;5;5;0.090705320283634;0.0544067373194933;0.433709304554845;0.000101866340419355;0.0857427568522129;0.25;6
"4-Multi";32;"C2 PUPA";1.05380200860832;0.0538020086083214;1;4;2;2;0.059611979629746;0.000498038103343068;3.85530051266632e-06;4.04868556714957e-06;0.00205905940943289;0.25;4
"4-Multi";33;"C3 CHFU";1.61858974358974;0.618589743589744;1;6;3;3;0.0831993995263079;0.0471260119430208;0.0119055713017419;0.00098506915395415;0.0979110871933978;0.25;4
"4-Multi";34;"C3 LEMA";1.12;0.12;1;2;1;1;0.0729203426194104;0.0215469908288788;0.804040961689847;5.92548707740189e-07;0.0581589965840996;0.25;2
"4-Multi";35;"C3 PUPA";1.39247149437439;0.392471494374386;1;6;3;3;0.145520436625652;0.00528883826295426;7.83851901683884e-06;0.000142367373994005;0.00687496399259046;0.25;6
"4-Multi";36;"C4 CHFU";1.04166666666667;0.0416666666666667;1;2;1;1;0.0509731322523732;0.00815919658178152;0.0239387544019173;0.000109314201606995;0.101267541343302;0.25;2
"4-Multi";37;"C4 LEMA";1.45166097060834;0.451660970608339;1;8;4;4;0.0928384691299057;0.0613361609601926;0.339821494463667;0.000173391446647138;0.0975585223687174;0.25;6
"4-Multi";38;"C4 PUPA";1.05380200860832;0.0538020086083214;1;4;2;2;0.0596119796297449;0.000498038103344837;3.8553005126031e-06;4.04868556714892e-06;0.00205905940943289;0.25;4
"4-Multi";39;"C5 ME";2;1;1;2;1;1;0.0608272369576178;0.016320940590418;3.44934234528636e-05;0.00019074652769575;0.271688614540995;0.25;2
"4-Multi";40;"C5 PUPA";1.23529411764706;0.235294117647059;1;2;1;1;0.111687441224463;0.00201785208329527;3.13932490117266e-06;1.84313805872737e-05;0.00188257306554573;0.25;2
"4-Multi";41;"C6 CHFU";1.23397435897436;0.233974358974359;1;4;2;2;0.076899308409376;0.0145489405141044;0.00647594430581582;0.000157306155603916;0.0379475449849572;0.25;4
"4-Multi";42;"C6 PUPA";1.02439024390244;0.024390243902439;1;2;1;1;0.0508763894743562;0.000245806592938547;4.57127612409845e-06;1.74476299373922e-06;0.00223554575332006;0.25;2
"4-Multi";43;"D1 CHFU";1.23076923076923;0.230769230769231;1;2;1;1;0.0716179047285829;0.0336981193373548;0.00917289952641574;0.000796176788204945;0.0964594372437556;0.25;2
"4-Multi";44;"D1 LEMA";1.14526315789474;0.145263157894737;1;4;2;2;0.0663355321837146;0.0314183473297445;0.440670499008381;0.000102696559112232;0.101677759006745;0.25;4
"4-Multi";45;"D2 CHFU";2.11858974358974;1.11858974358974;1;6;3;3;0.0950178290012099;0.0307256108550372;0.0111272995662135;0.00184170437043775;0.0794993220230579;0.25;4
"4-Multi";46;"D2 LEMA";1.29076923076923;0.290769230769231;1;4;2;2;0.0778840874115518;0.0519197802382496;0.452851276691625;9.29218099455986e-05;0.0979334593633713;0.25;4
"4-Multi";47;"D2 PUPA";1.16140602582496;0.161406025824964;1;4;2;2;0.095230498926507;0.0014941143100219;3.85530051261398e-06;1.21460567014296e-05;0.00205905940943289;0.25;4
"4-Multi";48;"D3 CHFU";1.04166666666667;0.0416666666666667;1;2;1;1;0.0509731322523753;0.00815919658175816;0.0239387544019173;0.000109314201607003;0.101267541343302;0.25;2
"4-Multi";49;"D3 LEMA";1.02;0.02;1;2;1;1;0.0469889904210385;0.0035911651381413;0.804040961689848;9.87581179672994e-08;0.0581589965840996;0.25;2
"4-Multi";50;"D3 PUPA";1.80935840318156;0.809358403181555;1;8;4;4;0.15002549808613;0.0140826418288895;1.2473401238635e-05;0.00519091570302402;0.0138945473085346;0.25;6
"4-Multi";51;"D4 LEMA";1.09692307692308;0.0969230769230769;1;4;2;2;0.0538298424580933;0.0173065934127571;0.452851276691625;3.09739366485378e-05;0.0979334593633713;0.25;4
"4-Multi";52;"D4 PUPA";1.07317073170732;0.0731707317073171;1;2;1;1;0.0690237284603424;0.00073741977880672;4.57127612414186e-06;5.23428898119909e-06;0.00223554575332006;0.25;2
"4-Multi";53;"D5 CHFU";1.62179487179487;0.621794871794872;1;6;3;3;0.0796109864489386;0.0257816225430313;0.0129057157594522;0.000262733854427258;0.0893176933112085;0.25;4
"4-Multi";54;"D5 LEMA";1.02;0.02;1;2;1;1;0.0469889904210328;0.00359116513815972;0.804040961689847;9.87581179614962e-08;0.0581589965840996;0.25;2
"4-Multi";55;"D5 PUPA";1.10141206675225;0.101412066752246;1;4;2;2;0.0676397020407363;0.00151071457723209;9.40491705536938e-06;4.51518687579366e-05;0.00853909430160538;0.25;4
"4-Multi";56;"D6 CHFU";1.07692307692308;0.0769230769230769;1;2;1;1;0.0517411148970995;0.011232706445802;0.00917289952641576;0.000265392262734984;0.0964594372437556;0.25;2
"4-Multi";57;"D6 LEMA";1.02;0.02;1;2;1;1;0.0469889904210362;0.0035911651381386;0.804040961689848;9.87581179677628e-08;0.0581589965840996;0.25;2
"4-Multi";58;"D6 PUPA";2.57678270281155;1.57678270281155;1;10;5;5;0.151360639673863;0.0116092986684144;4.78848668096854e-06;0.00609495549450722;0.00530012508362419;0.25;6
"4-Multi";59;"E1 CHFU";1.15384615384615;0.153846153846154;1;2;1;1;0.0625436609069637;0.00511179514583837;0.00298338228659548;3.83935631975545e-05;0.0252835457132882;0.25;2
"4-Multi";60;"E1 LEMA";1.02;0.02;1;2;1;1;0.0469889904210362;0.00359116513813892;0.804040961689848;9.87581179678432e-08;0.0581589965840996;0.25;2
"4-Multi";61;"E1 PUPA";1.74368848951647;0.743688489516474;1;6;3;3;0.0929637334093093;0.0159349749547129;3.13392368555775e-05;0.00129900600950058;0.0186025978847739;0.25;4
"4-Multi";62;"E2 CHFU";1.07692307692308;0.0769230769230769;1;2;1;1;0.0517411148971011;0.0112327064457878;0.00917289952641573;0.000265392262734988;0.0964594372437556;0.25;2
"4-Multi";63;"E2 LEMA";2.07263157894737;1.07263157894737;1;6;3;3;0.102334603778635;0.0270801630883831;0.296156302957997;0.000177645885261406;0.080632803648623;0.25;4
"4-Multi";64;"E2 ME";2;1;1;4;2;2;0.114259724531781;0.0845549913888115;0.000171033565529922;0.0394220865378022;0.122254592028296;0.25;2
"4-Multi";65;"E2 PUPA";1.54878048780488;0.548780487804878;1;4;2;2;0.0725101504760851;0.00159466529408157;4.61774989792268e-06;1.85512704663441e-05;0.0109732549402244;0.25;4
"4-Multi";66;"E3 CHFU";1.04166666666667;0.0416666666666667;1;2;1;1;0.050973132252372;0.00815919658177456;0.0239387544019173;0.000109314201606998;0.101267541343302;0.25;2
"4-Multi";67;"E3 LEMA";1.02;0.02;1;2;1;1;0.0469889904210378;0.00359116513812716;0.804040961689847;9.87581179717891e-08;0.0581589965840996;0.25;2
"4-Multi";68;"E3 PUPA";1.1025824964132;0.102582496413199;1;4;2;2;0.0777593186157298;0.000989651289208046;4.21328831838922e-06;7.53821155461021e-06;0.00214730258137648;0.25;4
"4-Multi";69;"E4 CHFU";1.58333333333333;0.583333333333333;1;4;2;2;0.0824314168815827;0.0440525020789783;0.0168275229269091;0.000828991092826169;0.0995137885599134;0.25;4
"4-Multi";70;"E4 LEMA";1.19548872180451;0.195488721804511;1;4;2;2;0.0574594328387986;0.0238579446437894;0.0558849694396926;6.92086358592406e-05;0.137668573782559;0.25;4
"4-Multi";71;"E5 CHFU";1.54166666666667;0.541666666666667;1;4;2;2;0.0652553389465244;0.0163444771747821;0.0123503631746478;0.000143821262020888;0.115359843094122;0.25;4
"4-Multi";72;"E5 LEMA";1.02;0.02;1;2;1;1;0.0469889904210335;0.0035911651381595;0.804040961689848;9.87581179618978e-08;0.0581589965840996;0.25;2
"4-Multi";73;"E5 PUPA";1.05263157894737;0.0526315789473684;1;2;1;1;0.0494923630547513;0.00101910139135826;1.90721989179448e-05;4.16623427704787e-05;0.021146191398176;0.25;2
"4-Multi";74;"E6 LEMA";1.02;0.02;1;2;1;1;0.0469889904210381;0.00359116513816114;0.804040961689847;9.87581179600282e-08;0.0581589965840996;0.25;2
"4-Multi";75;"E6 ME";1.5;0.5;1;2;1;1;0.0616780685619145;0.0341185723081079;0.000333044273663186;0.00233503937586232;0.16911693793325;0.25;2
"4-Multi";76;"E6 PUPA";1.02941176470588;0.0294117647058824;1;2;1;1;0.0505383101367476;0.000252231510397439;3.13932490113674e-06;2.30392257342285e-06;0.00188257306554573;0.25;2
"4-Multi";77;"F1 LEMA";1.09090909090909;0.0909090909090909;1;2;1;1;0.0474626736304389;0.00246870384849444;0.040079059106582;1.38749355774094e-06;0.0402609987735429;0.25;2
"4-Multi";78;"F1 PUPA";1.07317073170732;0.0731707317073171;1;2;1;1;0.0690237284603389;0.000737419778813481;4.57127612417439e-06;5.2342889811964e-06;0.00223554575332006;0.25;2
"4-Multi";79;"F2 LEMA";1.09692307692308;0.0969230769230769;1;4;2;2;0.0538298424580919;0.0173065934127719;0.452851276691625;3.09739366485328e-05;0.0979334593633713;0.25;4
"4-Multi";80;"F2 PUPA";1.38211382113821;0.382113821138211;1;4;2;2;0.0787268162616462;0.00644446906844878;3.29892421175606e-06;0.00489467145848396;0.00498202726136399;0.25;4
"4-Multi";81;"F3 CHFU";1.04166666666667;0.0416666666666667;1;2;1;1;0.0509731322523759;0.00815919658176055;0.0239387544019174;0.000109314201607002;0.101267541343302;0.25;2
"4-Multi";82;"F3 LEMA";1.05263157894737;0.0526315789473684;1;2;1;1;0.0488828556428598;0.0121180085267357;0.0773000363269132;5.12495214381629e-05;0.14519652142939;0.25;2
"4-Multi";83;"F3 PUPA";2.13467492260062;1.13467492260062;1;6;3;3;0.0967809841646522;0.0254298756577689;3.84546747073867e-05;0.00157156589045665;0.017302575870361;0.25;4
"4-Multi";84;"F4 CHFU";1.04166666666667;0.0416666666666667;1;2;1;1;0.050973132252377;0.0081591965817664;0.0239387544019174;0.000109314201607001;0.101267541343302;0.25;2
"4-Multi";85;"F4 LEMA";1.21090909090909;0.210909090909091;1;4;2;2;0.0785802962684925;0.0240156946773348;0.694903547035095;1.98004226548156e-06;0.05560213975402;0.25;4
"4-Multi";86;"F4 PUPA";1.12580231065469;0.125802310654686;1;4;2;2;0.0767133715337319;0.00175652117018119;8.19650682256496e-06;4.68966317516623e-05;0.00696320716453405;0.25;4
"4-Multi";87;"F5 ME";1.5;0.5;1;2;1;1;0.0943843759512246;0.0504364190807328;9.02285739664312e-06;0.0370870471619399;0.075392246123343;0.25;2
"4-Multi";88;"F5 PUPA";1.05882352941176;0.0588235294117647;1;2;1;1;0.0592739002921379;0.000504463020835303;3.139324901166e-06;4.60784514682234e-06;0.00188257306554573;0.25;2
"4-Multi";89;"F6 CHFU";1.08333333333333;0.0833333333333333;1;2;1;1;0.0601435445233903;0.0163183931635276;0.0239387544019174;0.000218628403213992;0.101267541343302;0.25;2
"4-Multi";90;"F6 LEMA";1.05263157894737;0.0526315789473684;1;2;1;1;0.0488828556428619;0.0121180085267399;0.0773000363269132;5.12495214381617e-05;0.14519652142939;0.25;2
"4-Multi";91;"Bees";18.4508658008658;10.9830086580087;7.46785714285714;54;27;27;0.55974688009364;0.359008537411351;0.0766224525578352;0.0465481557287174;0.66365559578044;1;6
"4-Multi";92;"Butterflies";9.28333333333333;8.28333333333333;1;30;15;15;0.380775646201368;0.0136685484244472;0.000881610519750635;3.90438656385576e-06;0.00299510293630916;0.25;6
"4-Multi";93;"Flies";9.74047619047619;6.93690476190476;2.80357142857143;26;13;13;0.320104703456015;0.0710814354685529;0.00423010535917061;0.0125754416435519;0.101712674424647;0.5;4
"4-Multi";94;"Flower_beetles";24.6628787878788;19.7485930735931;4.91428571428571;64;32;32;0.860404111050502;0.475425356920542;1;1;0.229527527264776;0.75;6
"4-Multi";95;"House_flies";13.552380952381;6.08452380952381;7.46785714285714;28;14;14;0.204741808579409;0.0881999161069176;0.00370727835155085;0.00300179513555648;1;1;4
"4-Multi";96;"Hoverflies";23.5107142857143;16.0428571428571;7.46785714285714;62;31;31;0.691797066292993;0.793909762789296;0.187088442096704;0.139042958186635;0.723710670629212;1;6
"4-Multi";97;"Humbleflies";12.15;11.15;1;36;18;18;0.469023156706965;0.0160628099894621;0.000805100812279541;5.68530803316112e-06;0.00355768979459461;0.25;6
"4-Multi";98;"Small_beetles";9.35281385281385;5.20638528138528;4.14642857142857;30;15;15;0.210269841098784;0.065953720969891;0.0295987087103941;0.0501847573180072;0.140509028218624;0.75;6
"4-Multi";99;"Small_flies";30.7679653679654;23.3001082251082;7.46785714285714;82;41;41;1;1;0.162775687479805;0.127305895119635;0.752439045923363;1;6
"Aggr";1;"A1 LEMA";1.27874125874126;0.278741258741259;1;6;3;3;0.0452510606669391;1;0.240371234114385;0;0.318078819474513;0;6
"Aggr";2;"A2 CHFU";1.26923076923077;0.269230769230769;1;2;1;1;0.0502471941989928;1;0.109572533792954;0;0.157327095111437;0;2
"Aggr";3;"A2 LEMA";1.17384615384615;0.173846153846154;1;4;2;2;0.0469326297624214;1;0.367095046764368;0;0.434443595918204;0;4
"Aggr";4;"A2 PUPA";1.33333333333333;0.333333333333333;1;2;1;1;0.0691050571131875;1;0.25184484776848;0;0.543181533737515;0;2
"Aggr";5;"A3 CHFU";1.11538461538462;0.115384615384615;1;4;2;2;0.0346074757484491;1;0.180708690780717;0;0.350254314424476;0;4
"Aggr";6;"A3 LEMA";2.12955465587045;1.12955465587045;1;6;3;3;0.0731707532619201;1;0.429545130727406;0;0.509503926347322;0;6
"Aggr";7;"A4 CHFU";1.08012820512821;0.0801282051282051;1;4;2;2;0.0317445262762223;1;0.554786266896477;0;0.339083123863632;0;4
"Aggr";8;"A4 LEMA";1.16285714285714;0.162857142857143;1;4;2;2;0.0476164696171464;1;0.364123251966144;0;0.335870852738244;0;4
"Aggr";9;"A5 CHFU";1.12179487179487;0.121794871794872;1;4;2;2;0.040598692942889;1;0.703190844597652;0;0.399668466781031;0;4
"Aggr";10;"A5 LEMA";1.19384615384615;0.193846153846154;1;4;2;2;0.0521001400690732;1;0.424720146262312;0;0.380074627008549;0;4
"Aggr";11;"A6 CHFU";1.15705128205128;0.157051282051282;1;6;3;3;0.0434616424151157;1;0.453805793853811;0;0.407115927154927;0;6
"Aggr";12;"B1 CHFU";1.04166666666667;0.0416666666666667;1;2;1;1;0.0271850538446495;1;1;0;0.520839152615828;0;2
"Aggr";13;"B2 CHFU";1.23076923076923;0.230769230769231;1;4;2;2;0.0482858930431676;1;0.138026996588059;0;0.234497982836653;0;4
"Aggr";14;"B2 LEMA";1.31137283768863;0.311372837688627;1;6;3;3;0.0512677608866031;1;0.340972372925348;0;0.394046677558575;0;6
"Aggr";15;"B2 PUPA";1.19349845201238;0.193498452012384;1;4;2;2;0.0906020421968897;1;0.0662319220391257;0;0.197884553189201;0;4
"Aggr";16;"B3 CHFU";1.07692307692308;0.0769230769230769;1;2;1;1;0.0300480033168762;1;0.25184484776848;0;0.543181533737515;0;2
"Aggr";17;"B3 LEMA";1.24354066985646;0.243540669856459;1;6;3;3;0.0603704227592631;1;0.577714220821026;0;0.265965823707745;0;6
"Aggr";18;"B3 PUPA";1.6025824964132;0.602582496413199;1;6;3;3;0.10682452459555;1;0.0370637305021336;0;0.116707348312362;0;6
"Aggr";19;"B4 CHFU";1.04166666666667;0.0416666666666667;1;2;1;1;0.0271850538446495;1;1;0;0.520839152615828;0;2
"Aggr";20;"B4 LEMA";1.30075187969925;0.300751879699248;1;4;2;2;0.0760015908894419;1;0.782662764794035;0;0.504322860761098;0;4
"Aggr";21;"B4 PUPA";1.0832137733142;0.0832137733142037;1;4;2;2;0.0727834230662164;1;0.029439695685463;0;0.0280189231252052;0;4
"Aggr";22;"B5 CHFU";1.19871794871795;0.198717948717949;1;6;3;3;0.0523158090817824;1;0.590354345390358;0;0.435546733520152;0;6
"Aggr";23;"B5 LEMA";1.63451811346548;0.634518113465482;1;8;4;4;0.130974988076918;1;0.57320924219086;0;0.346635185598153;0;6
"Aggr";24;"B5 ME";3;2;1;4;2;2;0.383153396983597;1;0.62592242388424;0;0.532010343176672;0;4
"Aggr";25;"B5 PUPA";1.02439024390244;0.024390243902439;1;2;1;1;0.0364501270836175;1;0.0417474258274936;0;0.0308069056741527;0;2
"Aggr";26;"B6 CHFU";1.04166666666667;0.0416666666666667;1;2;1;1;0.0271850538446495;1;1;0;0.520839152615828;0;2
"Aggr";27;"B6 LEMA";1.02;0.02;1;2;1;1;0.0234983974846346;1;0.597595444756145;0;0.216967720279582;0;2
"Aggr";28;"B6 PUPA";1.02941176470588;0.0294117647058824;1;2;1;1;0.0364975351692822;1;0.0232858306144476;0;0.0266249318507314;0;2
"Aggr";29;"C1 LEMA";1.09090909090909;0.0909090909090909;1;2;1;1;0.0233486606996884;1;0.0560223219664565;0;0.256083011940478;0;2
"Aggr";30;"C2 CHFU";1.07692307692308;0.0769230769230769;1;2;1;1;0.0300480033168762;1;0.25184484776848;0;0.543181533737515;0;2
"Aggr";31;"C2 LEMA";1.44332088963668;0.443320889636679;1;10;5;5;0.0910381007240165;1;0.478612500991957;0;0.330343570576132;0;6
"Aggr";32;"C2 PUPA";1.05380200860832;0.0538020086083214;1;4;2;2;0.0546167750749169;1;0.0325166282209706;0;0.028715918762442;0;4
"Aggr";33;"C3 CHFU";1.61858974358974;0.618589743589744;1;6;3;3;0.123315422447334;1;0.460831968981541;0;0.50626489051675;0;6
"Aggr";34;"C3 LEMA";1.12;0.12;1;2;1;1;0.0493359490178935;1;0.597595444756145;0;0.216967720279582;0;2
"Aggr";35;"C3 PUPA";1.39247149437439;0.392471494374386;1;6;3;3;0.208203087153202;1;0.0593579353613944;0;0.135753182098986;0;6
"Aggr";36;"C4 CHFU";1.04166666666667;0.0416666666666667;1;2;1;1;0.0271850538446495;1;1;0;0.520839152615828;0;2
"Aggr";37;"C4 LEMA";1.45166097060834;0.451660970608339;1;8;4;4;0.0965218953311029;1;0.622432464426379;0;0.365534701977952;0;6
"Aggr";38;"C4 PUPA";1.05380200860832;0.0538020086083214;1;4;2;2;0.0546167750749169;1;0.0325166282209707;0;0.028715918762442;0;4
"Aggr";39;"C5 ME";2;1;1;2;1;1;0.0502694265967109;1;0.0367905444137385;0;0.464491092688621;0;2
"Aggr";40;"C5 PUPA";1.23529411764706;0.235294117647059;1;2;1;1;0.163664071108378;1;0.0232858306144476;0;0.0266249318507314;0;2
"Aggr";41;"C6 CHFU";1.23397435897436;0.233974358974359;1;4;2;2;0.0499824160025138;1;0.257977111494129;0;0.217912438028835;0;4
"Aggr";42;"C6 PUPA";1.02439024390244;0.024390243902439;1;2;1;1;0.0364501270836175;1;0.0417474258274936;0;0.0308069056741527;0;2
"Aggr";43;"D1 CHFU";1.23076923076923;0.230769230769231;1;2;1;1;0.053482235594663;1;0.25184484776848;0;0.543181533737515;0;2
"Aggr";44;"D1 LEMA";1.14526315789474;0.145263157894737;1;4;2;2;0.051034328843918;1;0.798797722378073;0;0.368903436447705;0;4
"Aggr";45;"D2 CHFU";2.11858974358974;1.11858974358974;1;6;3;3;0.094097678722304;1;0.435955723244979;0;0.440034566097941;0;6
"Aggr";46;"D2 LEMA";1.29076923076923;0.290769230769231;1;4;2;2;0.0689847665146183;1;0.424720146262313;0;0.380074627008549;0;4
"Aggr";47;"D2 PUPA";1.16140602582496;0.161406025824964;1;4;2;2;0.127188550868785;1;0.0325166282209707;0;0.028715918762442;0;4
"Aggr";48;"D3 CHFU";1.04166666666667;0.0416666666666667;1;2;1;1;0.0271850538446495;1;1;0;0.520839152615828;0;2
"Aggr";49;"D3 LEMA";1.02;0.02;1;2;1;1;0.0234983974846346;1;0.597595444756145;0;0.216967720279582;0;2
"Aggr";50;"D3 PUPA";1.80935840318156;0.809358403181555;1;8;4;4;0.239227073406911;1;0.136851614322752;0;0.292937440975641;0;6
"Aggr";51;"D4 LEMA";1.09692307692308;0.0969230769230769;1;4;2;2;0.035215513623528;1;0.424720146262312;0;0.380074627008549;0;4
"Aggr";52;"D4 PUPA";1.07317073170732;0.0731707317073171;1;2;1;1;0.0726886068948869;1;0.0417474258274939;0;0.0308069056741527;0;2
"Aggr";53;"D5 CHFU";1.62179487179487;0.621794871794872;1;6;3;3;0.056567962652253;1;0.536590769551673;0;0.415874123257928;0;6
"Aggr";54;"D5 LEMA";1.02;0.02;1;2;1;1;0.0234983974846346;1;0.597595444756145;0;0.216967720279582;0;2
"Aggr";55;"D5 PUPA";1.10141206675225;0.101412066752246;1;4;2;2;0.0634549725117565;1;0.0713819702770434;0;0.17212926551507;0;4
"Aggr";56;"D6 CHFU";1.07692307692308;0.0769230769230769;1;2;1;1;0.0300480033168762;1;0.25184484776848;0;0.543181533737515;0;2
"Aggr";57;"D6 LEMA";1.02;0.02;1;2;1;1;0.0234983974846346;1;0.597595444756145;0;0.216967720279582;0;2
"Aggr";58;"D6 PUPA";2.57678270281155;1.57678270281155;1;10;5;5;0.29556148489888;1;0.100265442583902;0;0.112674516184235;0;6
"Aggr";59;"E1 CHFU";1.15384615384615;0.153846153846154;1;2;1;1;0.0365687769042743;1;0.109572533792954;0;0.157327095111437;0;2
"Aggr";60;"E1 LEMA";1.02;0.02;1;2;1;1;0.0234983974846346;1;0.597595444756145;0;0.216967720279582;0;2
"Aggr";61;"E1 PUPA";1.74368848951647;0.743688489516474;1;6;3;3;0.146884072476531;1;0.169022045135149;0;0.392985989586523;0;6
"Aggr";62;"E2 CHFU";1.07692307692308;0.0769230769230769;1;2;1;1;0.0300480033168762;1;0.25184484776848;0;0.543181533737515;0;2
"Aggr";63;"E2 LEMA";2.07263157894737;1.07263157894737;1;6;3;3;0.153228891231845;1;0.5690559928497;0;0.298377989335615;0;6
"Aggr";64;"E2 ME";2;1;1;4;2;2;0.231931897308068;1;0.364123251966144;0;0.335870852738244;0;4
"Aggr";65;"E2 PUPA";1.54878048780488;0.548780487804878;1;4;2;2;0.0705386366986162;1;0.0400951320229086;0;0.175368301345642;0;4
"Aggr";66;"E3 CHFU";1.04166666666667;0.0416666666666667;1;2;1;1;0.0271850538446495;1;1;0;0.520839152615828;0;2
"Aggr";67;"E3 LEMA";1.02;0.02;1;2;1;1;0.0234983974846346;1;0.597595444756145;0;0.216967720279582;0;2
"Aggr";68;"E3 PUPA";1.1025824964132;0.102582496413199;1;4;2;2;0.0908552548861863;1;0.0371320270242323;0;0.0297614122182974;0;4
"Aggr";69;"E4 CHFU";1.58333333333333;0.583333333333333;1;4;2;2;0.120452472975107;1;0.710217019725381;0;0.498817430142854;0;4
"Aggr";70;"E4 LEMA";1.19548872180451;0.195488721804511;1;4;2;2;0.0536331698368103;1;0.565325529588071;0;0.487806568906367;0;4
"Aggr";71;"E5 CHFU";1.54166666666667;0.541666666666667;1;4;2;2;0.0431543235540135;1;0.518395272206869;0;0.492665122652225;0;4
"Aggr";72;"E5 LEMA";1.02;0.02;1;2;1;1;0.0234983974846346;1;0.597595444756145;0;0.216967720279582;0;2
"Aggr";73;"E5 PUPA";1.05263157894737;0.0526315789473684;1;2;1;1;0.0272164927004871;1;0.130651059176142;0;0.454773985196906;0;2
"Aggr";74;"E6 LEMA";1.02;0.02;1;2;1;1;0.0234983974846346;1;0.597595444756145;0;0.216967720279582;0;2
"Aggr";75;"E6 ME";1.5;0.5;1;2;1;1;0.102744139641774;1;0.130651059176142;0;0.454773985196906;0;2
"Aggr";76;"E6 PUPA";1.02941176470588;0.0294117647058824;1;2;1;1;0.0364975351692822;1;0.0232858306144476;0;0.0266249318507314;0;2
"Aggr";77;"F1 LEMA";1.09090909090909;0.0909090909090909;1;2;1;1;0.0233486606996884;1;0.0560223219664563;0;0.256083011940478;0;2
"Aggr";78;"F1 PUPA";1.07317073170732;0.0731707317073171;1;2;1;1;0.0726886068948868;1;0.0417474258274937;0;0.0308069056741527;0;2
"Aggr";79;"F2 LEMA";1.09692307692308;0.0969230769230769;1;4;2;2;0.035215513623528;1;0.424720146262312;0;0.380074627008549;0;4
"Aggr";80;"F2 PUPA";1.38211382113821;0.382113821138211;1;4;2;2;0.140694538766782;1;0.227030098803711;0;0.0928605105426291;0;4
"Aggr";81;"F3 CHFU";1.04166666666667;0.0416666666666667;1;2;1;1;0.0271850538446495;1;1;0;0.520839152615828;0;2
"Aggr";82;"F3 LEMA";1.05263157894737;0.0526315789473684;1;2;1;1;0.0295150977042986;1;1;0;0.520839152615828;0;2
"Aggr";83;"F3 PUPA";2.13467492260062;1.13467492260062;1;6;3;3;0.266768746214291;1;0.321146987241683;0;0.364253013715093;0;6
"Aggr";84;"F4 CHFU";1.04166666666667;0.0416666666666667;1;2;1;1;0.0271850538446495;1;1;0;0.520839152615828;0;2
"Aggr";85;"F4 LEMA";1.21090909090909;0.210909090909091;1;4;2;2;0.0543537225395991;1;0.52022785578619;0;0.222555619088281;0;4
"Aggr";86;"F4 PUPA";1.12580231065469;0.125802310654686;1;4;2;2;0.0815742124173912;1;0.063973334164656;0;0.136798675554841;0;4
"Aggr";87;"F5 ME";1.5;0.5;1;2;1;1;0.147518644844277;1;0.597595444756145;0;0.216967720279582;0;2
"Aggr";88;"F5 PUPA";1.05882352941176;0.0588235294117647;1;2;1;1;0.0546641831605817;1;0.0232858306144475;0;0.0266249318507314;0;2
"Aggr";89;"F6 CHFU";1.08333333333333;0.0833333333333333;1;2;1;1;0.0360392205113162;1;1;0;0.520839152615828;0;2
"Aggr";90;"F6 LEMA";1.05263157894737;0.0526315789473684;1;2;1;1;0.0295150977042986;1;1;0;0.520839152615828;0;2
"Aggr";91;"Bees";11.5151515151515;7.51515151515152;4;38;19;19;0.794477670247445;1;0;0.130651059176143;0.837239752121642;0;6
"Aggr";92;"Butterflies";9.28333333333333;8.28333333333333;1;30;15;15;0.726665919651976;1;0;0.0232858306144471;0.0490078963373145;0;6
"Aggr";93;"Flies";8.13333333333333;6.13333333333333;2;22;11;11;0.278932431107986;1;0;0.109572533792954;0.289633463290778;0;6
"Aggr";94;"Flower_beetles";20.8343073593074;17.8343073593074;3;56;28;28;0.911913583526784;1;0;0.597595444756149;0.399433170399822;0;6
"Aggr";95;"House_flies";6.61666666666667;2.61666666666667;4;12;6;6;0.150299009029309;1;0;0.0367905444137383;0.855129161455119;0;6
"Aggr";96;"Hoverflies";16.575;12.575;4;46;23;23;0.716811810849949;1;0;0.251844847768479;1;0;6
"Aggr";97;"Humbleflies";12.15;11.15;1;36;18;18;0.873986866036496;1;0;0.0417474258274927;0.0567070024357965;0;6
"Aggr";98;"Small_beetles";7.05995670995671;4.05995670995671;3;22;11;11;0.19480767790151;1;0;0.0560223219664565;0.471445285560298;0;6
"Aggr";99;"Small_flies";23.8322510822511;19.8322510822511;4;66;33;33;1;1;0;1;0.958867183293876;0;6
