"Layer";"Node";"Label";"Strength";"StrengthIn";"StrengthOut";"Degree";"DegreeIn";"DegreeOut";"PageRank";"Eigenvector";"Hub";"Authority";"Katz";"Multiplexity";"Kcore"
"1-Multi";1;"A1 LEMA";1.14285714285714;0.142857142857143;1;2;1;1;0.0438056115227959;1;0.0373732015084079;0;0.259700578878088;0.333333333333333;2
"1-Multi";2;"A5 LEMA";1.01587301587302;0.0158730158730159;1;2;1;1;0.0385230751381534;1;0.967932277926281;0;0.258043974853247;0.333333333333333;2
"1-Multi";3;"A6 CHFU";1.42857142857143;0.428571428571429;1;2;1;1;0.0982412399394248;1;0;0;1.91171888623737e-05;0.333333333333333;2
"1-Multi";4;"B1 LEMA";1.21356421356421;0.213564213564214;1;4;2;2;0.0594794584105727;1;0.515457426581371;0;0.165829491763288;0.333333333333333;4
"1-Multi";5;"B2 LEMA";1.03174603174603;0.0317460317460317;1;2;1;1;0.0434634650875642;1;0.967932277926281;0;0.258043974853247;0.333333333333333;2
"1-Multi";6;"B3 LEMA";1.12265512265512;0.122655122655123;1;4;2;2;0.0514714617489344;1;0.666282377029675;0;0.196567652793274;0.333333333333333;4
"1-Multi";7;"B5 LEMA";1.03174603174603;0.0317460317460317;1;2;1;1;0.0434634650877591;1;0.967932277926281;0;0.258043974853247;0.333333333333333;2
"1-Multi";8;"B6 LEMA";1.03174603174603;0.0317460317460317;1;2;1;1;0.0434634650875024;1;0.967932277926281;0;0.258043974853247;0.333333333333333;2
"1-Multi";9;"C1 LEMA";1.03174603174603;0.0317460317460317;1;2;1;1;0.0434634650876695;1;0.967932277926281;0;0.258043974853247;0.333333333333333;2
"1-Multi";10;"C3 CHFU";1.14285714285714;0.142857142857143;1;2;1;1;0.0551355367720971;1;0;0;1.91171888623737e-05;0.333333333333333;2
"1-Multi";11;"C3 LEMA";1.125;0.125;1;2;1;1;0.0421730034879592;1;0.0261739654411582;0;0.0712349869304087;0.333333333333333;2
"1-Multi";12;"C3 ME";2.72222222222222;1.72222222222222;1;6;3;3;0.168301008208973;1;0;0.0354015589219413;0.340465379333863;0.333333333333333;2
"1-Multi";13;"C4 LEMA";1.09090909090909;0.0909090909090909;1;2;1;1;0.0415906818497483;1;0.062982575236461;0;0.0736150086733287;0.333333333333333;2
"1-Multi";14;"C5 LEMA";1.01587301587302;0.0158730158730159;1;2;1;1;0.038523075138137;1;0.967932277926281;0;0.258043974853247;0.333333333333333;2
"1-Multi";15;"C6 LEMA";1.23015873015873;0.23015873015873;1;4;2;2;0.0618791704155898;1;0.784562801310515;0;0.222910073854941;0.333333333333333;4
"1-Multi";16;"D1 LEMA";1.04761904761905;0.0476190476190476;1;2;1;1;0.0484038550369891;1;0.967932277926281;0;0.258043974853247;0.333333333333333;2
"1-Multi";17;"D2 CHFU";2;1;1;2;1;1;0.0970166460996506;1;0;0;1.91171888623737e-05;0.333333333333333;2
"1-Multi";18;"D2 LEMA";2.04924242424242;1.04924242424242;1;8;4;4;0.119809295863711;1;0.288399603567083;0;0.156665729603753;0.333333333333333;4
"1-Multi";19;"D3 CHFU";1.28571428571429;0.285714285714286;1;2;1;1;0.0766883883559527;1;0;0;1.91171888623737e-05;0.333333333333333;2
"1-Multi";20;"D3 LEMA";1.2972582972583;0.297258297258297;1;6;3;3;0.0715751679821181;1;0.662014148074999;0;0.227581914494067;0.333333333333333;4
"1-Multi";21;"D4 ME";1.5;0.5;1;2;1;1;0.107534413670252;1;0;0.0308587008194139;0.317308473224483;0.333333333333333;2
"1-Multi";22;"D5 LEMA";1.17460317460317;0.174603174603175;1;4;2;2;0.0536863914214882;1;0.657745919120324;0;0.25859617619486;0.333333333333333;4
"1-Multi";23;"D6 LEMA";1.35209235209235;0.352092352092352;1;4;2;2;0.0823086249207235;1;0.628576139417599;0;0.188883112535777;0.333333333333333;4
"1-Multi";24;"E1 LEMA";1.26190476190476;0.261904761904762;1;4;2;2;0.0717599503139363;1;0.836954080343591;0;0.232948331283029;0.333333333333333;4
"1-Multi";25;"E2 CHFU";2;1;1;2;1;1;0.0970166460998883;1;0;0;1.91171888623737e-05;0.333333333333333;2
"1-Multi";26;"E2 LEMA";1.07936507936508;0.0793650793650794;1;2;1;1;0.0582846349361601;1;0.967932277926281;0;0.258043974853247;0.333333333333333;2
"1-Multi";27;"E3 LEMA";1.25757575757576;0.257575757575758;1;4;2;2;0.0501256072786728;1;0.0570337350419545;0;0.0779947392675241;0.333333333333333;4
"1-Multi";28;"E3 ME";1.11111111111111;0.111111111111111;1;2;1;1;0.0435933930811427;1;0;6.07267503454183e-05;0.360508083889515;0.333333333333333;2
"1-Multi";29;"E4 LEMA";2.14285714285714;1.14285714285714;1;4;2;2;0.111372817040945;1;0.0192384255133976;0;0.282296384321706;0.333333333333333;2
"1-Multi";30;"E4 ME";1.44444444444444;0.444444444444444;1;2;1;1;0.0736255167588047;1;0;0.000242907001381642;0.360508083889515;0.333333333333333;2
"1-Multi";31;"E5 LEMA";1.03174603174603;0.0317460317460317;1;2;1;1;0.0434634650875938;1;0.967932277926281;0;0.258043974853247;0.333333333333333;2
"1-Multi";32;"F1 LEMA";1.32106782106782;0.321067821067821;1;6;3;3;0.0698871670765101;1;0.664299430298172;0;0.198027562991339;0.333333333333333;4
"1-Multi";33;"F2 CHFU";1.14285714285714;0.142857142857143;1;2;1;1;0.0551355367725328;1;0;0;1.91171888623737e-05;0.333333333333333;2
"1-Multi";34;"F2 LEMA";1.18849206349206;0.188492063492063;1;4;2;2;0.0619345632861735;1;0.779580615429257;0;0.220682177268679;0.333333333333333;4
"1-Multi";35;"F3 LEMA";1.18253968253968;0.182539682539683;1;4;2;2;0.0470580005665016;1;0.509508586386865;0;0.170209222357483;0.333333333333333;4
"1-Multi";36;"F4 LEMA";1.21428571428571;0.214285714285714;1;4;2;2;0.056938780465526;1;0.738720432156573;0;0.214126598605365;0.333333333333333;4
"1-Multi";37;"F4 ME";1.22222222222222;0.222222222222222;1;2;1;1;0.0536041009735468;1;0;0.000121453500690818;0.360508083889515;0.333333333333333;2
"1-Multi";38;"F5 LEMA";1.29960317460317;0.299603174603175;1;6;3;3;0.0622767097210791;1;0.499852930700532;0;0.211755878878747;0.333333333333333;4
"1-Multi";39;"F6 LEMA";1.01587301587302;0.0158730158730159;1;2;1;1;0.0385230751379062;1;0.967932277926281;0;0.258043974853247;0.333333333333333;2
"1-Multi";40;"Bees";2.90454545454545;1.90454545454545;1;8;4;4;0.103238511372211;1;0;0.0270411123154543;0.107049517783992;0.333333333333333;4
"1-Multi";41;"Flies";9.5;5.75;3.75;14;7;7;0.36229464218994;1;0.00885553731356111;0.00114021357026319;1;0.666666666666667;2
"1-Multi";42;"Flower_beetles";25.0215367965368;21.2715367965368;3.75;54;27;27;1;1;1;1;0.864667034479595;0.666666666666667;4
"1-Multi";43;"Hoverflies";9.13257575757576;7.13257575757576;2;24;12;12;0.292321198233818;1;0;0.0650691961336346;0.110634075147247;0.666666666666667;4
"1-Multi";44;"Small_beetles";4.75952380952381;2.75952380952381;2;14;7;7;0.146068950141291;1;0;0.0527773440481738;0.123798677972339;0.666666666666667;4
"1-Multi";45;"Small_flies";10.1818181818182;5.43181818181818;4.75;20;10;10;0.31782960708029;1;0.071639513077864;0.0386113805280643;0.876525039792498;1;4
"2-Multi";1;"A1 LEMA";1.14285714285714;0.142857142857143;1;2;1;1;0.0438056115227959;1;0.0373732015084079;0;0.259700578878088;0.333333333333333;2
"2-Multi";2;"A5 LEMA";1.01587301587302;0.0158730158730159;1;2;1;1;0.0385230751381534;1;0.967932277926281;0;0.258043974853247;0.333333333333333;2
"2-Multi";3;"A6 CHFU";1.42857142857143;0.428571428571429;1;2;1;1;0.0982412399394248;1;0;0;1.91171888623737e-05;0.333333333333333;2
"2-Multi";4;"B1 LEMA";1.21356421356421;0.213564213564214;1;4;2;2;0.0594794584105727;1;0.515457426581371;0;0.165829491763288;0.333333333333333;4
"2-Multi";5;"B2 LEMA";1.03174603174603;0.0317460317460317;1;2;1;1;0.0434634650875642;1;0.967932277926281;0;0.258043974853247;0.333333333333333;2
"2-Multi";6;"B3 LEMA";1.12265512265512;0.122655122655123;1;4;2;2;0.0514714617489344;1;0.666282377029675;0;0.196567652793274;0.333333333333333;4
"2-Multi";7;"B5 LEMA";1.03174603174603;0.0317460317460317;1;2;1;1;0.0434634650877591;1;0.967932277926281;0;0.258043974853247;0.333333333333333;2
"2-Multi";8;"B6 LEMA";1.03174603174603;0.0317460317460317;1;2;1;1;0.0434634650875024;1;0.967932277926281;0;0.258043974853247;0.333333333333333;2
"2-Multi";9;"C1 LEMA";1.03174603174603;0.0317460317460317;1;2;1;1;0.0434634650876695;1;0.967932277926281;0;0.258043974853247;0.333333333333333;2
"2-Multi";10;"C3 CHFU";1.14285714285714;0.142857142857143;1;2;1;1;0.0551355367720971;1;0;0;1.91171888623737e-05;0.333333333333333;2
"2-Multi";11;"C3 LEMA";1.125;0.125;1;2;1;1;0.0421730034879592;1;0.0261739654411582;0;0.0712349869304087;0.333333333333333;2
"2-Multi";12;"C3 ME";2.72222222222222;1.72222222222222;1;6;3;3;0.168301008208973;1;0;0.0354015589219413;0.340465379333863;0.333333333333333;2
"2-Multi";13;"C4 LEMA";1.09090909090909;0.0909090909090909;1;2;1;1;0.0415906818497483;1;0.062982575236461;0;0.0736150086733287;0.333333333333333;2
"2-Multi";14;"C5 LEMA";1.01587301587302;0.0158730158730159;1;2;1;1;0.038523075138137;1;0.967932277926281;0;0.258043974853247;0.333333333333333;2
"2-Multi";15;"C6 LEMA";1.23015873015873;0.23015873015873;1;4;2;2;0.0618791704155898;1;0.784562801310515;0;0.222910073854941;0.333333333333333;4
"2-Multi";16;"D1 LEMA";1.04761904761905;0.0476190476190476;1;2;1;1;0.0484038550369891;1;0.967932277926281;0;0.258043974853247;0.333333333333333;2
"2-Multi";17;"D2 CHFU";2;1;1;2;1;1;0.0970166460996506;1;0;0;1.91171888623737e-05;0.333333333333333;2
"2-Multi";18;"D2 LEMA";2.04924242424242;1.04924242424242;1;8;4;4;0.119809295863711;1;0.288399603567083;0;0.156665729603753;0.333333333333333;4
"2-Multi";19;"D3 CHFU";1.28571428571429;0.285714285714286;1;2;1;1;0.0766883883559527;1;0;0;1.91171888623737e-05;0.333333333333333;2
"2-Multi";20;"D3 LEMA";1.2972582972583;0.297258297258297;1;6;3;3;0.0715751679821181;1;0.662014148074999;0;0.227581914494067;0.333333333333333;4
"2-Multi";21;"D4 ME";1.5;0.5;1;2;1;1;0.107534413670252;1;0;0.0308587008194139;0.317308473224483;0.333333333333333;2
"2-Multi";22;"D5 LEMA";1.17460317460317;0.174603174603175;1;4;2;2;0.0536863914214882;1;0.657745919120324;0;0.25859617619486;0.333333333333333;4
"2-Multi";23;"D6 LEMA";1.35209235209235;0.352092352092352;1;4;2;2;0.0823086249207235;1;0.628576139417599;0;0.188883112535777;0.333333333333333;4
"2-Multi";24;"E1 LEMA";1.26190476190476;0.261904761904762;1;4;2;2;0.0717599503139363;1;0.836954080343591;0;0.232948331283029;0.333333333333333;4
"2-Multi";25;"E2 CHFU";2;1;1;2;1;1;0.0970166460998883;1;0;0;1.91171888623737e-05;0.333333333333333;2
"2-Multi";26;"E2 LEMA";1.07936507936508;0.0793650793650794;1;2;1;1;0.0582846349361601;1;0.967932277926281;0;0.258043974853247;0.333333333333333;2
"2-Multi";27;"E3 LEMA";1.25757575757576;0.257575757575758;1;4;2;2;0.0501256072786728;1;0.0570337350419545;0;0.0779947392675241;0.333333333333333;4
"2-Multi";28;"E3 ME";1.11111111111111;0.111111111111111;1;2;1;1;0.0435933930811427;1;0;6.07267503454183e-05;0.360508083889515;0.333333333333333;2
"2-Multi";29;"E4 LEMA";2.14285714285714;1.14285714285714;1;4;2;2;0.111372817040945;1;0.0192384255133976;0;0.282296384321706;0.333333333333333;2
"2-Multi";30;"E4 ME";1.44444444444444;0.444444444444444;1;2;1;1;0.0736255167588047;1;0;0.000242907001381642;0.360508083889515;0.333333333333333;2
"2-Multi";31;"E5 LEMA";1.03174603174603;0.0317460317460317;1;2;1;1;0.0434634650875938;1;0.967932277926281;0;0.258043974853247;0.333333333333333;2
"2-Multi";32;"F1 LEMA";1.32106782106782;0.321067821067821;1;6;3;3;0.0698871670765101;1;0.664299430298172;0;0.198027562991339;0.333333333333333;4
"2-Multi";33;"F2 CHFU";1.14285714285714;0.142857142857143;1;2;1;1;0.0551355367725328;1;0;0;1.91171888623737e-05;0.333333333333333;2
"2-Multi";34;"F2 LEMA";1.18849206349206;0.188492063492063;1;4;2;2;0.0619345632861735;1;0.779580615429257;0;0.220682177268679;0.333333333333333;4
"2-Multi";35;"F3 LEMA";1.18253968253968;0.182539682539683;1;4;2;2;0.0470580005665016;1;0.509508586386865;0;0.170209222357483;0.333333333333333;4
"2-Multi";36;"F4 LEMA";1.21428571428571;0.214285714285714;1;4;2;2;0.056938780465526;1;0.738720432156573;0;0.214126598605365;0.333333333333333;4
"2-Multi";37;"F4 ME";1.22222222222222;0.222222222222222;1;2;1;1;0.0536041009735468;1;0;0.000121453500690818;0.360508083889515;0.333333333333333;2
"2-Multi";38;"F5 LEMA";1.29960317460317;0.299603174603175;1;6;3;3;0.0622767097210791;1;0.499852930700532;0;0.211755878878747;0.333333333333333;4
"2-Multi";39;"F6 LEMA";1.01587301587302;0.0158730158730159;1;2;1;1;0.0385230751379062;1;0.967932277926281;0;0.258043974853247;0.333333333333333;2
"2-Multi";40;"Bees";2.90454545454545;1.90454545454545;1;8;4;4;0.103238511372211;1;0;0.0270411123154543;0.107049517783992;0.333333333333333;4
"2-Multi";41;"Flies";9.5;5.75;3.75;14;7;7;0.36229464218994;1;0.00885553731356111;0.00114021357026319;1;0.666666666666667;2
"2-Multi";42;"Flower_beetles";25.0215367965368;21.2715367965368;3.75;54;27;27;1;1;1;1;0.864667034479595;0.666666666666667;4
"2-Multi";43;"Hoverflies";9.13257575757576;7.13257575757576;2;24;12;12;0.292321198233818;1;0;0.0650691961336346;0.110634075147247;0.666666666666667;4
"2-Multi";44;"Small_beetles";4.75952380952381;2.75952380952381;2;14;7;7;0.146068950141291;1;0;0.0527773440481738;0.123798677972339;0.666666666666667;4
"2-Multi";45;"Small_flies";10.1818181818182;5.43181818181818;4.75;20;10;10;0.31782960708029;1;0.071639513077864;0.0386113805280643;0.876525039792498;1;4
"3-Multi";1;"A1 LEMA";1.14285714285714;0.142857142857143;1;2;1;1;0.0438056115227959;1;0.0373732015084079;0;0.259700578878088;0.333333333333333;2
"3-Multi";2;"A5 LEMA";1.01587301587302;0.0158730158730159;1;2;1;1;0.0385230751381534;1;0.967932277926281;0;0.258043974853247;0.333333333333333;2
"3-Multi";3;"A6 CHFU";1.42857142857143;0.428571428571429;1;2;1;1;0.0982412399394248;1;0;0;1.91171888623737e-05;0.333333333333333;2
"3-Multi";4;"B1 LEMA";1.21356421356421;0.213564213564214;1;4;2;2;0.0594794584105727;1;0.515457426581371;0;0.165829491763288;0.333333333333333;4
"3-Multi";5;"B2 LEMA";1.03174603174603;0.0317460317460317;1;2;1;1;0.0434634650875642;1;0.967932277926281;0;0.258043974853247;0.333333333333333;2
"3-Multi";6;"B3 LEMA";1.12265512265512;0.122655122655123;1;4;2;2;0.0514714617489344;1;0.666282377029675;0;0.196567652793274;0.333333333333333;4
"3-Multi";7;"B5 LEMA";1.03174603174603;0.0317460317460317;1;2;1;1;0.0434634650877591;1;0.967932277926281;0;0.258043974853247;0.333333333333333;2
"3-Multi";8;"B6 LEMA";1.03174603174603;0.0317460317460317;1;2;1;1;0.0434634650875024;1;0.967932277926281;0;0.258043974853247;0.333333333333333;2
"3-Multi";9;"C1 LEMA";1.03174603174603;0.0317460317460317;1;2;1;1;0.0434634650876695;1;0.967932277926281;0;0.258043974853247;0.333333333333333;2
"3-Multi";10;"C3 CHFU";1.14285714285714;0.142857142857143;1;2;1;1;0.0551355367720971;1;0;0;1.91171888623737e-05;0.333333333333333;2
"3-Multi";11;"C3 LEMA";1.125;0.125;1;2;1;1;0.0421730034879592;1;0.0261739654411582;0;0.0712349869304087;0.333333333333333;2
"3-Multi";12;"C3 ME";2.72222222222222;1.72222222222222;1;6;3;3;0.168301008208973;1;0;0.0354015589219413;0.340465379333863;0.333333333333333;2
"3-Multi";13;"C4 LEMA";1.09090909090909;0.0909090909090909;1;2;1;1;0.0415906818497483;1;0.062982575236461;0;0.0736150086733287;0.333333333333333;2
"3-Multi";14;"C5 LEMA";1.01587301587302;0.0158730158730159;1;2;1;1;0.038523075138137;1;0.967932277926281;0;0.258043974853247;0.333333333333333;2
"3-Multi";15;"C6 LEMA";1.23015873015873;0.23015873015873;1;4;2;2;0.0618791704155898;1;0.784562801310515;0;0.222910073854941;0.333333333333333;4
"3-Multi";16;"D1 LEMA";1.04761904761905;0.0476190476190476;1;2;1;1;0.0484038550369891;1;0.967932277926281;0;0.258043974853247;0.333333333333333;2
"3-Multi";17;"D2 CHFU";2;1;1;2;1;1;0.0970166460996506;1;0;0;1.91171888623737e-05;0.333333333333333;2
"3-Multi";18;"D2 LEMA";2.04924242424242;1.04924242424242;1;8;4;4;0.119809295863711;1;0.288399603567083;0;0.156665729603753;0.333333333333333;4
"3-Multi";19;"D3 CHFU";1.28571428571429;0.285714285714286;1;2;1;1;0.0766883883559527;1;0;0;1.91171888623737e-05;0.333333333333333;2
"3-Multi";20;"D3 LEMA";1.2972582972583;0.297258297258297;1;6;3;3;0.0715751679821181;1;0.662014148074999;0;0.227581914494067;0.333333333333333;4
"3-Multi";21;"D4 ME";1.5;0.5;1;2;1;1;0.107534413670252;1;0;0.0308587008194139;0.317308473224483;0.333333333333333;2
"3-Multi";22;"D5 LEMA";1.17460317460317;0.174603174603175;1;4;2;2;0.0536863914214882;1;0.657745919120324;0;0.25859617619486;0.333333333333333;4
"3-Multi";23;"D6 LEMA";1.35209235209235;0.352092352092352;1;4;2;2;0.0823086249207235;1;0.628576139417599;0;0.188883112535777;0.333333333333333;4
"3-Multi";24;"E1 LEMA";1.26190476190476;0.261904761904762;1;4;2;2;0.0717599503139363;1;0.836954080343591;0;0.232948331283029;0.333333333333333;4
"3-Multi";25;"E2 CHFU";2;1;1;2;1;1;0.0970166460998883;1;0;0;1.91171888623737e-05;0.333333333333333;2
"3-Multi";26;"E2 LEMA";1.07936507936508;0.0793650793650794;1;2;1;1;0.0582846349361601;1;0.967932277926281;0;0.258043974853247;0.333333333333333;2
"3-Multi";27;"E3 LEMA";1.25757575757576;0.257575757575758;1;4;2;2;0.0501256072786728;1;0.0570337350419545;0;0.0779947392675241;0.333333333333333;4
"3-Multi";28;"E3 ME";1.11111111111111;0.111111111111111;1;2;1;1;0.0435933930811427;1;0;6.07267503454183e-05;0.360508083889515;0.333333333333333;2
"3-Multi";29;"E4 LEMA";2.14285714285714;1.14285714285714;1;4;2;2;0.111372817040945;1;0.0192384255133976;0;0.282296384321706;0.333333333333333;2
"3-Multi";30;"E4 ME";1.44444444444444;0.444444444444444;1;2;1;1;0.0736255167588047;1;0;0.000242907001381642;0.360508083889515;0.333333333333333;2
"3-Multi";31;"E5 LEMA";1.03174603174603;0.0317460317460317;1;2;1;1;0.0434634650875938;1;0.967932277926281;0;0.258043974853247;0.333333333333333;2
"3-Multi";32;"F1 LEMA";1.32106782106782;0.321067821067821;1;6;3;3;0.0698871670765101;1;0.664299430298172;0;0.198027562991339;0.333333333333333;4
"3-Multi";33;"F2 CHFU";1.14285714285714;0.142857142857143;1;2;1;1;0.0551355367725328;1;0;0;1.91171888623737e-05;0.333333333333333;2
"3-Multi";34;"F2 LEMA";1.18849206349206;0.188492063492063;1;4;2;2;0.0619345632861735;1;0.779580615429257;0;0.220682177268679;0.333333333333333;4
"3-Multi";35;"F3 LEMA";1.18253968253968;0.182539682539683;1;4;2;2;0.0470580005665016;1;0.509508586386865;0;0.170209222357483;0.333333333333333;4
"3-Multi";36;"F4 LEMA";1.21428571428571;0.214285714285714;1;4;2;2;0.056938780465526;1;0.738720432156573;0;0.214126598605365;0.333333333333333;4
"3-Multi";37;"F4 ME";1.22222222222222;0.222222222222222;1;2;1;1;0.0536041009735468;1;0;0.000121453500690818;0.360508083889515;0.333333333333333;2
"3-Multi";38;"F5 LEMA";1.29960317460317;0.299603174603175;1;6;3;3;0.0622767097210791;1;0.499852930700532;0;0.211755878878747;0.333333333333333;4
"3-Multi";39;"F6 LEMA";1.01587301587302;0.0158730158730159;1;2;1;1;0.0385230751379062;1;0.967932277926281;0;0.258043974853247;0.333333333333333;2
"3-Multi";40;"Bees";2.90454545454545;1.90454545454545;1;8;4;4;0.103238511372211;1;0;0.0270411123154543;0.107049517783992;0.333333333333333;4
"3-Multi";41;"Flies";9.5;5.75;3.75;14;7;7;0.36229464218994;1;0.00885553731356111;0.00114021357026319;1;0.666666666666667;2
"3-Multi";42;"Flower_beetles";25.0215367965368;21.2715367965368;3.75;54;27;27;1;1;1;1;0.864667034479595;0.666666666666667;4
"3-Multi";43;"Hoverflies";9.13257575757576;7.13257575757576;2;24;12;12;0.292321198233818;1;0;0.0650691961336346;0.110634075147247;0.666666666666667;4
"3-Multi";44;"Small_beetles";4.75952380952381;2.75952380952381;2;14;7;7;0.146068950141291;1;0;0.0527773440481738;0.123798677972339;0.666666666666667;4
"3-Multi";45;"Small_flies";10.1818181818182;5.43181818181818;4.75;20;10;10;0.31782960708029;1;0.071639513077864;0.0386113805280643;0.876525039792498;1;4
"Aggr";1;"A1 LEMA";1.14285714285714;0.142857142857143;1;2;1;1;0.0330870088633032;0.0868426294476824;0.0408502499475671;0;0.661662486706354;0;2
"Aggr";2;"A5 LEMA";1.01587301587302;0.0158730158730159;1;2;1;1;0.0241439477975253;0.00863829372697616;1;0;0.279815258262737;0;2
"Aggr";3;"A6 CHFU";1.42857142857143;0.428571428571429;1;2;1;1;0.0794460748436796;0.0400692897733721;0.0885136817415524;0;0.189607492493439;0;2
"Aggr";4;"B1 LEMA";1.21356421356421;0.213564213564214;1;4;2;2;0.057213440849333;0.0342756800850797;0.544256840870776;0;0.234711375378088;0;4
"Aggr";5;"B2 LEMA";1.03174603174603;0.0317460317460317;1;2;1;1;0.0308899795435571;0.0172765874539521;1;0;0.279815258262737;0;2
"Aggr";6;"B3 LEMA";1.12265512265512;0.122655122655123;1;4;2;2;0.044051710196445;0.025776133769516;0.696171227247184;0;0.249746003006304;0;4
"Aggr";7;"B5 LEMA";1.03174603174603;0.0317460317460317;1;2;1;1;0.0308899795435571;0.0172765874539522;1;0;0.279815258262737;0;2
"Aggr";8;"B6 LEMA";1.03174603174603;0.0317460317460317;1;2;1;1;0.0308899795435571;0.0172765874539521;1;0;0.279815258262737;0;2
"Aggr";9;"C1 LEMA";1.03174603174603;0.0317460317460317;1;2;1;1;0.0308899795435571;0.0172765874539521;1;0;0.279815258262737;0;2
"Aggr";10;"C3 CHFU";1.14285714285714;0.142857142857143;1;2;1;1;0.0380806356488889;0.0133564299244573;0.0885136817415523;0;0.189607492493439;0;2
"Aggr";11;"C3 LEMA";1.125;0.125;1;2;1;1;0.030423867497315;0.00876473395914031;0.0270202280948432;0;0.109862671679494;0;2
"Aggr";12;"C3 ME";2.72222222222222;1.72222222222222;1;6;3;3;0.381461007520077;1;0.265487906806697;0;0.449348706408682;0;4
"Aggr";13;"C4 LEMA";1.09090909090909;0.0909090909090909;1;2;1;1;0.0305596467043815;0.0084995463155637;0.0885136817415524;0;0.189607492493439;0;2
"Aggr";14;"C5 LEMA";1.01587301587302;0.0158730158730159;1;2;1;1;0.0241439477975253;0.00863829372697618;1;0;0.279815258262737;0;2
"Aggr";15;"C6 LEMA";1.23015873015873;0.23015873015873;1;4;2;2;0.0558360158094426;0.0406987715916667;0.811296560040018;0;0.261746360309049;0;4
"Aggr";16;"D1 LEMA";1.04761904761905;0.0476190476190476;1;2;1;1;0.0376360112895888;0.0259148811809282;1;0;0.279815258262737;0;2
"Aggr";17;"D2 CHFU";2;1;1;2;1;1;0.0861217526944257;0.0368735801025741;0.0564828002000894;0;0.189470768494294;0;2
"Aggr";18;"D2 LEMA";2.04924242424242;1.04924242424242;1;8;4;4;0.147305684795203;0.251923356187558;0.300483211100991;0;0.263790145371984;0;4
"Aggr";19;"D3 CHFU";1.28571428571429;0.285714285714286;1;2;1;1;0.0587633552462843;0.0267128598489148;0.0885136817415524;0;0.189607492493439;0;2
"Aggr";20;"D3 LEMA";1.2972582972583;0.297258297258297;1;6;3;3;0.0732328665003182;0.12989535067115;0.688227321948187;0;0.328421835375124;0;4
"Aggr";21;"D4 ME";1.5;0.5;1;2;1;1;0.229897916051494;0.272106252399746;1;0;0.279815258262737;0;2
"Aggr";22;"D5 LEMA";1.17460317460317;0.174603174603175;1;4;2;2;0.0465790723553667;0.104119216901634;0.680283416649189;0;0.407097667743943;0;4
"Aggr";23;"D6 LEMA";1.35209235209235;0.352092352092352;1;4;2;2;0.0906132667403161;0.0686901075815717;0.658192630653082;0;0.24598734609925;0;4
"Aggr";24;"E1 LEMA";1.26190476190476;0.261904761904762;1;4;2;2;0.0693280793015061;0.0579753590456186;0.865211828600013;0;0.266908902581531;0;4
"Aggr";25;"E2 CHFU";2;1;1;2;1;1;0.127221565734161;0.607898406133776;0.0408502499475669;0;0.661662486706354;0;2
"Aggr";26;"E2 LEMA";1.07936507936508;0.0793650793650794;1;2;1;1;0.0511280747816523;0.0431914686348804;1;0;0.279815258262737;0;2
"Aggr";27;"E3 LEMA";1.25757575757576;0.257575757575758;1;4;2;2;0.0420136194782036;0.0146451429993262;0.0724982409708211;0;0.189539130493867;0;4
"Aggr";28;"E3 ME";1.11111111111111;0.111111111111111;1;2;1;1;0.0382676369444514;0.059997670733239;0.0105506886396111;0;0.427958540332818;0;2
"Aggr";29;"E4 LEMA";2.14285714285714;1.14285714285714;1;4;2;2;0.220914496899924;0.626821666046833;0.025700469293589;0;0.544810513519586;0;4
"Aggr";30;"E4 ME";1.44444444444444;0.444444444444444;1;2;1;1;0.100876799623325;0.239990682932956;0.010550688639611;0;0.427958540332818;0;2
"Aggr";31;"E5 LEMA";1.03174603174603;0.0317460317460317;1;2;1;1;0.0308899795435571;0.017276587453952;1;0;0.279815258262737;0;2
"Aggr";32;"F1 LEMA";1.32106782106782;0.321067821067821;1;6;3;3;0.0689977464623305;0.0491983179072304;0.690832746990274;0;0.249723215673114;0;4
"Aggr";33;"F2 CHFU";1.14285714285714;0.142857142857143;1;2;1;1;0.0380806356488889;0.0133564299244574;0.0885136817415525;0;0.189607492493439;0;2
"Aggr";34;"F2 LEMA";1.18849206349206;0.188492063492063;1;4;2;2;0.057407994481442;0.0433179088670447;0.805404045618969;0;0.245824740946089;0;4
"Aggr";35;"F3 LEMA";1.18253968253968;0.182539682539683;1;4;2;2;0.0355979205713473;0.0147838904107384;0.528241400100045;0;0.234643013378516;0;4
"Aggr";36;"F4 LEMA";1.21428571428571;0.214285714285714;1;4;2;2;0.0490899840634109;0.0320604778646906;0.764120700050022;0;0.257229135820626;0;4
"Aggr";37;"F4 ME";1.22222222222222;0.222222222222222;1;2;1;1;0.0591373578374092;0.119995341466478;0.0105506886396111;0;0.427958540332818;0;2
"Aggr";38;"F5 LEMA";1.29960317460317;0.299603174603175;1;6;3;3;0.0596050238011882;0.112883950860775;0.516967619510603;0;0.332788918727831;0;4
"Aggr";39;"F6 LEMA";1.01587301587302;0.0158730158730159;1;2;1;1;0.0241439477975253;0.00863829372697595;1;0;0.279815258262737;0;2
"Aggr";40;"Bees";2.90454545454545;1.90454545454545;1;8;4;4;0.122597190078319;0.105972037398976;0;0.0270202280948432;0.166033794255305;0;4
"Aggr";41;"Flies";6;4;2;10;5;5;0.441947030674402;0.816092635097505;0;0.0105506886396107;0.646790034869417;0;4
"Aggr";42;"Flower_beetles";21.5215367965368;19.5215367965368;2;50;25;25;1;0.822490850555974;0;1;0.422892731010158;0;4
"Aggr";43;"Hoverflies";9.13257575757576;7.13257575757576;2;24;12;12;0.340656558074747;0.141302871919564;0;0.0885136817415521;0.286556642996671;0;4
"Aggr";44;"Small_beetles";4.75952380952381;2.75952380952381;2;14;7;7;0.161703145042193;0.0557285655771261;0;0.0564828002000893;0.286350004299637;0;4
"Aggr";45;"Small_flies";6.68181818181818;3.68181818181818;3;16;8;8;0.387612881232945;0.918741985351486;0;0.0408502499475669;1;0;4
