"Layer";"Node";"Label";"Strength";"StrengthIn";"StrengthOut";"Degree";"DegreeIn";"DegreeOut";"PageRank";"Eigenvector";"Hub";"Authority";"Katz";"Multiplexity";"Kcore"
"1-Multi";1;"A1 LEMA";1.11607142857143;0.116071428571429;1;4;2;2;0.0947816323643919;1;0.789660090346215;0;0.0796526520637094;0.333333333333333;4
"1-Multi";2;"A2 CHFU";1.54285714285714;0.542857142857143;1;4;2;2;0.144097568171886;1;0.000771102505873435;0;0.0209546335103686;0.333333333333333;2
"1-Multi";3;"A2 LEMA";1.11607142857143;0.116071428571429;1;4;2;2;0.0947816323543581;1;0.789660090346215;0;0.0796526520637094;0.333333333333333;4
"1-Multi";4;"A3 CHFU";1.14285714285714;0.142857142857143;1;2;1;1;0.0731168428756865;1;0.00223321621727695;0;0.052492227902025;0.333333333333333;2
"1-Multi";5;"A3 LEMA";1.03571428571429;0.0357142857142857;1;2;1;1;0.0717227356590755;1;1;0;0.0340642476748427;0.333333333333333;2
"1-Multi";6;"A4 LEMA";1.36904761904762;0.369047619047619;1;4;2;2;0.0902911350868408;1;0.676837766870452;0;0.0262663895165985;0.333333333333333;4
"1-Multi";7;"A5 LEMA";1.0625;0.0625;1;2;1;1;0.0553699699331107;1;0.158640361384862;0;0.21641786523031;0.333333333333333;2
"1-Multi";8;"A6 LEMA";1.09821428571429;0.0982142857142857;1;4;2;2;0.0816444115431847;1;0.719546787128287;0;0.0948487868599983;0.333333333333333;4
"1-Multi";9;"B1 CHFU";1.5;0.5;1;2;1;1;0.0867114030838822;1;0.00103408703585861;0;0.0699614993038795;0.333333333333333;2
"1-Multi";10;"B1 LEMA";1.08928571428571;0.0892857142857143;1;4;2;2;0.0670766894404177;1;0.543000239141081;0;0.164757026085494;0.333333333333333;4
"1-Multi";11;"B2 CHFU";1.78571428571429;0.785714285714286;1;4;2;2;0.142048500777572;1;0.00183350649013747;0;0.0583153183693099;0.333333333333333;2
"1-Multi";12;"B2 LEMA";1.16964285714286;0.169642857142857;1;6;3;3;0.0901355861416379;1;0.561160209916756;0;0.144999041269035;0.333333333333333;6
"1-Multi";13;"B2 ME";2;1;1;2;1;1;0.195493574674663;1;0;0.0085838399790755;0.224334436832041;0.333333333333333;2
"1-Multi";14;"B5 LEMA";1.01785714285714;0.0178571428571429;1;2;1;1;0.0585855148456607;1;1;0;0.0340642476748427;0.333333333333333;2
"1-Multi";15;"C1 LEMA";2.01785714285714;1.01785714285714;1;4;2;2;0.0931758370482605;1;0.508387053615053;0;0.0493716227001818;0.333333333333333;2
"1-Multi";16;"C2 LEMA";1.0625;0.0625;1;2;1;1;0.0553699699138912;1;0.158640361384862;0;0.21641786523031;0.333333333333333;2
"1-Multi";17;"C3 LEMA";1.08035714285714;0.0803571428571428;1;4;2;2;0.0685071907311958;1;0.579320180692431;0;0.125241056452576;0.333333333333333;4
"1-Multi";18;"C4 CHFU";1.14285714285714;0.142857142857143;1;2;1;1;0.0731168428761431;1;0.00223321621727698;0;0.052492227902025;0.333333333333333;2
"1-Multi";19;"C4 LEMA";1.70238095238095;0.702380952380952;1;4;2;2;0.108859534512574;1;0.515256650305678;0;0.0223674604374764;0.333333333333333;4
"1-Multi";20;"C5 CHFU";1.28571428571429;0.285714285714286;1;2;1;1;0.100785391715338;1;0.00223321621727709;0;0.052492227902025;0.333333333333333;2
"1-Multi";21;"C5 LEMA";2.13392857142857;1.13392857142857;1;6;3;3;0.0914702766379518;1;0.0821231135652209;0;0.200778391019105;0.333333333333333;4
"1-Multi";22;"D1 LEMA";1.03571428571429;0.0357142857142857;1;2;1;1;0.0717227356569741;1;1;0;0.0340642476748427;0.333333333333333;2
"1-Multi";23;"D2 LEMA";1.01785714285714;0.0178571428571429;1;2;1;1;0.0585855148478754;1;1;0;0.0340642476748427;0.333333333333333;2
"1-Multi";24;"D2 ME";2;1;1;2;1;1;0.0948443540246459;1;0;0.000904443839763762;0.0632166294084004;0.333333333333333;2
"1-Multi";25;"D3 LEMA";1.21428571428571;0.214285714285714;1;4;2;2;0.13097774986757;1;0.759611531824246;0;0.0861652812621189;0.333333333333333;4
"1-Multi";26;"D4 LEMA";1.01785714285714;0.0178571428571429;1;2;1;1;0.0585855148440418;1;1;0;0.0340642476748427;0.333333333333333;2
"1-Multi";27;"D5 LEMA";1.1875;0.1875;1;6;3;3;0.103272806965747;1;0.648928167933405;0;0.122812082550196;0.333333333333333;6
"1-Multi";28;"E1 LEMA";1.07142857142857;0.0714285714285714;1;2;1;1;0.0979971772706563;1;1;0;0.0340642476748427;0.333333333333333;2
"1-Multi";29;"E2 CHFU";1.2;0.2;1;2;1;1;0.0809386566819851;1;4.00456501715973e-05;0;0.00518583631454041;0.333333333333333;2
"1-Multi";30;"E2 LEMA";1.24107142857143;0.241071428571429;1;6;3;3;0.0986267607439113;1;0.466128263589837;0;0.175089193914457;0.333333333333333;6
"1-Multi";31;"E3 LEMA";1.19642857142857;0.196428571428571;1;4;2;2;0.101842305663745;1;0.634400191312865;0;0.138618470403363;0.333333333333333;4
"1-Multi";32;"E3 ME";2;1;1;2;1;1;0.15417386394357;1;0;0.00465100289041655;0.305840655167467;0.333333333333333;2
"1-Multi";33;"E4 LEMA";1.07142857142857;0.0714285714285714;1;2;1;1;0.0979971772803603;1;1;0;0.0340642476748427;0.333333333333333;2
"1-Multi";34;"E5 CHFU";1.2;0.2;1;2;1;1;0.0809386566884732;1;4.00456501716064e-05;0;0.00518583631454041;0.333333333333333;2
"1-Multi";35;"E5 LEMA";1.09821428571429;0.0982142857142857;1;4;2;2;0.0816444115447126;1;0.719546787128287;0;0.0948487868599983;0.333333333333333;4
"1-Multi";36;"E6 LEMA";1.05357142857143;0.0535714285714286;1;2;1;1;0.0848599564631885;1;1;0;0.0340642476748427;0.333333333333333;2
"1-Multi";37;"F1 LEMA";1.27678571428571;0.276785714285714;1;4;2;2;0.080843493721647;1;0.104160449057837;0;0.275691819679686;0.333333333333333;4
"1-Multi";38;"F2 LEMA";1.0625;0.0625;1;2;1;1;0.0553699699188541;1;0.158640361384862;0;0.21641786523031;0.333333333333333;2
"1-Multi";39;"F3 LEMA";1.1875;0.1875;1;6;3;3;0.103272806950361;1;0.648928167933405;0;0.122812082550196;0.333333333333333;6
"1-Multi";40;"F4 CHFU";1.2;0.2;1;2;1;1;0.0809386566809643;1;4.00456501715927e-05;0;0.00518583631454041;0.333333333333333;2
"1-Multi";41;"F4 LEMA";1.01785714285714;0.0178571428571429;1;2;1;1;0.0585855148416691;1;1;0;0.0340642476748427;0.333333333333333;2
"1-Multi";42;"F5 LEMA";1.03571428571429;0.0357142857142857;1;2;1;1;0.0717227356499695;1;1;0;0.0340642476748427;0.333333333333333;2
"1-Multi";43;"F6 LEMA";1.14285714285714;0.142857142857143;1;2;1;1;0.0624306432315585;1;0.0860004782821619;0;0.295449804496144;0.333333333333333;2
"1-Multi";44;"Bees";1.83333333333333;0.833333333333333;1;4;2;2;0.0958343900814774;1;0;0.030513300611357;0.0158905256122612;0.333333333333333;4
"1-Multi";45;"Flies";6;4;2;10;5;5;0.256397602419428;1;0;0.00176854667880962;0.142483478494311;0.666666666666667;2
"1-Multi";46;"Flower_beetles";19.9142857142857;18.9142857142857;1;50;25;25;0.895809880842114;1;0;1;0.0507424598750432;0.333333333333333;6
"1-Multi";47;"House_flies";7.1;3.3;3.8;8;4;4;0.201141846065797;1;0.0143237296238481;0.0167741072301058;0.190518296142436;0.666666666666667;2
"1-Multi";48;"Hoverflies";13.7666666666667;8.56666666666667;5.2;32;16;16;0.652041753211683;1;0.0736582029233179;0.0870345653180208;1;1;6
"1-Multi";49;"Small_flies";18.7857142857143;13.5857142857143;5.2;50;25;25;1;1;0.135942772330421;0.16087357760214;0.734803109263858;1;6
"2-Multi";1;"A1 LEMA";1.11607142857143;0.116071428571429;1;4;2;2;0.0947816323643919;1;0.789660090346215;0;0.0796526520637094;0.333333333333333;4
"2-Multi";2;"A2 CHFU";1.54285714285714;0.542857142857143;1;4;2;2;0.144097568171886;1;0.000771102505873435;0;0.0209546335103686;0.333333333333333;2
"2-Multi";3;"A2 LEMA";1.11607142857143;0.116071428571429;1;4;2;2;0.0947816323543581;1;0.789660090346215;0;0.0796526520637094;0.333333333333333;4
"2-Multi";4;"A3 CHFU";1.14285714285714;0.142857142857143;1;2;1;1;0.0731168428756865;1;0.00223321621727695;0;0.052492227902025;0.333333333333333;2
"2-Multi";5;"A3 LEMA";1.03571428571429;0.0357142857142857;1;2;1;1;0.0717227356590755;1;1;0;0.0340642476748427;0.333333333333333;2
"2-Multi";6;"A4 LEMA";1.36904761904762;0.369047619047619;1;4;2;2;0.0902911350868408;1;0.676837766870452;0;0.0262663895165985;0.333333333333333;4
"2-Multi";7;"A5 LEMA";1.0625;0.0625;1;2;1;1;0.0553699699331107;1;0.158640361384862;0;0.21641786523031;0.333333333333333;2
"2-Multi";8;"A6 LEMA";1.09821428571429;0.0982142857142857;1;4;2;2;0.0816444115431847;1;0.719546787128287;0;0.0948487868599983;0.333333333333333;4
"2-Multi";9;"B1 CHFU";1.5;0.5;1;2;1;1;0.0867114030838822;1;0.00103408703585861;0;0.0699614993038795;0.333333333333333;2
"2-Multi";10;"B1 LEMA";1.08928571428571;0.0892857142857143;1;4;2;2;0.0670766894404177;1;0.543000239141081;0;0.164757026085494;0.333333333333333;4
"2-Multi";11;"B2 CHFU";1.78571428571429;0.785714285714286;1;4;2;2;0.142048500777572;1;0.00183350649013747;0;0.0583153183693099;0.333333333333333;2
"2-Multi";12;"B2 LEMA";1.16964285714286;0.169642857142857;1;6;3;3;0.0901355861416379;1;0.561160209916756;0;0.144999041269035;0.333333333333333;6
"2-Multi";13;"B2 ME";2;1;1;2;1;1;0.195493574674663;1;0;0.0085838399790755;0.224334436832041;0.333333333333333;2
"2-Multi";14;"B5 LEMA";1.01785714285714;0.0178571428571429;1;2;1;1;0.0585855148456607;1;1;0;0.0340642476748427;0.333333333333333;2
"2-Multi";15;"C1 LEMA";2.01785714285714;1.01785714285714;1;4;2;2;0.0931758370482605;1;0.508387053615053;0;0.0493716227001818;0.333333333333333;2
"2-Multi";16;"C2 LEMA";1.0625;0.0625;1;2;1;1;0.0553699699138912;1;0.158640361384862;0;0.21641786523031;0.333333333333333;2
"2-Multi";17;"C3 LEMA";1.08035714285714;0.0803571428571428;1;4;2;2;0.0685071907311958;1;0.579320180692431;0;0.125241056452576;0.333333333333333;4
"2-Multi";18;"C4 CHFU";1.14285714285714;0.142857142857143;1;2;1;1;0.0731168428761431;1;0.00223321621727698;0;0.052492227902025;0.333333333333333;2
"2-Multi";19;"C4 LEMA";1.70238095238095;0.702380952380952;1;4;2;2;0.108859534512574;1;0.515256650305678;0;0.0223674604374764;0.333333333333333;4
"2-Multi";20;"C5 CHFU";1.28571428571429;0.285714285714286;1;2;1;1;0.100785391715338;1;0.00223321621727709;0;0.052492227902025;0.333333333333333;2
"2-Multi";21;"C5 LEMA";2.13392857142857;1.13392857142857;1;6;3;3;0.0914702766379518;1;0.0821231135652209;0;0.200778391019105;0.333333333333333;4
"2-Multi";22;"D1 LEMA";1.03571428571429;0.0357142857142857;1;2;1;1;0.0717227356569741;1;1;0;0.0340642476748427;0.333333333333333;2
"2-Multi";23;"D2 LEMA";1.01785714285714;0.0178571428571429;1;2;1;1;0.0585855148478754;1;1;0;0.0340642476748427;0.333333333333333;2
"2-Multi";24;"D2 ME";2;1;1;2;1;1;0.0948443540246459;1;0;0.000904443839763762;0.0632166294084004;0.333333333333333;2
"2-Multi";25;"D3 LEMA";1.21428571428571;0.214285714285714;1;4;2;2;0.13097774986757;1;0.759611531824246;0;0.0861652812621189;0.333333333333333;4
"2-Multi";26;"D4 LEMA";1.01785714285714;0.0178571428571429;1;2;1;1;0.0585855148440418;1;1;0;0.0340642476748427;0.333333333333333;2
"2-Multi";27;"D5 LEMA";1.1875;0.1875;1;6;3;3;0.103272806965747;1;0.648928167933405;0;0.122812082550196;0.333333333333333;6
"2-Multi";28;"E1 LEMA";1.07142857142857;0.0714285714285714;1;2;1;1;0.0979971772706563;1;1;0;0.0340642476748427;0.333333333333333;2
"2-Multi";29;"E2 CHFU";1.2;0.2;1;2;1;1;0.0809386566819851;1;4.00456501715973e-05;0;0.00518583631454041;0.333333333333333;2
"2-Multi";30;"E2 LEMA";1.24107142857143;0.241071428571429;1;6;3;3;0.0986267607439113;1;0.466128263589837;0;0.175089193914457;0.333333333333333;6
"2-Multi";31;"E3 LEMA";1.19642857142857;0.196428571428571;1;4;2;2;0.101842305663745;1;0.634400191312865;0;0.138618470403363;0.333333333333333;4
"2-Multi";32;"E3 ME";2;1;1;2;1;1;0.15417386394357;1;0;0.00465100289041655;0.305840655167467;0.333333333333333;2
"2-Multi";33;"E4 LEMA";1.07142857142857;0.0714285714285714;1;2;1;1;0.0979971772803603;1;1;0;0.0340642476748427;0.333333333333333;2
"2-Multi";34;"E5 CHFU";1.2;0.2;1;2;1;1;0.0809386566884732;1;4.00456501716064e-05;0;0.00518583631454041;0.333333333333333;2
"2-Multi";35;"E5 LEMA";1.09821428571429;0.0982142857142857;1;4;2;2;0.0816444115447126;1;0.719546787128287;0;0.0948487868599983;0.333333333333333;4
"2-Multi";36;"E6 LEMA";1.05357142857143;0.0535714285714286;1;2;1;1;0.0848599564631885;1;1;0;0.0340642476748427;0.333333333333333;2
"2-Multi";37;"F1 LEMA";1.27678571428571;0.276785714285714;1;4;2;2;0.080843493721647;1;0.104160449057837;0;0.275691819679686;0.333333333333333;4
"2-Multi";38;"F2 LEMA";1.0625;0.0625;1;2;1;1;0.0553699699188541;1;0.158640361384862;0;0.21641786523031;0.333333333333333;2
"2-Multi";39;"F3 LEMA";1.1875;0.1875;1;6;3;3;0.103272806950361;1;0.648928167933405;0;0.122812082550196;0.333333333333333;6
"2-Multi";40;"F4 CHFU";1.2;0.2;1;2;1;1;0.0809386566809643;1;4.00456501715927e-05;0;0.00518583631454041;0.333333333333333;2
"2-Multi";41;"F4 LEMA";1.01785714285714;0.0178571428571429;1;2;1;1;0.0585855148416691;1;1;0;0.0340642476748427;0.333333333333333;2
"2-Multi";42;"F5 LEMA";1.03571428571429;0.0357142857142857;1;2;1;1;0.0717227356499695;1;1;0;0.0340642476748427;0.333333333333333;2
"2-Multi";43;"F6 LEMA";1.14285714285714;0.142857142857143;1;2;1;1;0.0624306432315585;1;0.0860004782821619;0;0.295449804496144;0.333333333333333;2
"2-Multi";44;"Bees";1.83333333333333;0.833333333333333;1;4;2;2;0.0958343900814774;1;0;0.030513300611357;0.0158905256122612;0.333333333333333;4
"2-Multi";45;"Flies";6;4;2;10;5;5;0.256397602419428;1;0;0.00176854667880962;0.142483478494311;0.666666666666667;2
"2-Multi";46;"Flower_beetles";19.9142857142857;18.9142857142857;1;50;25;25;0.895809880842114;1;0;1;0.0507424598750432;0.333333333333333;6
"2-Multi";47;"House_flies";7.1;3.3;3.8;8;4;4;0.201141846065797;1;0.0143237296238481;0.0167741072301058;0.190518296142436;0.666666666666667;2
"2-Multi";48;"Hoverflies";13.7666666666667;8.56666666666667;5.2;32;16;16;0.652041753211683;1;0.0736582029233179;0.0870345653180208;1;1;6
"2-Multi";49;"Small_flies";18.7857142857143;13.5857142857143;5.2;50;25;25;1;1;0.135942772330421;0.16087357760214;0.734803109263858;1;6
"3-Multi";1;"A1 LEMA";1.11607142857143;0.116071428571429;1;4;2;2;0.0947816323643919;1;0.789660090346215;0;0.0796526520637094;0.333333333333333;4
"3-Multi";2;"A2 CHFU";1.54285714285714;0.542857142857143;1;4;2;2;0.144097568171886;1;0.000771102505873435;0;0.0209546335103686;0.333333333333333;2
"3-Multi";3;"A2 LEMA";1.11607142857143;0.116071428571429;1;4;2;2;0.0947816323543581;1;0.789660090346215;0;0.0796526520637094;0.333333333333333;4
"3-Multi";4;"A3 CHFU";1.14285714285714;0.142857142857143;1;2;1;1;0.0731168428756865;1;0.00223321621727695;0;0.052492227902025;0.333333333333333;2
"3-Multi";5;"A3 LEMA";1.03571428571429;0.0357142857142857;1;2;1;1;0.0717227356590755;1;1;0;0.0340642476748427;0.333333333333333;2
"3-Multi";6;"A4 LEMA";1.36904761904762;0.369047619047619;1;4;2;2;0.0902911350868408;1;0.676837766870452;0;0.0262663895165985;0.333333333333333;4
"3-Multi";7;"A5 LEMA";1.0625;0.0625;1;2;1;1;0.0553699699331107;1;0.158640361384862;0;0.21641786523031;0.333333333333333;2
"3-Multi";8;"A6 LEMA";1.09821428571429;0.0982142857142857;1;4;2;2;0.0816444115431847;1;0.719546787128287;0;0.0948487868599983;0.333333333333333;4
"3-Multi";9;"B1 CHFU";1.5;0.5;1;2;1;1;0.0867114030838822;1;0.00103408703585861;0;0.0699614993038795;0.333333333333333;2
"3-Multi";10;"B1 LEMA";1.08928571428571;0.0892857142857143;1;4;2;2;0.0670766894404177;1;0.543000239141081;0;0.164757026085494;0.333333333333333;4
"3-Multi";11;"B2 CHFU";1.78571428571429;0.785714285714286;1;4;2;2;0.142048500777572;1;0.00183350649013747;0;0.0583153183693099;0.333333333333333;2
"3-Multi";12;"B2 LEMA";1.16964285714286;0.169642857142857;1;6;3;3;0.0901355861416379;1;0.561160209916756;0;0.144999041269035;0.333333333333333;6
"3-Multi";13;"B2 ME";2;1;1;2;1;1;0.195493574674663;1;0;0.0085838399790755;0.224334436832041;0.333333333333333;2
"3-Multi";14;"B5 LEMA";1.01785714285714;0.0178571428571429;1;2;1;1;0.0585855148456607;1;1;0;0.0340642476748427;0.333333333333333;2
"3-Multi";15;"C1 LEMA";2.01785714285714;1.01785714285714;1;4;2;2;0.0931758370482605;1;0.508387053615053;0;0.0493716227001818;0.333333333333333;2
"3-Multi";16;"C2 LEMA";1.0625;0.0625;1;2;1;1;0.0553699699138912;1;0.158640361384862;0;0.21641786523031;0.333333333333333;2
"3-Multi";17;"C3 LEMA";1.08035714285714;0.0803571428571428;1;4;2;2;0.0685071907311958;1;0.579320180692431;0;0.125241056452576;0.333333333333333;4
"3-Multi";18;"C4 CHFU";1.14285714285714;0.142857142857143;1;2;1;1;0.0731168428761431;1;0.00223321621727698;0;0.052492227902025;0.333333333333333;2
"3-Multi";19;"C4 LEMA";1.70238095238095;0.702380952380952;1;4;2;2;0.108859534512574;1;0.515256650305678;0;0.0223674604374764;0.333333333333333;4
"3-Multi";20;"C5 CHFU";1.28571428571429;0.285714285714286;1;2;1;1;0.100785391715338;1;0.00223321621727709;0;0.052492227902025;0.333333333333333;2
"3-Multi";21;"C5 LEMA";2.13392857142857;1.13392857142857;1;6;3;3;0.0914702766379518;1;0.0821231135652209;0;0.200778391019105;0.333333333333333;4
"3-Multi";22;"D1 LEMA";1.03571428571429;0.0357142857142857;1;2;1;1;0.0717227356569741;1;1;0;0.0340642476748427;0.333333333333333;2
"3-Multi";23;"D2 LEMA";1.01785714285714;0.0178571428571429;1;2;1;1;0.0585855148478754;1;1;0;0.0340642476748427;0.333333333333333;2
"3-Multi";24;"D2 ME";2;1;1;2;1;1;0.0948443540246459;1;0;0.000904443839763762;0.0632166294084004;0.333333333333333;2
"3-Multi";25;"D3 LEMA";1.21428571428571;0.214285714285714;1;4;2;2;0.13097774986757;1;0.759611531824246;0;0.0861652812621189;0.333333333333333;4
"3-Multi";26;"D4 LEMA";1.01785714285714;0.0178571428571429;1;2;1;1;0.0585855148440418;1;1;0;0.0340642476748427;0.333333333333333;2
"3-Multi";27;"D5 LEMA";1.1875;0.1875;1;6;3;3;0.103272806965747;1;0.648928167933405;0;0.122812082550196;0.333333333333333;6
"3-Multi";28;"E1 LEMA";1.07142857142857;0.0714285714285714;1;2;1;1;0.0979971772706563;1;1;0;0.0340642476748427;0.333333333333333;2
"3-Multi";29;"E2 CHFU";1.2;0.2;1;2;1;1;0.0809386566819851;1;4.00456501715973e-05;0;0.00518583631454041;0.333333333333333;2
"3-Multi";30;"E2 LEMA";1.24107142857143;0.241071428571429;1;6;3;3;0.0986267607439113;1;0.466128263589837;0;0.175089193914457;0.333333333333333;6
"3-Multi";31;"E3 LEMA";1.19642857142857;0.196428571428571;1;4;2;2;0.101842305663745;1;0.634400191312865;0;0.138618470403363;0.333333333333333;4
"3-Multi";32;"E3 ME";2;1;1;2;1;1;0.15417386394357;1;0;0.00465100289041655;0.305840655167467;0.333333333333333;2
"3-Multi";33;"E4 LEMA";1.07142857142857;0.0714285714285714;1;2;1;1;0.0979971772803603;1;1;0;0.0340642476748427;0.333333333333333;2
"3-Multi";34;"E5 CHFU";1.2;0.2;1;2;1;1;0.0809386566884732;1;4.00456501716064e-05;0;0.00518583631454041;0.333333333333333;2
"3-Multi";35;"E5 LEMA";1.09821428571429;0.0982142857142857;1;4;2;2;0.0816444115447126;1;0.719546787128287;0;0.0948487868599983;0.333333333333333;4
"3-Multi";36;"E6 LEMA";1.05357142857143;0.0535714285714286;1;2;1;1;0.0848599564631885;1;1;0;0.0340642476748427;0.333333333333333;2
"3-Multi";37;"F1 LEMA";1.27678571428571;0.276785714285714;1;4;2;2;0.080843493721647;1;0.104160449057837;0;0.275691819679686;0.333333333333333;4
"3-Multi";38;"F2 LEMA";1.0625;0.0625;1;2;1;1;0.0553699699188541;1;0.158640361384862;0;0.21641786523031;0.333333333333333;2
"3-Multi";39;"F3 LEMA";1.1875;0.1875;1;6;3;3;0.103272806950361;1;0.648928167933405;0;0.122812082550196;0.333333333333333;6
"3-Multi";40;"F4 CHFU";1.2;0.2;1;2;1;1;0.0809386566809643;1;4.00456501715927e-05;0;0.00518583631454041;0.333333333333333;2
"3-Multi";41;"F4 LEMA";1.01785714285714;0.0178571428571429;1;2;1;1;0.0585855148416691;1;1;0;0.0340642476748427;0.333333333333333;2
"3-Multi";42;"F5 LEMA";1.03571428571429;0.0357142857142857;1;2;1;1;0.0717227356499695;1;1;0;0.0340642476748427;0.333333333333333;2
"3-Multi";43;"F6 LEMA";1.14285714285714;0.142857142857143;1;2;1;1;0.0624306432315585;1;0.0860004782821619;0;0.295449804496144;0.333333333333333;2
"3-Multi";44;"Bees";1.83333333333333;0.833333333333333;1;4;2;2;0.0958343900814774;1;0;0.030513300611357;0.0158905256122612;0.333333333333333;4
"3-Multi";45;"Flies";6;4;2;10;5;5;0.256397602419428;1;0;0.00176854667880962;0.142483478494311;0.666666666666667;2
"3-Multi";46;"Flower_beetles";19.9142857142857;18.9142857142857;1;50;25;25;0.895809880842114;1;0;1;0.0507424598750432;0.333333333333333;6
"3-Multi";47;"House_flies";7.1;3.3;3.8;8;4;4;0.201141846065797;1;0.0143237296238481;0.0167741072301058;0.190518296142436;0.666666666666667;2
"3-Multi";48;"Hoverflies";13.7666666666667;8.56666666666667;5.2;32;16;16;0.652041753211683;1;0.0736582029233179;0.0870345653180208;1;1;6
"3-Multi";49;"Small_flies";18.7857142857143;13.5857142857143;5.2;50;25;25;1;1;0.135942772330421;0.16087357760214;0.734803109263858;1;6
"Aggr";1;"A1 LEMA";1.11607142857143;0.116071428571429;1;4;2;2;0.0758733677413031;0.0497010474349505;0.810678383598191;0;0.169659508003427;0;4
"Aggr";2;"A2 CHFU";1.54285714285714;0.542857142857143;1;4;2;2;0.0771376728692632;0.110886263722921;0.085857839966155;0;0.373739717923025;0;4
"Aggr";3;"A2 LEMA";1.11607142857143;0.116071428571429;1;4;2;2;0.075873367741303;0.0497010474349502;0.810678383598191;0;0.169659508003427;0;4
"Aggr";4;"A3 CHFU";1.14285714285714;0.142857142857143;1;2;1;1;0.0476832433866313;0.088135158463883;0.242713534392765;0;0.503673336636872;0;2
"Aggr";5;"A3 LEMA";1.03571428571429;0.0357142857142857;1;2;1;1;0.0472037819219204;0.00742794373800099;1;0;0.0583215651256117;0;2
"Aggr";6;"A4 LEMA";1.36904761904762;0.369047619047619;1;4;2;2;0.0681891764737453;0.00837319240057453;0.676731985641289;0;0.0438324267861514;0;4
"Aggr";7;"A5 LEMA";1.0625;0.0625;1;2;1;1;0.0303376534555886;0.0385591318279489;0.242713534392765;0;0.503673336636872;0;2
"Aggr";8;"A6 LEMA";1.09821428571429;0.0982142857142857;1;4;2;2;0.0606947963127315;0.0459870755659498;0.747571178130922;0;0.206772155629365;0;4
"Aggr";9;"B1 CHFU";1.5;0.5;1;2;1;1;0.0843137830868464;0.200978308775446;0.10399866983971;0;0.616945590232936;0;2
"Aggr";10;"B1 LEMA";1.08928571428571;0.0892857142857143;1;4;2;2;0.041663373925073;0.0324251588369212;0.551999334919855;0;0.337633577679274;0;4
"Aggr";11;"B2 CHFU";1.78571428571429;0.785714285714286;1;4;2;2;0.145986991730554;0.377248625703212;0.196475246208413;0;0.541430754502227;0;4
"Aggr";12;"B2 LEMA";1.16964285714286;0.169642857142857;1;6;3;3;0.0703329597444557;0.0746982625338706;0.586678051058119;0;0.309315514280258;0;6
"Aggr";13;"B2 ME";2;1;1;2;1;1;0.232702869317755;0.616946109247181;0.242713534392765;0;0.503673336636872;0;2
"Aggr";14;"B5 LEMA";1.01785714285714;0.0178571428571429;1;2;1;1;0.032025210493349;0.00371397186900062;1;0;0.0583215651256117;0;2
"Aggr";15;"C1 LEMA";2.01785714285714;1.01785714285714;1;4;2;2;0.0735645799013543;0.00536129471547917;0.508474747387226;0;0.0421050177670165;0;2
"Aggr";16;"C2 LEMA";1.0625;0.0625;1;2;1;1;0.0303376534555885;0.0385591318279488;0.242713534392765;0;0.503673336636872;0;2
"Aggr";17;"C3 LEMA";1.08035714285714;0.0803571428571428;1;4;2;2;0.04551622488416;0.0422731036969493;0.621356767196382;0;0.280997450881242;0;4
"Aggr";18;"C4 CHFU";1.14285714285714;0.142857142857143;1;2;1;1;0.0476832433866314;0.0881351584638832;0.242713534392765;0;0.503673336636872;0;2
"Aggr";19;"C4 LEMA";1.70238095238095;0.702380952380952;1;4;2;2;0.0891745710255701;0.00931844106314796;0.515097978461933;0;0.0365878576164213;0;4
"Aggr";20;"C5 CHFU";1.28571428571429;0.285714285714286;1;2;1;1;0.0785198477084853;0.176270316927766;0.242713534392765;0;0.503673336636872;0;2
"Aggr";21;"C5 LEMA";2.13392857142857;1.13392857142857;1;6;3;3;0.113611890593892;0.124148081943464;0.118047398995108;0;0.476463945145303;0;4
"Aggr";22;"D1 LEMA";1.03571428571429;0.0357142857142857;1;2;1;1;0.0472037819219204;0.00742794373800095;1;0;0.0583215651256117;0;2
"Aggr";23;"D2 LEMA";1.01785714285714;0.0178571428571429;1;2;1;1;0.0320252104933489;0.00371397186900047;1;0;0.0583215651256117;0;2
"Aggr";24;"D2 ME";2;1;1;2;1;1;0.0583860084727826;0.00164732284647841;0.0169494947744529;0;0.0258884704084212;0;2
"Aggr";25;"D3 LEMA";1.21428571428571;0.214285714285714;1;4;2;2;0.119721524989257;0.0956881230009001;0.783632438397933;0;0.185564928414543;0;4
"Aggr";26;"D4 LEMA";1.01785714285714;0.0178571428571429;1;2;1;1;0.0320252104933489;0.00371397186900049;1;0;0.0583215651256117;0;2
"Aggr";27;"D5 LEMA";1.1875;0.1875;1;6;3;3;0.0855115311730272;0.0784122344028713;0.669342440846495;0;0.259116724449329;0;6
"Aggr";28;"E1 LEMA";1.07142857142857;0.0714285714285714;1;2;1;1;0.0775609247790634;0.014855887476002;1;0;0.0583215651256117;0;2
"Aggr";29;"E2 CHFU";1.2;0.2;1;2;1;1;0.0315738538060934;0.0113755526295189;0.00742999275285015;0;0.308772908566102;0;2
"Aggr";30;"E2 LEMA";1.24107142857143;0.241071428571429;1;6;3;3;0.0799711231761797;0.103409449501791;0.490142174814437;0;0.370841529470793;0;6
"Aggr";31;"E3 LEMA";1.19642857142857;0.196428571428571;1;4;2;2;0.0816586802139401;0.068564289542843;0.641599467935884;0;0.281771175168541;0;4
"Aggr";32;"E3 ME";2;1;1;2;1;1;0.151780927108915;0.401956617550892;0.10399866983971;0;0.616945590232936;0;2
"Aggr";33;"E4 LEMA";1.07142857142857;0.0714285714285714;1;2;1;1;0.0775609247790634;0.0148558874760021;1;0;0.0583215651256117;0;2
"Aggr";34;"E5 CHFU";1.2;0.2;1;2;1;1;0.0315738538060934;0.011375552629519;0.00742999275285007;0;0.308772908566102;0;2
"Aggr";35;"E5 LEMA";1.09821428571429;0.0982142857142857;1;4;2;2;0.0606947963127315;0.0459870755659498;0.747571178130922;0;0.206772155629365;0;4
"Aggr";36;"E6 LEMA";1.05357142857143;0.0535714285714286;1;2;1;1;0.062382353350492;0.0111419156070015;1;0;0.0583215651256117;0;2
"Aggr";37;"F1 LEMA";1.27678571428571;0.276785714285714;1;4;2;2;0.0592521437507609;0.124692692731711;0.138677385977974;0;0.58862752683392;0;4
"Aggr";38;"F2 LEMA";1.0625;0.0625;1;2;1;1;0.0303376534555885;0.0385591318279488;0.242713534392765;0;0.503673336636872;0;2
"Aggr";39;"F3 LEMA";1.1875;0.1875;1;6;3;3;0.0855115311730271;0.078412234402871;0.669342440846495;0;0.259116724449329;0;6
"Aggr";40;"F4 CHFU";1.2;0.2;1;2;1;1;0.0315738538060934;0.0113755526295189;0.00742999275285006;0;0.308772908566102;0;2
"Aggr";41;"F4 LEMA";1.01785714285714;0.0178571428571429;1;2;1;1;0.032025210493349;0.00371397186900057;1;0;0.0583215651256117;0;2
"Aggr";42;"F5 LEMA";1.03571428571429;0.0357142857142857;1;2;1;1;0.0472037819219204;0.00742794373800087;1;0;0.0583215651256117;0;2
"Aggr";43;"F6 LEMA";1.14285714285714;0.142857142857143;1;2;1;1;0.0361229659282257;0.0574223739358416;0.10399866983971;0;0.616945590232936;0;2
"Aggr";44;"Bees";1.83333333333333;0.833333333333333;1;4;2;2;0.074066098418206;0.00459642413691671;0;0.030195956923866;0.0240679824774069;0;4
"Aggr";45;"Flies";6;4;2;10;5;5;0.173261349897834;0.0921924334963363;0;0.00742999275285002;0.500481875474481;0;4
"Aggr";46;"Flower_beetles";19.9142857142857;18.9142857142857;1;50;25;25;1;0.337116032578299;0;1;0.094524460029261;0;6
"Aggr";47;"House_flies";3.5;1.5;2;4;2;2;0.0977396927247184;0.00267012437843007;0;0.0169494947744527;0.0419535489476475;0;2
"Aggr";48;"Hoverflies";9.36666666666667;6.36666666666667;3;24;12;12;0.476238663685192;0.651526302745264;0;0.10399866983971;1;0;6
"Aggr";49;"Small_flies";14.3857142857143;11.3857142857143;3;42;21;21;0.76184551853992;1;0;0.242713534392764;0.816396627465327;0;6
