"Layer";"Node";"Label";"Strength";"StrengthIn";"StrengthOut";"Degree";"DegreeIn";"DegreeOut";"PageRank";"Eigenvector";"Hub";"Authority";"Katz";"Multiplexity";"Kcore"
"1-Multi";1;"A1 CHFU";1.07142857142857;0.0714285714285714;1;2;1;1;0.0562461424025592;0.0296153475929332;1;0;0.255487320388057;0.5;2
"1-Multi";2;"A1 LEMA";1.30882352941176;0.308823529411765;1;6;3;3;0.089998173795923;0.0707169539656757;0;0.00348341346819083;0.255934934962797;0.5;4
"1-Multi";3;"A2 LEMA";2.33333333333333;1.33333333333333;1;4;2;2;0.141275640872838;0.125569061629047;0;0.00184301522822497;0.206332645584113;0.5;2
"1-Multi";4;"A3 CHFU";1.34285714285714;0.342857142857143;1;4;2;2;0.11670531326057;0.132830029239713;0.546340132295714;0;0.265504808130588;0.5;4
"1-Multi";5;"A3 LEMA";2;1;1;2;1;1;0.133747735661109;0.269484885034195;0;0.000114064666614405;0.404444014313707;0.5;2
"1-Multi";6;"A4 CHFU";1.14285714285714;0.142857142857143;1;2;1;1;0.0774275016953973;0.0592306951858665;1;0;0.255487320388057;0.5;2
"1-Multi";7;"A4 LEMA";1.16666666666667;0.166666666666667;1;2;1;1;0.05495696341868;0.0202563091114815;0;9.18593477480524e-05;0.328276062769125;0.5;2
"1-Multi";8;"A5 CHFU";1.14285714285714;0.142857142857143;1;2;1;1;0.0774275016954156;0.0592306951858665;1;0;0.255487320388057;0.5;2
"1-Multi";9;"A6 LEMA";1.05555555555556;0.0555555555555556;1;2;1;1;0.0559092552036376;0.00950734165131721;0;3.80585919180013e-05;0.0868354777771706;0.5;2
"1-Multi";10;"B1 CHFU";1.07142857142857;0.0714285714285714;1;2;1;1;0.056246142402689;0.0296153475929333;1;0;0.255487320388057;0.5;2
"1-Multi";11;"B2 CHFU";1.17142857142857;0.171428571428571;1;4;2;2;0.0758850481851003;0.0664150146198564;0.546340132295714;0;0.265504808130588;0.5;4
"1-Multi";12;"B2 LEMA";1.19444444444444;0.194444444444444;1;4;2;2;0.095110583651343;0.0463023315555035;0;0.000484130485546002;0.132620880303739;0.5;4
"1-Multi";13;"B3 CHFU";1.1;0.1;1;2;1;1;0.0547036888922824;0.0367996670269232;0.092680264591428;0;0.275522295873119;0.5;2
"1-Multi";14;"B4 LEMA";1.11111111111111;0.111111111111111;1;2;1;1;0.0767537272974236;0.0190146833026344;0;7.61171838359895e-05;0.0868354777771706;0.5;2
"1-Multi";15;"B5 LEMA";1.05555555555556;0.0555555555555556;1;2;1;1;0.0559092552034757;0.00950734165131721;0;3.80585919180068e-05;0.0868354777771706;0.5;2
"1-Multi";16;"C1 LEMA";1.19771241830065;0.197712418300654;1;6;3;3;0.0909504655808767;0.0599679865055115;0;0.00342961271236077;0.175454739965479;0.5;4
"1-Multi";17;"C3 CHFU";1.2;0.2;1;2;1;1;0.0743425946749291;0.0735993340538464;0.092680264591428;0;0.275522295873119;0.5;2
"1-Multi";18;"C3 LEMA";1.05555555555556;0.0555555555555556;1;2;1;1;0.0559092552036017;0.00950734165131723;0;3.80585919179901e-05;0.0868354777771706;0.5;2
"1-Multi";19;"C4 CHFU";1.07142857142857;0.0714285714285714;1;2;1;1;0.0562461424024619;0.0296153475929332;1;0;0.255487320388057;0.5;2
"1-Multi";20;"C4 LEMA";1.11437908496732;0.11437908496732;1;4;2;2;0.0725936092270149;0.0326803382526424;0;0.00302159941065075;0.15108626726978;0.5;4
"1-Multi";21;"C5 LEMA";1.17647058823529;0.176470588235294;1;2;1;1;0.0851178451798962;0.0695189898039754;0;0.00895062245619829;0.21533705676239;0.5;2
"1-Multi";22;"D1 CHFU";1.33333333333333;0.333333333333333;1;2;1;1;0.0680902949248706;0.076932041970674;0.00205900762925916;0;0.404116032869521;0.5;2
"1-Multi";23;"D1 LEMA";1.80392156862745;0.803921568627451;1;6;3;3;0.250965211887652;0.234162306876034;0;0.0240743616733641;0.19262324584998;0.5;4
"1-Multi";24;"D2 CHFU";1.14285714285714;0.142857142857143;1;2;1;1;0.0774275016955901;0.0592306951858665;1;0;0.255487320388057;0.5;2
"1-Multi";25;"D2 LEMA";1.22549019607843;0.225490196078431;1;4;2;2;0.0884628498408725;0.0777482931070634;0;0.00379956742215279;0.221240142492048;0.5;4
"1-Multi";26;"D4 LEMA";1.05555555555556;0.0555555555555556;1;2;1;1;0.0559092552035793;0.00950734165131721;0;3.80585919180062e-05;0.0868354777771706;0.5;2
"1-Multi";27;"D5 CHFU";1.07142857142857;0.0714285714285714;1;2;1;1;0.0562461424024146;0.0296153475929332;1;0;0.255487320388057;0.5;2
"1-Multi";28;"D5 LEMA";1.08333333333333;0.0833333333333333;1;2;1;1;0.0534216394636627;0.0272876482528691;0;0.000408013301710011;0.224191685356877;0.5;2
"1-Multi";29;"E1 CHFU";2.33333333333333;1.33333333333333;1;4;2;2;0.13539672573901;0.176860049062997;0.0011814166089972;0;0.39876202868084;0.5;2
"1-Multi";30;"E1 LEMA";1.50653594771242;0.506535947712418;1;6;3;3;0.188525092239917;0.138950656313657;0;0.0069353426085575;0.153299924418402;0.5;4
"1-Multi";31;"E5 LEMA";1.16666666666667;0.166666666666667;1;2;1;1;0.0549569634187455;0.0202563091114815;0;9.18593477480617e-05;0.328276062769125;0.5;2
"1-Multi";32;"F1 LEMA";1.05555555555556;0.0555555555555556;1;2;1;1;0.0559092552036238;0.00950734165131722;0;3.80585919180032e-05;0.0868354777771706;0.5;2
"1-Multi";33;"F4 LEMA";1.33333333333333;0.333333333333333;1;2;1;1;0.0748491437277162;0.0405126182229629;0;0.000183718695496099;0.328276062769125;0.5;2
"1-Multi";34;"F5 CHFU";1.07142857142857;0.0714285714285714;1;2;1;1;0.0562461424024859;0.0296153475929332;1;0;0.255487320388057;0.5;2
"1-Multi";35;"F6 CHFU";1.73333333333333;0.733333333333333;1;4;2;2;0.146645918055122;0.224130710078367;0.0745560131989943;0;0.3012410432724;0.5;2
"1-Multi";36;"Beetles";1.2;0.2;1;2;1;1;0.0561011354928161;0.0203059188302049;0.00184301522822522;0;0.1668334616898;0.5;2
"1-Multi";37;"Flies";6.55714285714286;3.62857142857143;2.92857142857143;12;6;6;0.34069464667056;0.618734051097504;0.000996496507725409;0.002059007629259;1;1;2
"1-Multi";38;"Flower_beetles";9.25;8.25;1;22;11;11;0.458944741782458;0.211651623697066;0.00598480310420497;0;0.107392308928137;0.5;4
"1-Multi";39;"Hoverflies";11.3738095238095;8.4452380952381;2.92857142857143;28;14;14;0.716791238596797;0.860111871032797;0.0427740343081704;0.092680264591428;0.618023702026542;1;4
"1-Multi";40;"Small_beetles";7.77380952380952;4.84523809523809;2.92857142857143;16;8;8;0.319369469265989;0.273903000172134;0.00481503283794141;0.000303825588735029;0.892553083195496;1;4
"1-Multi";41;"Small_flies";16.2738095238095;13.3452380952381;2.92857142857143;38;19;19;1;1;0.443103877923545;1;0.58229346216687;1;4
"2-Multi";1;"A1 CHFU";1.07142857142857;0.0714285714285714;1;2;1;1;0.0562461424025592;0.0296153475929332;1;0;0.255487320388057;0.5;2
"2-Multi";2;"A1 LEMA";1.30882352941176;0.308823529411765;1;6;3;3;0.089998173795923;0.0707169539656757;0;0.00348341346819083;0.255934934962797;0.5;4
"2-Multi";3;"A2 LEMA";2.33333333333333;1.33333333333333;1;4;2;2;0.141275640872838;0.125569061629047;0;0.00184301522822497;0.206332645584113;0.5;2
"2-Multi";4;"A3 CHFU";1.34285714285714;0.342857142857143;1;4;2;2;0.11670531326057;0.132830029239713;0.546340132295714;0;0.265504808130588;0.5;4
"2-Multi";5;"A3 LEMA";2;1;1;2;1;1;0.133747735661109;0.269484885034195;0;0.000114064666614405;0.404444014313707;0.5;2
"2-Multi";6;"A4 CHFU";1.14285714285714;0.142857142857143;1;2;1;1;0.0774275016953973;0.0592306951858665;1;0;0.255487320388057;0.5;2
"2-Multi";7;"A4 LEMA";1.16666666666667;0.166666666666667;1;2;1;1;0.05495696341868;0.0202563091114815;0;9.18593477480524e-05;0.328276062769125;0.5;2
"2-Multi";8;"A5 CHFU";1.14285714285714;0.142857142857143;1;2;1;1;0.0774275016954156;0.0592306951858665;1;0;0.255487320388057;0.5;2
"2-Multi";9;"A6 LEMA";1.05555555555556;0.0555555555555556;1;2;1;1;0.0559092552036376;0.00950734165131721;0;3.80585919180013e-05;0.0868354777771706;0.5;2
"2-Multi";10;"B1 CHFU";1.07142857142857;0.0714285714285714;1;2;1;1;0.056246142402689;0.0296153475929333;1;0;0.255487320388057;0.5;2
"2-Multi";11;"B2 CHFU";1.17142857142857;0.171428571428571;1;4;2;2;0.0758850481851003;0.0664150146198564;0.546340132295714;0;0.265504808130588;0.5;4
"2-Multi";12;"B2 LEMA";1.19444444444444;0.194444444444444;1;4;2;2;0.095110583651343;0.0463023315555035;0;0.000484130485546002;0.132620880303739;0.5;4
"2-Multi";13;"B3 CHFU";1.1;0.1;1;2;1;1;0.0547036888922824;0.0367996670269232;0.092680264591428;0;0.275522295873119;0.5;2
"2-Multi";14;"B4 LEMA";1.11111111111111;0.111111111111111;1;2;1;1;0.0767537272974236;0.0190146833026344;0;7.61171838359895e-05;0.0868354777771706;0.5;2
"2-Multi";15;"B5 LEMA";1.05555555555556;0.0555555555555556;1;2;1;1;0.0559092552034757;0.00950734165131721;0;3.80585919180068e-05;0.0868354777771706;0.5;2
"2-Multi";16;"C1 LEMA";1.19771241830065;0.197712418300654;1;6;3;3;0.0909504655808767;0.0599679865055115;0;0.00342961271236077;0.175454739965479;0.5;4
"2-Multi";17;"C3 CHFU";1.2;0.2;1;2;1;1;0.0743425946749291;0.0735993340538464;0.092680264591428;0;0.275522295873119;0.5;2
"2-Multi";18;"C3 LEMA";1.05555555555556;0.0555555555555556;1;2;1;1;0.0559092552036017;0.00950734165131723;0;3.80585919179901e-05;0.0868354777771706;0.5;2
"2-Multi";19;"C4 CHFU";1.07142857142857;0.0714285714285714;1;2;1;1;0.0562461424024619;0.0296153475929332;1;0;0.255487320388057;0.5;2
"2-Multi";20;"C4 LEMA";1.11437908496732;0.11437908496732;1;4;2;2;0.0725936092270149;0.0326803382526424;0;0.00302159941065075;0.15108626726978;0.5;4
"2-Multi";21;"C5 LEMA";1.17647058823529;0.176470588235294;1;2;1;1;0.0851178451798962;0.0695189898039754;0;0.00895062245619829;0.21533705676239;0.5;2
"2-Multi";22;"D1 CHFU";1.33333333333333;0.333333333333333;1;2;1;1;0.0680902949248706;0.076932041970674;0.00205900762925916;0;0.404116032869521;0.5;2
"2-Multi";23;"D1 LEMA";1.80392156862745;0.803921568627451;1;6;3;3;0.250965211887652;0.234162306876034;0;0.0240743616733641;0.19262324584998;0.5;4
"2-Multi";24;"D2 CHFU";1.14285714285714;0.142857142857143;1;2;1;1;0.0774275016955901;0.0592306951858665;1;0;0.255487320388057;0.5;2
"2-Multi";25;"D2 LEMA";1.22549019607843;0.225490196078431;1;4;2;2;0.0884628498408725;0.0777482931070634;0;0.00379956742215279;0.221240142492048;0.5;4
"2-Multi";26;"D4 LEMA";1.05555555555556;0.0555555555555556;1;2;1;1;0.0559092552035793;0.00950734165131721;0;3.80585919180062e-05;0.0868354777771706;0.5;2
"2-Multi";27;"D5 CHFU";1.07142857142857;0.0714285714285714;1;2;1;1;0.0562461424024146;0.0296153475929332;1;0;0.255487320388057;0.5;2
"2-Multi";28;"D5 LEMA";1.08333333333333;0.0833333333333333;1;2;1;1;0.0534216394636627;0.0272876482528691;0;0.000408013301710011;0.224191685356877;0.5;2
"2-Multi";29;"E1 CHFU";2.33333333333333;1.33333333333333;1;4;2;2;0.13539672573901;0.176860049062997;0.0011814166089972;0;0.39876202868084;0.5;2
"2-Multi";30;"E1 LEMA";1.50653594771242;0.506535947712418;1;6;3;3;0.188525092239917;0.138950656313657;0;0.0069353426085575;0.153299924418402;0.5;4
"2-Multi";31;"E5 LEMA";1.16666666666667;0.166666666666667;1;2;1;1;0.0549569634187455;0.0202563091114815;0;9.18593477480617e-05;0.328276062769125;0.5;2
"2-Multi";32;"F1 LEMA";1.05555555555556;0.0555555555555556;1;2;1;1;0.0559092552036238;0.00950734165131722;0;3.80585919180032e-05;0.0868354777771706;0.5;2
"2-Multi";33;"F4 LEMA";1.33333333333333;0.333333333333333;1;2;1;1;0.0748491437277162;0.0405126182229629;0;0.000183718695496099;0.328276062769125;0.5;2
"2-Multi";34;"F5 CHFU";1.07142857142857;0.0714285714285714;1;2;1;1;0.0562461424024859;0.0296153475929332;1;0;0.255487320388057;0.5;2
"2-Multi";35;"F6 CHFU";1.73333333333333;0.733333333333333;1;4;2;2;0.146645918055122;0.224130710078367;0.0745560131989943;0;0.3012410432724;0.5;2
"2-Multi";36;"Beetles";1.2;0.2;1;2;1;1;0.0561011354928161;0.0203059188302049;0.00184301522822522;0;0.1668334616898;0.5;2
"2-Multi";37;"Flies";6.55714285714286;3.62857142857143;2.92857142857143;12;6;6;0.34069464667056;0.618734051097504;0.000996496507725409;0.002059007629259;1;1;2
"2-Multi";38;"Flower_beetles";9.25;8.25;1;22;11;11;0.458944741782458;0.211651623697066;0.00598480310420497;0;0.107392308928137;0.5;4
"2-Multi";39;"Hoverflies";11.3738095238095;8.4452380952381;2.92857142857143;28;14;14;0.716791238596797;0.860111871032797;0.0427740343081704;0.092680264591428;0.618023702026542;1;4
"2-Multi";40;"Small_beetles";7.77380952380952;4.84523809523809;2.92857142857143;16;8;8;0.319369469265989;0.273903000172134;0.00481503283794141;0.000303825588735029;0.892553083195496;1;4
"2-Multi";41;"Small_flies";16.2738095238095;13.3452380952381;2.92857142857143;38;19;19;1;1;0.443103877923545;1;0.58229346216687;1;4
"Aggr";1;"A1 CHFU";1.07142857142857;0.0714285714285714;1;2;1;1;0.0536478162847099;0.0519237952911914;1;0;0.420931749762333;0;2
"Aggr";2;"A1 LEMA";1.30882352941176;0.308823529411765;1;6;3;3;0.0937359262518171;0.13509236175798;0.411022852615254;0;0.524572862927205;0;4
"Aggr";3;"A2 LEMA";2.33333333333333;1.33333333333333;1;4;2;2;0.169522203888961;0.243776043538438;0.166445137080398;0;0.399483041060052;0;2
"Aggr";4;"A3 CHFU";1.34285714285714;0.342857142857143;1;4;2;2;0.145168058893457;0.234654935630944;0.603647552623211;0;0.433754637219027;0;4
"Aggr";5;"A3 LEMA";2;1;1;2;1;1;0.16863633970062;0.509044216586933;0.00458381094502405;0;0.726931535824389;0;2
"Aggr";6;"A4 CHFU";1.14285714285714;0.142857142857143;1;2;1;1;0.0840049591418528;0.103847590582382;1;0;0.420931749762333;0;2
"Aggr";7;"A4 LEMA";1.16666666666667;0.166666666666667;1;2;1;1;0.0432513013553151;0.0378285287283337;0.025773452599341;0;0.706209314343559;0;2
"Aggr";8;"A5 CHFU";1.14285714285714;0.142857142857143;1;2;1;1;0.0840049591418528;0.103847590582382;1;0;0.420931749762333;0;2
"Aggr";9;"A6 LEMA";1.05555555555556;0.0555555555555556;1;2;1;1;0.0518623821604245;0.0127505922804762;0.196238091568325;0;0.12117236857383;0;2
"Aggr";10;"B1 CHFU";1.07142857142857;0.0714285714285714;1;2;1;1;0.0536478162847099;0.0519237952911908;1;0;0.420931749762333;0;2
"Aggr";11;"B2 CHFU";1.17142857142857;0.171428571428571;1;4;2;2;0.0842293661605121;0.117327467815472;0.603647552623211;0;0.433754637219028;0;4
"Aggr";12;"B2 LEMA";1.19444444444444;0.194444444444444;1;4;2;2;0.105918715789784;0.0800042449978533;0.199923762794358;0;0.229640753941128;0;4
"Aggr";13;"B3 CHFU";1.1;0.1;1;2;1;1;0.0538722233033693;0.0654036725242805;0.207295105246423;0;0.446577524675722;0;2
"Aggr";14;"B4 LEMA";1.11111111111111;0.111111111111111;1;2;1;1;0.0804340908932821;0.025501184560953;0.196238091568325;0;0.12117236857383;0;2
"Aggr";15;"B5 LEMA";1.05555555555556;0.0555555555555556;1;2;1;1;0.0518623821604245;0.0127505922804767;0.196238091568325;0;0.12117236857383;0;2
"Aggr";16;"C1 LEMA";1.19771241830065;0.197712418300654;1;6;3;3;0.102347007056926;0.110014425310122;0.467844398938249;0;0.329560547670628;0;4
"Aggr";17;"C3 CHFU";1.2;0.2;1;2;1;1;0.0844537731791715;0.130807345048561;0.207295105246423;0;0.446577524675722;0;2
"Aggr";18;"C3 LEMA";1.05555555555556;0.0555555555555556;1;2;1;1;0.0518623821604245;0.0127505922804766;0.196238091568325;0;0.12117236857383;0;2
"Aggr";19;"C4 CHFU";1.07142857142857;0.0714285714285714;1;2;1;1;0.0536478162847099;0.0519237952911911;1;0;0.420931749762333;0;2
"Aggr";20;"C4 LEMA";1.11437908496732;0.11437908496732;1;4;2;2;0.0768623821604246;0.0555113648732222;0.598119045784162;0;0.271052059168081;0;4
"Aggr";21;"C5 LEMA";1.17647058823529;0.176470588235294;1;2;1;1;0.098290673427567;0.128282317778237;1;0;0.420931749762333;0;2
"Aggr";22;"D1 CHFU";1.33333333333333;0.333333333333333;1;2;1;1;0.071739228851918;0.169681405528977;0.0045838109450241;0;0.726931535824389;0;2
"Aggr";23;"D1 LEMA";1.80392156862745;0.803921568627451;1;6;3;3;0.328966427553888;0.418166486311727;0.71787397727536;0;0.369765034846976;0;4
"Aggr";24;"D2 CHFU";1.14285714285714;0.142857142857143;1;2;1;1;0.0840049591418528;0.103847590582382;1;0;0.420931749762333;0;2
"Aggr";25;"D2 LEMA";1.22549019607843;0.225490196078431;1;4;2;2;0.0992599232205708;0.151766893466547;0.471530070164282;0;0.438028933037926;0;4
"Aggr";26;"D4 LEMA";1.05555555555556;0.0555555555555556;1;2;1;1;0.0518623821604245;0.0127505922804763;0.196238091568325;0;0.12117236857383;0;2
"Aggr";27;"D5 CHFU";1.07142857142857;0.0714285714285714;1;2;1;1;0.0536478162847099;0.0519237952911913;0.999999999999999;0;0.420931749762333;0;2
"Aggr";28;"D5 LEMA";1.08333333333333;0.0833333333333333;1;2;1;1;0.0487752983240689;0.0545030604369005;0.207295105246423;0;0.446577524675722;0;2
"Aggr";29;"E1 CHFU";2.33333333333333;1.33333333333333;1;4;2;2;0.191502996418407;0.396652577898978;0.0151786317721826;0;0.716570425083974;0;4
"Aggr";30;"E1 LEMA";1.50653594771242;0.506535947712418;1;6;3;3;0.238546758152001;0.245530035181198;0.399942822095768;0;0.277463502896429;0;4
"Aggr";31;"E5 LEMA";1.16666666666667;0.166666666666667;1;2;1;1;0.0432513013553151;0.0378285287283331;0.0257734525993414;0;0.706209314343559;0;2
"Aggr";32;"F1 LEMA";1.05555555555556;0.0555555555555556;1;2;1;1;0.0518623821604245;0.0127505922804762;0.196238091568325;0;0.12117236857383;0;2
"Aggr";33;"F4 LEMA";1.33333333333333;0.333333333333333;1;2;1;1;0.0632119292830633;0.0756570574566669;0.0257734525993411;0;0.706209314343559;0;2
"Aggr";34;"F5 CHFU";1.07142857142857;0.0714285714285714;1;2;1;1;0.0536478162847099;0.0519237952911913;0.999999999999999;0;0.420931749762333;0;2
"Aggr";35;"F6 CHFU";1.73333333333333;0.733333333333333;1;4;2;2;0.194065428355127;0.4312960956261;0.166752846386143;0;0.502648326905456;0;4
"Aggr";36;"Beetles";1.2;0.2;1;2;1;1;0.0521094480886902;0.0354417766684416;0;0.00304526441629809;0.290400226152729;0;2
"Aggr";37;"Flies";4.7;2.7;2;8;4;4;0.341989802995419;0.70026277896041;0;0.00458381094502399;1;0;4
"Aggr";38;"Flower_beetles";9.25;8.25;1;22;11;11;0.605047949636983;0.315724583582359;0;0.196238091568324;0.166683706511424;0;4
"Aggr";39;"Hoverflies";9.51666666666667;7.51666666666667;2;24;12;12;0.719565879430642;0.899720613331986;0;0.207295105246423;0.614329294436532;0;4
"Aggr";40;"Small_beetles";5.91666666666667;3.91666666666667;2;12;6;6;0.281797100156445;0.31223115542572;0;0.0257734525993408;0.971493349616759;0;4
"Aggr";41;"Small_flies";14.4166666666667;12.4166666666667;2;34;17;17;1;1;0;1;0.579049527740689;0;4
