"Layer";"Node";"Label";"Strength";"StrengthIn";"StrengthOut";"Degree";"DegreeIn";"DegreeOut";"PageRank";"Eigenvector";"Hub";"Authority";"Katz";"Multiplexity";"Kcore"
"1-Multi";1;"A1 LEMA";1.2531328320802;0.2531328320802;1;4;2;2;0.124450140242905;0.085188575849802;0.593716268119911;0;0.119497286858512;0.333333333333333;4
"1-Multi";2;"A2 CHFU";1.66666666666667;0.666666666666667;1;4;2;2;0.184096345859335;0.201967857327656;0;0.0410554701818511;0.11834322103203;0.333333333333333;4
"1-Multi";3;"A3 CHFU";2;1;1;4;2;2;0.237586233671501;0.290972233079535;0;0.0479079117829456;0.117904863125288;0.333333333333333;4
"1-Multi";4;"A3 LEMA";1.38095238095238;0.380952380952381;1;4;2;2;0.108269453777448;0.091536779373032;0.540120930966431;0;0.136624403483804;0.333333333333333;4
"1-Multi";5;"A4 LEMA";1.12454212454212;0.124542124542125;1;4;2;2;0.0871907233900151;0.0370227417681926;0.632244888589484;0;0.151764710217862;0.333333333333333;4
"1-Multi";6;"A5 CHFU";2;1;1;2;1;1;0.22982408609858;0.305329067103302;0;0.0364983206744038;0.114210166035415;0.333333333333333;2
"1-Multi";7;"A6 CHFU";1.33333333333333;0.333333333333333;1;2;1;1;0.130606458047169;0.112963481578017;0;0.0342030285807566;0.119658294752255;0.333333333333333;2
"1-Multi";8;"A6 LEMA";1.04761904761905;0.0476190476190476;1;2;1;1;0.0751762342217379;0.0179364646635849;1;0;0.123499946061446;0.333333333333333;2
"1-Multi";9;"B1 LEMA";1.48095238095238;0.480952380952381;1;6;3;3;0.126548824596439;0.115850327391369;0.408163404904321;0;0.13062084273706;0.333333333333333;4
"1-Multi";10;"B2 LEMA";1.1;0.1;1;2;1;1;0.0795685144529819;0.02431354801717;0.144248352780101;0;0.118613721243573;0.333333333333333;2
"1-Multi";11;"B3 CHFU";3;2;1;4;2;2;0.281504969196656;0.550633457348494;0;0.0471444056727743;0.182194811607281;0.333333333333333;2
"1-Multi";12;"B3 LEMA";1.55556198187777;0.555561981877771;1;8;4;4;0.167196257446057;0.152970134589701;0.440633488545312;0;0.150320044781683;0.333333333333333;6
"1-Multi";13;"B4 LEMA";1.47863890495469;0.478638904954694;1;8;4;4;0.15518176827778;0.133883857488326;0.465796875883361;0;0.14607584055417;0.333333333333333;6
"1-Multi";14;"B5 LEMA";1.04761904761905;0.0476190476190476;1;2;1;1;0.0751762342217378;0.0179364646605343;1;0;0.123499946061446;0.333333333333333;2
"1-Multi";15;"B6 LEMA";1.21052631578947;0.210526315789474;1;2;1;1;0.108471564211884;0.0657541953603948;0.322860446866519;0;0.11682884738989;0.333333333333333;2
"1-Multi";16;"C1 LEMA";1.58646616541353;0.586466165413534;1;6;3;3;0.146244516265164;0.0935186773360663;0.501320144208028;0;0.10816304189639;0.333333333333333;4
"1-Multi";17;"C3 LEMA";1.1;0.1;1;2;1;1;0.079568514452982;0.0243135480171566;0.144248352780101;0;0.118613721243573;0.333333333333333;2
"1-Multi";18;"C4 LEMA";1.5952380952381;0.595238095238095;1;4;2;2;0.137409191958989;0.0701567477068701;0.528960927354611;0;0.120991536585961;0.333333333333333;4
"1-Multi";19;"C6 LEMA";1.12955465587045;0.129554655870445;1;4;2;2;0.0850992379467413;0.0355248259439803;0.293675112022744;0;0.148429160882084;0.333333333333333;4
"1-Multi";20;"D1 LEMA";1.22479275110854;0.224792751108541;1;6;3;3;0.112873419122235;0.0713977552682207;0.646837556011372;0;0.135964553471765;0.333333333333333;6
"1-Multi";21;"D2 LEMA";1.25;0.25;1;2;1;1;0.0854620772087433;0.0171419091915866;0.057921854709222;0;0.118483127110476;0.333333333333333;2
"1-Multi";22;"D3 LEMA";1.47955465587045;0.479554655870445;1;8;4;4;0.127551542340485;0.0769802831485288;0.197380107883703;0;0.133488792529554;0.333333333333333;6
"1-Multi";23;"D4 LEMA";1.04761904761905;0.0476190476190476;1;2;1;1;0.0751762342217382;0.0179364646658676;1;0;0.123499946061446;0.333333333333333;2
"1-Multi";24;"D5 LEMA";1.43358395989975;0.433583959899749;1;6;3;3;0.10876621538847;0.0427051149892398;0.45406665717171;0;0.0972735368457045;0.333333333333333;4
"1-Multi";25;"D6 LEMA";1.33333333333333;0.333333333333333;1;2;1;1;0.0943823631897007;0.0736003147099859;0.0802418619328623;0;0.149748860906163;0.333333333333333;2
"1-Multi";26;"E1 LEMA";1.53333333333333;0.533333333333333;1;4;2;2;0.119642261294232;0.0569571975142118;0.109278743402938;0;0.0962397531909746;0.333333333333333;4
"1-Multi";27;"E2 LEMA";1.07692307692308;0.0769230769230769;1;2;1;1;0.0733036328022682;0.0190862771037797;0.264489777178968;0;0.180029474374278;0.333333333333333;2
"1-Multi";28;"E3 CHFU";1.5;0.5;1;2;1;1;0.115134603995567;0.0335150798702882;0;0.00301805263942734;0.115827302099791;0.333333333333333;2
"1-Multi";29;"E5 ME";2;1;1;2;1;1;0.0982461076157103;0.0628938942617494;0.00634555414149466;0;0.318396639124946;0.333333333333333;2
"1-Multi";30;"F2 CHFU";1.5;0.5;1;2;1;1;0.115134603995567;0.0335150798738736;0;0.00301805263942734;0.115827302099791;0.333333333333333;2
"1-Multi";31;"F2 LEMA";1.05263157894737;0.0526315789473684;1;2;1;1;0.0730847487784643;0.0164385488413533;0.322860446866519;0;0.11682884738989;0.333333333333333;2
"1-Multi";32;"F3 LEMA";1.04761904761905;0.0476190476190476;1;2;1;1;0.0751762342217382;0.0179364646655654;1;0;0.123499946061446;0.333333333333333;2
"1-Multi";33;"F4 LEMA";1.12454212454212;0.124542124542125;1;4;2;2;0.0871907233900148;0.0370227417656979;0.632244888589484;0;0.151764710217862;0.333333333333333;4
"1-Multi";34;"F5 LEMA";1.20526315789474;0.205263157894737;1;4;2;2;0.103159724741928;0.0571906456945858;0.263323082171046;0;0.117423805341117;0.333333333333333;4
"1-Multi";35;"F6 LEMA";1.1;0.1;1;2;1;1;0.079568514452982;0.0243135480172884;0.144248352780101;0;0.118613721243573;0.333333333333333;2
"1-Multi";36;"Bees";8.41666666666667;5.08333333333333;3.33333333333333;14;7;7;0.42118001850969;0.189499854750104;0.0416326224455754;0.0579218547092217;0.327442618495445;0.666666666666667;4
"1-Multi";37;"Beetles";1.83333333333333;0.833333333333333;1;6;3;3;0.117780756226715;0.034924306902056;0;0.0393395246486119;0.0719574614183808;0.333333333333333;4
"1-Multi";38;"Flies";7.16666666666667;3.83333333333333;3.33333333333333;12;6;6;0.438077671648097;0.718445888802714;0.100638980294683;0.0802418619328619;0.439470395117476;0.666666666666667;4
"1-Multi";39;"Flower_beetles";11.0345238095238;7.70119047619048;3.33333333333333;28;14;14;0.790334499269331;0.863190749839647;0.251738618585417;0.322860446866518;0.322870722553091;0.666666666666667;6
"1-Multi";40;"Hoverflies";13.2619047619048;7.76190476190476;5.5;28;14;14;0.622904401340025;0.794293283820233;0.224528516149002;0.270835331320462;1;1;6
"1-Multi";41;"Small_beetles";10.6845238095238;7.35119047619048;3.33333333333333;26;13;13;0.693495149106225;0.712939955708705;0.141789333102648;0.1442483527801;0.329303342579306;0.666666666666667;6
"1-Multi";42;"Small_flies";14.9357142857143;11.602380952381;3.33333333333333;40;20;20;1;1;0.707722136848518;1;0.339807685068271;0.666666666666667;6
"2-Multi";1;"A1 LEMA";1.2531328320802;0.2531328320802;1;4;2;2;0.124450140242905;0.085188575849802;0.593716268119911;0;0.119497286858512;0.333333333333333;4
"2-Multi";2;"A2 CHFU";1.66666666666667;0.666666666666667;1;4;2;2;0.184096345859335;0.201967857327656;0;0.0410554701818511;0.11834322103203;0.333333333333333;4
"2-Multi";3;"A3 CHFU";2;1;1;4;2;2;0.237586233671501;0.290972233079535;0;0.0479079117829456;0.117904863125288;0.333333333333333;4
"2-Multi";4;"A3 LEMA";1.38095238095238;0.380952380952381;1;4;2;2;0.108269453777448;0.091536779373032;0.540120930966431;0;0.136624403483804;0.333333333333333;4
"2-Multi";5;"A4 LEMA";1.12454212454212;0.124542124542125;1;4;2;2;0.0871907233900151;0.0370227417681926;0.632244888589484;0;0.151764710217862;0.333333333333333;4
"2-Multi";6;"A5 CHFU";2;1;1;2;1;1;0.22982408609858;0.305329067103302;0;0.0364983206744038;0.114210166035415;0.333333333333333;2
"2-Multi";7;"A6 CHFU";1.33333333333333;0.333333333333333;1;2;1;1;0.130606458047169;0.112963481578017;0;0.0342030285807566;0.119658294752255;0.333333333333333;2
"2-Multi";8;"A6 LEMA";1.04761904761905;0.0476190476190476;1;2;1;1;0.0751762342217379;0.0179364646635849;1;0;0.123499946061446;0.333333333333333;2
"2-Multi";9;"B1 LEMA";1.48095238095238;0.480952380952381;1;6;3;3;0.126548824596439;0.115850327391369;0.408163404904321;0;0.13062084273706;0.333333333333333;4
"2-Multi";10;"B2 LEMA";1.1;0.1;1;2;1;1;0.0795685144529819;0.02431354801717;0.144248352780101;0;0.118613721243573;0.333333333333333;2
"2-Multi";11;"B3 CHFU";3;2;1;4;2;2;0.281504969196656;0.550633457348494;0;0.0471444056727743;0.182194811607281;0.333333333333333;2
"2-Multi";12;"B3 LEMA";1.55556198187777;0.555561981877771;1;8;4;4;0.167196257446057;0.152970134589701;0.440633488545312;0;0.150320044781683;0.333333333333333;6
"2-Multi";13;"B4 LEMA";1.47863890495469;0.478638904954694;1;8;4;4;0.15518176827778;0.133883857488326;0.465796875883361;0;0.14607584055417;0.333333333333333;6
"2-Multi";14;"B5 LEMA";1.04761904761905;0.0476190476190476;1;2;1;1;0.0751762342217378;0.0179364646605343;1;0;0.123499946061446;0.333333333333333;2
"2-Multi";15;"B6 LEMA";1.21052631578947;0.210526315789474;1;2;1;1;0.108471564211884;0.0657541953603948;0.322860446866519;0;0.11682884738989;0.333333333333333;2
"2-Multi";16;"C1 LEMA";1.58646616541353;0.586466165413534;1;6;3;3;0.146244516265164;0.0935186773360663;0.501320144208028;0;0.10816304189639;0.333333333333333;4
"2-Multi";17;"C3 LEMA";1.1;0.1;1;2;1;1;0.079568514452982;0.0243135480171566;0.144248352780101;0;0.118613721243573;0.333333333333333;2
"2-Multi";18;"C4 LEMA";1.5952380952381;0.595238095238095;1;4;2;2;0.137409191958989;0.0701567477068701;0.528960927354611;0;0.120991536585961;0.333333333333333;4
"2-Multi";19;"C6 LEMA";1.12955465587045;0.129554655870445;1;4;2;2;0.0850992379467413;0.0355248259439803;0.293675112022744;0;0.148429160882084;0.333333333333333;4
"2-Multi";20;"D1 LEMA";1.22479275110854;0.224792751108541;1;6;3;3;0.112873419122235;0.0713977552682207;0.646837556011372;0;0.135964553471765;0.333333333333333;6
"2-Multi";21;"D2 LEMA";1.25;0.25;1;2;1;1;0.0854620772087433;0.0171419091915866;0.057921854709222;0;0.118483127110476;0.333333333333333;2
"2-Multi";22;"D3 LEMA";1.47955465587045;0.479554655870445;1;8;4;4;0.127551542340485;0.0769802831485288;0.197380107883703;0;0.133488792529554;0.333333333333333;6
"2-Multi";23;"D4 LEMA";1.04761904761905;0.0476190476190476;1;2;1;1;0.0751762342217382;0.0179364646658676;1;0;0.123499946061446;0.333333333333333;2
"2-Multi";24;"D5 LEMA";1.43358395989975;0.433583959899749;1;6;3;3;0.10876621538847;0.0427051149892398;0.45406665717171;0;0.0972735368457045;0.333333333333333;4
"2-Multi";25;"D6 LEMA";1.33333333333333;0.333333333333333;1;2;1;1;0.0943823631897007;0.0736003147099859;0.0802418619328623;0;0.149748860906163;0.333333333333333;2
"2-Multi";26;"E1 LEMA";1.53333333333333;0.533333333333333;1;4;2;2;0.119642261294232;0.0569571975142118;0.109278743402938;0;0.0962397531909746;0.333333333333333;4
"2-Multi";27;"E2 LEMA";1.07692307692308;0.0769230769230769;1;2;1;1;0.0733036328022682;0.0190862771037797;0.264489777178968;0;0.180029474374278;0.333333333333333;2
"2-Multi";28;"E3 CHFU";1.5;0.5;1;2;1;1;0.115134603995567;0.0335150798702882;0;0.00301805263942734;0.115827302099791;0.333333333333333;2
"2-Multi";29;"E5 ME";2;1;1;2;1;1;0.0982461076157103;0.0628938942617494;0.00634555414149466;0;0.318396639124946;0.333333333333333;2
"2-Multi";30;"F2 CHFU";1.5;0.5;1;2;1;1;0.115134603995567;0.0335150798738736;0;0.00301805263942734;0.115827302099791;0.333333333333333;2
"2-Multi";31;"F2 LEMA";1.05263157894737;0.0526315789473684;1;2;1;1;0.0730847487784643;0.0164385488413533;0.322860446866519;0;0.11682884738989;0.333333333333333;2
"2-Multi";32;"F3 LEMA";1.04761904761905;0.0476190476190476;1;2;1;1;0.0751762342217382;0.0179364646655654;1;0;0.123499946061446;0.333333333333333;2
"2-Multi";33;"F4 LEMA";1.12454212454212;0.124542124542125;1;4;2;2;0.0871907233900148;0.0370227417656979;0.632244888589484;0;0.151764710217862;0.333333333333333;4
"2-Multi";34;"F5 LEMA";1.20526315789474;0.205263157894737;1;4;2;2;0.103159724741928;0.0571906456945858;0.263323082171046;0;0.117423805341117;0.333333333333333;4
"2-Multi";35;"F6 LEMA";1.1;0.1;1;2;1;1;0.079568514452982;0.0243135480172884;0.144248352780101;0;0.118613721243573;0.333333333333333;2
"2-Multi";36;"Bees";8.41666666666667;5.08333333333333;3.33333333333333;14;7;7;0.42118001850969;0.189499854750104;0.0416326224455754;0.0579218547092217;0.327442618495445;0.666666666666667;4
"2-Multi";37;"Beetles";1.83333333333333;0.833333333333333;1;6;3;3;0.117780756226715;0.034924306902056;0;0.0393395246486119;0.0719574614183808;0.333333333333333;4
"2-Multi";38;"Flies";7.16666666666667;3.83333333333333;3.33333333333333;12;6;6;0.438077671648097;0.718445888802714;0.100638980294683;0.0802418619328619;0.439470395117476;0.666666666666667;4
"2-Multi";39;"Flower_beetles";11.0345238095238;7.70119047619048;3.33333333333333;28;14;14;0.790334499269331;0.863190749839647;0.251738618585417;0.322860446866518;0.322870722553091;0.666666666666667;6
"2-Multi";40;"Hoverflies";13.2619047619048;7.76190476190476;5.5;28;14;14;0.622904401340025;0.794293283820233;0.224528516149002;0.270835331320462;1;1;6
"2-Multi";41;"Small_beetles";10.6845238095238;7.35119047619048;3.33333333333333;26;13;13;0.693495149106225;0.712939955708705;0.141789333102648;0.1442483527801;0.329303342579306;0.666666666666667;6
"2-Multi";42;"Small_flies";14.9357142857143;11.602380952381;3.33333333333333;40;20;20;1;1;0.707722136848518;1;0.339807685068271;0.666666666666667;6
"3-Multi";1;"A1 LEMA";1.2531328320802;0.2531328320802;1;4;2;2;0.124450140242905;0.085188575849802;0.593716268119911;0;0.119497286858512;0.333333333333333;4
"3-Multi";2;"A2 CHFU";1.66666666666667;0.666666666666667;1;4;2;2;0.184096345859335;0.201967857327656;0;0.0410554701818511;0.11834322103203;0.333333333333333;4
"3-Multi";3;"A3 CHFU";2;1;1;4;2;2;0.237586233671501;0.290972233079535;0;0.0479079117829456;0.117904863125288;0.333333333333333;4
"3-Multi";4;"A3 LEMA";1.38095238095238;0.380952380952381;1;4;2;2;0.108269453777448;0.091536779373032;0.540120930966431;0;0.136624403483804;0.333333333333333;4
"3-Multi";5;"A4 LEMA";1.12454212454212;0.124542124542125;1;4;2;2;0.0871907233900151;0.0370227417681926;0.632244888589484;0;0.151764710217862;0.333333333333333;4
"3-Multi";6;"A5 CHFU";2;1;1;2;1;1;0.22982408609858;0.305329067103302;0;0.0364983206744038;0.114210166035415;0.333333333333333;2
"3-Multi";7;"A6 CHFU";1.33333333333333;0.333333333333333;1;2;1;1;0.130606458047169;0.112963481578017;0;0.0342030285807566;0.119658294752255;0.333333333333333;2
"3-Multi";8;"A6 LEMA";1.04761904761905;0.0476190476190476;1;2;1;1;0.0751762342217379;0.0179364646635849;1;0;0.123499946061446;0.333333333333333;2
"3-Multi";9;"B1 LEMA";1.48095238095238;0.480952380952381;1;6;3;3;0.126548824596439;0.115850327391369;0.408163404904321;0;0.13062084273706;0.333333333333333;4
"3-Multi";10;"B2 LEMA";1.1;0.1;1;2;1;1;0.0795685144529819;0.02431354801717;0.144248352780101;0;0.118613721243573;0.333333333333333;2
"3-Multi";11;"B3 CHFU";3;2;1;4;2;2;0.281504969196656;0.550633457348494;0;0.0471444056727743;0.182194811607281;0.333333333333333;2
"3-Multi";12;"B3 LEMA";1.55556198187777;0.555561981877771;1;8;4;4;0.167196257446057;0.152970134589701;0.440633488545312;0;0.150320044781683;0.333333333333333;6
"3-Multi";13;"B4 LEMA";1.47863890495469;0.478638904954694;1;8;4;4;0.15518176827778;0.133883857488326;0.465796875883361;0;0.14607584055417;0.333333333333333;6
"3-Multi";14;"B5 LEMA";1.04761904761905;0.0476190476190476;1;2;1;1;0.0751762342217378;0.0179364646605343;1;0;0.123499946061446;0.333333333333333;2
"3-Multi";15;"B6 LEMA";1.21052631578947;0.210526315789474;1;2;1;1;0.108471564211884;0.0657541953603948;0.322860446866519;0;0.11682884738989;0.333333333333333;2
"3-Multi";16;"C1 LEMA";1.58646616541353;0.586466165413534;1;6;3;3;0.146244516265164;0.0935186773360663;0.501320144208028;0;0.10816304189639;0.333333333333333;4
"3-Multi";17;"C3 LEMA";1.1;0.1;1;2;1;1;0.079568514452982;0.0243135480171566;0.144248352780101;0;0.118613721243573;0.333333333333333;2
"3-Multi";18;"C4 LEMA";1.5952380952381;0.595238095238095;1;4;2;2;0.137409191958989;0.0701567477068701;0.528960927354611;0;0.120991536585961;0.333333333333333;4
"3-Multi";19;"C6 LEMA";1.12955465587045;0.129554655870445;1;4;2;2;0.0850992379467413;0.0355248259439803;0.293675112022744;0;0.148429160882084;0.333333333333333;4
"3-Multi";20;"D1 LEMA";1.22479275110854;0.224792751108541;1;6;3;3;0.112873419122235;0.0713977552682207;0.646837556011372;0;0.135964553471765;0.333333333333333;6
"3-Multi";21;"D2 LEMA";1.25;0.25;1;2;1;1;0.0854620772087433;0.0171419091915866;0.057921854709222;0;0.118483127110476;0.333333333333333;2
"3-Multi";22;"D3 LEMA";1.47955465587045;0.479554655870445;1;8;4;4;0.127551542340485;0.0769802831485288;0.197380107883703;0;0.133488792529554;0.333333333333333;6
"3-Multi";23;"D4 LEMA";1.04761904761905;0.0476190476190476;1;2;1;1;0.0751762342217382;0.0179364646658676;1;0;0.123499946061446;0.333333333333333;2
"3-Multi";24;"D5 LEMA";1.43358395989975;0.433583959899749;1;6;3;3;0.10876621538847;0.0427051149892398;0.45406665717171;0;0.0972735368457045;0.333333333333333;4
"3-Multi";25;"D6 LEMA";1.33333333333333;0.333333333333333;1;2;1;1;0.0943823631897007;0.0736003147099859;0.0802418619328623;0;0.149748860906163;0.333333333333333;2
"3-Multi";26;"E1 LEMA";1.53333333333333;0.533333333333333;1;4;2;2;0.119642261294232;0.0569571975142118;0.109278743402938;0;0.0962397531909746;0.333333333333333;4
"3-Multi";27;"E2 LEMA";1.07692307692308;0.0769230769230769;1;2;1;1;0.0733036328022682;0.0190862771037797;0.264489777178968;0;0.180029474374278;0.333333333333333;2
"3-Multi";28;"E3 CHFU";1.5;0.5;1;2;1;1;0.115134603995567;0.0335150798702882;0;0.00301805263942734;0.115827302099791;0.333333333333333;2
"3-Multi";29;"E5 ME";2;1;1;2;1;1;0.0982461076157103;0.0628938942617494;0.00634555414149466;0;0.318396639124946;0.333333333333333;2
"3-Multi";30;"F2 CHFU";1.5;0.5;1;2;1;1;0.115134603995567;0.0335150798738736;0;0.00301805263942734;0.115827302099791;0.333333333333333;2
"3-Multi";31;"F2 LEMA";1.05263157894737;0.0526315789473684;1;2;1;1;0.0730847487784643;0.0164385488413533;0.322860446866519;0;0.11682884738989;0.333333333333333;2
"3-Multi";32;"F3 LEMA";1.04761904761905;0.0476190476190476;1;2;1;1;0.0751762342217382;0.0179364646655654;1;0;0.123499946061446;0.333333333333333;2
"3-Multi";33;"F4 LEMA";1.12454212454212;0.124542124542125;1;4;2;2;0.0871907233900148;0.0370227417656979;0.632244888589484;0;0.151764710217862;0.333333333333333;4
"3-Multi";34;"F5 LEMA";1.20526315789474;0.205263157894737;1;4;2;2;0.103159724741928;0.0571906456945858;0.263323082171046;0;0.117423805341117;0.333333333333333;4
"3-Multi";35;"F6 LEMA";1.1;0.1;1;2;1;1;0.079568514452982;0.0243135480172884;0.144248352780101;0;0.118613721243573;0.333333333333333;2
"3-Multi";36;"Bees";8.41666666666667;5.08333333333333;3.33333333333333;14;7;7;0.42118001850969;0.189499854750104;0.0416326224455754;0.0579218547092217;0.327442618495445;0.666666666666667;4
"3-Multi";37;"Beetles";1.83333333333333;0.833333333333333;1;6;3;3;0.117780756226715;0.034924306902056;0;0.0393395246486119;0.0719574614183808;0.333333333333333;4
"3-Multi";38;"Flies";7.16666666666667;3.83333333333333;3.33333333333333;12;6;6;0.438077671648097;0.718445888802714;0.100638980294683;0.0802418619328619;0.439470395117476;0.666666666666667;4
"3-Multi";39;"Flower_beetles";11.0345238095238;7.70119047619048;3.33333333333333;28;14;14;0.790334499269331;0.863190749839647;0.251738618585417;0.322860446866518;0.322870722553091;0.666666666666667;6
"3-Multi";40;"Hoverflies";13.2619047619048;7.76190476190476;5.5;28;14;14;0.622904401340025;0.794293283820233;0.224528516149002;0.270835331320462;1;1;6
"3-Multi";41;"Small_beetles";10.6845238095238;7.35119047619048;3.33333333333333;26;13;13;0.693495149106225;0.712939955708705;0.141789333102648;0.1442483527801;0.329303342579306;0.666666666666667;6
"3-Multi";42;"Small_flies";14.9357142857143;11.602380952381;3.33333333333333;40;20;20;1;1;0.707722136848518;1;0.339807685068271;0.666666666666667;6
"Aggr";1;"A1 LEMA";1.2531328320802;0.2531328320802;1;4;2;2;0.123575112063853;0.0841137660126264;0.568416998386031;0;0.1936409083289;0;4
"Aggr";2;"A2 CHFU";1.66666666666667;0.666666666666667;1;4;2;2;0.272298705192593;0.225006305450653;0.619028103753605;0;0.204011222733254;0;4
"Aggr";3;"A3 CHFU";2;1;1;4;2;2;0.37296280556604;0.314887354057882;0.492037471671472;0;0.201642649241527;0;4
"Aggr";4;"A3 LEMA";1.38095238095238;0.380952380952381;1;4;2;2;0.106158608260089;0.157846739995808;0.536420959821556;0;0.256662862999293;0;4
"Aggr";5;"A4 LEMA";1.12454212454212;0.124542124542125;1;4;2;2;0.0632520478048336;0.0642551930723387;0.621138869225869;0;0.437022490337979;0;4
"Aggr";6;"A5 CHFU";2;1;1;2;1;1;0.366464166575306;0.288208148553771;0.280694997310052;0;0.181990218409212;0;2
"Aggr";7;"A6 CHFU";1.33333333333333;0.333333333333333;1;2;1;1;0.171634604819147;0.135125256843424;1;0;0.211116943208433;0;2
"Aggr";8;"A6 LEMA";1.04761904761905;0.0476190476190476;1;2;1;1;0.050206033390575;0.0193036081204892;1;0;0.211116943208433;0;2
"Aggr";9;"B1 LEMA";1.48095238095238;0.480952380952381;1;6;3;3;0.136357838372123;0.184811054577977;0.436966042383441;0;0.23674374275222;0;4
"Aggr";10;"B2 LEMA";1.1;0.1;1;2;1;1;0.0601671682645138;0.0269643145821685;0.238056207507209;0;0.196905502258074;0;2
"Aggr";11;"B3 CHFU";3;2;1;4;2;2;0.367423850146383;1;0.129320525912655;0;0.422448534349277;0;4
"Aggr";12;"B3 LEMA";1.55556198187777;0.555561981877771;1;8;4;4;0.170537744209466;0.260546720554428;0.435982769828027;0;0.431605219619281;0;6
"Aggr";13;"B4 LEMA";1.47863890495469;0.478638904954694;1;8;4;4;0.157491729795208;0.215595135602578;0.463654917167497;0;0.398559102783818;0;6
"Aggr";14;"B5 LEMA";1.04761904761905;0.0476190476190476;1;2;1;1;0.0502060333905751;0.0193036081204892;1;0;0.211116943208433;0;2
"Aggr";15;"B6 LEMA";1.21052631578947;0.210526315789474;1;2;1;1;0.100809249399391;0.0606753996955307;0.280694997310052;0;0.181990218409212;0;2
"Aggr";16;"C1 LEMA";1.58646616541353;0.586466165413534;1;6;3;3;0.156300609240932;0.0913699379855037;0.479680785513314;0;0.17315100589461;0;4
"Aggr";17;"C3 LEMA";1.1;0.1;1;2;1;1;0.0601671682645138;0.0269643145821686;0.238056207507209;0;0.196905502258074;0;2
"Aggr";18;"C4 LEMA";1.5952380952381;0.595238095238095;1;4;2;2;0.146382713840975;0.0674141265571352;0.532679473161677;0;0.188246203011093;0;4
"Aggr";19;"C6 LEMA";1.12955465587045;0.129554655870445;1;4;2;2;0.0607242803784661;0.0601204348757322;0.261486367880896;0;0.422459127938368;0;4
"Aggr";20;"D1 LEMA";1.22479275110854;0.224792751108541;1;6;3;3;0.101200470854657;0.0987276511167106;0.630743183940447;0;0.316788035573401;0;6
"Aggr";21;"D2 LEMA";1.25;0.25;1;2;1;1;0.067937230758632;0.0144034551580784;0.0653589463233533;0;0.165375462813753;0;2
"Aggr";22;"D3 LEMA";1.47955465587045;0.479554655870445;1;8;4;4;0.128892803096652;0.101488204615979;0.206596972398088;0;0.301799805237141;0;6
"Aggr";23;"D4 LEMA";1.04761904761905;0.0476190476190476;1;2;1;1;0.050206033390575;0.0193036081204892;0.999999999999999;0;0.211116943208433;0;2
"Aggr";24;"D5 LEMA";1.43358395989975;0.433583959899749;1;6;3;3;0.100641858379382;0.0417286300172493;0.438898239486594;0;0.154602885113601;0;4
"Aggr";25;"D6 LEMA";1.33333333333333;0.333333333333333;1;2;1;1;0.0859205130219936;0.138543131875319;0.0728419196431126;0;0.302208782790154;0;2
"Aggr";26;"E1 LEMA";1.53333333333333;0.533333333333333;1;4;2;2;0.123091895553627;0.0611848011372146;0.17070404538805;0;0.154837499413102;0;4
"Aggr";27;"E2 LEMA";1.07692307692308;0.0769230769230769;1;2;1;1;0.0430139525667384;0.0449515849518495;0.242277738451739;0;0.662928037467524;0;2
"Aggr";28;"E3 CHFU";1.5;0.5;1;2;1;1;0.105906523364784;0.0288069103161568;0.0653589463233532;0;0.165375462813753;0;2
"Aggr";29;"E5 ME";2;1;1;2;1;1;0.199566125537841;0.584370604374044;0.242277738451739;0;0.662928037467524;0;2
"Aggr";30;"F2 CHFU";1.5;0.5;1;2;1;1;0.105906523364784;0.0288069103161568;0.0653589463233531;0;0.165375462813753;0;2
"Aggr";31;"F2 LEMA";1.05263157894737;0.0526315789473684;1;2;1;1;0.0476782659642075;0.0151688499238826;0.280694997310051;0;0.181990218409212;0;2
"Aggr";32;"F3 LEMA";1.04761904761905;0.0476190476190476;1;2;1;1;0.050206033390575;0.0193036081204891;1;0;0.211116943208433;0;2
"Aggr";33;"F4 LEMA";1.12454212454212;0.124542124542125;1;4;2;2;0.0632520478048336;0.0642551930723387;0.621138869225869;0;0.437022490337979;0;4
"Aggr";34;"F5 LEMA";1.20526315789474;0.205263157894737;1;4;2;2;0.0955878238879693;0.0573020144299339;0.266482067375771;0;0.186961979692166;0;4
"Aggr";35;"F6 LEMA";1.1;0.1;1;2;1;1;0.0601671682645138;0.0269643145821686;0.238056207507209;0;0.196905502258074;0;2
"Aggr";36;"Bees";5.75;3.75;2;10;5;5;0.357358048057903;0.0869077897075348;0;0.0653589463233529;0.249457396365254;0;4
"Aggr";37;"Beetles";1.83333333333333;0.833333333333333;1;6;3;3;0.115501754742631;0.0328368017072707;0;0.0359997211497307;0.106644654802947;0;4
"Aggr";38;"Flies";4.5;2.5;2;8;4;4;0.394959352020097;0.626957763170303;0;0.072841919643112;0.455866209163658;0;4
"Aggr";39;"Flower_beetles";8.36785714285714;6.36785714285714;2;24;12;12;0.79175583158312;0.434748692095257;0;0.280694997310052;0.274520239085038;0;6
"Aggr";40;"Hoverflies";8.26190476190476;5.26190476190476;3;20;10;10;0.598581837830686;0.88149608963305;0;0.242277738451739;1;0;6
"Aggr";41;"Small_beetles";8.01785714285714;6.01785714285714;2;22;11;11;0.710570120283154;0.406744242196737;0;0.238056207507208;0.297019481464934;0;6
"Aggr";42;"Small_flies";12.2690476190476;10.2690476190476;2;36;18;18;1;0.611490642889521;0;1;0.318456998695563;0;6
