"Layer";"Node";"Label";"Strength";"StrengthIn";"StrengthOut";"Degree";"DegreeIn";"DegreeOut";"PageRank";"Eigenvector";"Hub";"Authority";"Katz";"Multiplexity";"Kcore"
"1-Multi";1;"A1 LEMA";2.17457264957265;1.17457264957265;1;8;4;4;0.112260059288527;0.174514251173625;0.283679433004179;0.000725451179805288;0.101808078259748;0.333333333333333;6
"1-Multi";2;"A3 CHFU";1.2;0.2;1;2;1;1;0.0697721796570023;0.0265970325760027;0.0728205072770118;0.00495655471787255;0.145218193732743;0.333333333333333;2
"1-Multi";3;"A3 LEMA";1.05;0.05;1;2;1;1;0.0558243927527848;0.00155133771976486;0.968611961198547;1.77253987107018e-06;0.0172804783757697;0.333333333333333;2
"1-Multi";4;"A4 CHFU";1.4;0.4;1;2;1;1;0.0987858782735275;0.053194065152755;0.0728205072770117;0.00991310943574509;0.145218193732743;0.333333333333333;2
"1-Multi";5;"A4 LEMA";1.07692307692308;0.0769230769230769;1;2;1;1;0.0516900683276011;0.00908101784919993;0.327502285737049;0.000584821072831342;0.155901139402838;0.333333333333333;2
"1-Multi";6;"A5 LEMA";1.11111111111111;0.111111111111111;1;2;1;1;0.05279251451237;0.00187385734210572;0.0951968227877509;3.32662692349579e-06;0.0178593874360118;0.333333333333333;2
"1-Multi";7;"A5 ME";2;1;1;2;1;1;0.0986607549300655;0.00658582770801364;1.82009938816417e-05;0.00966048357455996;0.012209545746095;0.333333333333333;2
"1-Multi";8;"B1 CHFU";1.2;0.2;1;2;1;1;0.0697721796570028;0.0265970325765925;0.0728205072770116;0.00495655471787257;0.145218193732743;0.333333333333333;2
"1-Multi";9;"B1 LEMA";1.075;0.075;1;2;1;1;0.0633573486089394;0.00232700657920194;0.968611961198547;2.65880980658387e-06;0.0172804783757697;0.333333333333333;2
"1-Multi";10;"B1 ME";1.71428571428571;0.714285714285714;1;2;1;1;0.0737245687644306;0.0957916509145963;0.00121029281804331;0.00187365407473012;0.202443969196086;0.333333333333333;2
"1-Multi";11;"B2 LEMA";1.09090909090909;0.0909090909090909;1;2;1;1;0.0520854829018155;0.000307596098906639;0.0761157862790607;3.41852207217106e-06;0.00924155565854849;0.333333333333333;2
"1-Multi";12;"B3 LEMA";1.025;0.025;1;2;1;1;0.0482914368966322;0.000775668859265218;0.968611961198548;8.86269935528127e-07;0.0172804783757697;0.333333333333333;2
"1-Multi";13;"B4 LEMA";1.05;0.05;1;2;1;1;0.0558243927527842;0.00155133771991376;0.968611961198546;1.7725398710734e-06;0.0172804783757697;0.333333333333333;2
"1-Multi";14;"B5 ME";1.83333333333333;0.833333333333333;1;4;2;2;0.102943402212007;0.00492139242430765;5.13013345971147e-05;0.0318138946466334;0.0164738207727547;0.333333333333333;2
"1-Multi";15;"B6 LEMA";1.025;0.025;1;2;1;1;0.0482914368966311;0.000775668859756381;0.968611961198547;8.86269935539687e-07;0.0172804783757697;0.333333333333333;2
"1-Multi";16;"C1 LEMA";1.21303418803419;0.213034188034188;1;6;3;3;0.071257057655647;0.0117305440513746;0.429703338865099;0.000589033969690354;0.0867355361543643;0.333333333333333;6
"1-Multi";17;"C1 ME";1.33333333333333;0.333333333333333;1;2;1;1;0.0795339430810751;0.00421777180519867;3.72063341872349e-05;0.0307870771650687;0.0186670442289989;0.333333333333333;2
"1-Multi";18;"C3 LEMA";1.08846153846154;0.0884615384615385;1;4;2;2;0.0612901863963472;0.00609184664421242;0.754908736044714;0.000294183076286728;0.0634873653847924;0.333333333333333;4
"1-Multi";19;"C5 LEMA";1.13611111111111;0.136111111111111;1;4;2;2;0.0603254703685236;0.0026495262018351;0.531904391993149;4.21289685901824e-06;0.0175699329058907;0.333333333333333;4
"1-Multi";20;"C6 LEMA";1.11590909090909;0.115909090909091;1;4;2;2;0.0596184387579708;0.00108326495776334;0.522363873738804;4.30479200766914e-06;0.0132610170171591;0.333333333333333;4
"1-Multi";21;"D1 CHFU";2;1;1;2;1;1;0.107499078758331;0.205996335332841;0.00324685599551383;0.00112351413149559;0.146001963798989;0.333333333333333;2
"1-Multi";22;"D1 LEMA";2.36740481740482;1.36740481740482;1;10;5;5;0.134420169675796;0.018669272750275;0.387170513639027;0.00097619986390542;0.0689477216104221;0.333333333333333;6
"1-Multi";23;"D2 ME";1.5;0.5;1;2;1;1;0.0593281700577664;0.00165553304573989;3.19466327023165e-05;0.00226071176385823;0.0193376837253362;0.333333333333333;2
"1-Multi";24;"D3 ME";1.5;0.5;1;2;1;1;0.0641679401714081;0.000703620618771126;5.83488348020809e-05;0.00102681748156472;0.0153772090446326;0.333333333333333;2
"1-Multi";25;"D4 LEMA";1.10192307692308;0.101923076923077;1;4;2;2;0.0592230241837553;0.00985668670898111;0.541205510890882;0.000585707342766865;0.109694252393815;0.333333333333333;4
"1-Multi";26;"D5 LEMA";1.11111111111111;0.111111111111111;1;2;1;1;0.0527925145123691;0.00187385734279431;0.0951968227877507;3.3266269235173e-06;0.0178593874360118;0.333333333333333;2
"1-Multi";27;"D6 LEMA";1.14957264957265;0.14957264957265;1;4;2;2;0.0582583081559322;0.00641436626712164;0.2113495542624;0.000295737163339171;0.0868802634194249;0.333333333333333;4
"1-Multi";28;"E1 CHFU";1.2;0.2;1;2;1;1;0.0697721796570022;0.0265970325765656;0.0728205072770117;0.00495655471787257;0.145218193732743;0.333333333333333;2
"1-Multi";29;"E1 LEMA";1.26730769230769;0.267307692307692;1;4;2;2;0.090686316826749;0.0250295512033981;0.567918414035111;0.00146471149188493;0.103918391517687;0.333333333333333;4
"1-Multi";30;"E2 LEMA";1.14957264957265;0.14957264957265;1;4;2;2;0.0582583081559313;0.00641436626660469;0.2113495542624;0.000295737163339156;0.0868802634194249;0.333333333333333;4
"1-Multi";31;"E2 ME";2.14285714285714;1.14285714285714;1;4;2;2;0.101417773409342;0.0957010538905172;0.0082279646796212;0.0410359445132014;0.20386493787546;0.333333333333333;2
"1-Multi";32;"E3 LEMA";1.09090909090909;0.0909090909090909;1;2;1;1;0.0520854829018159;0.000307596098756828;0.0761157862790605;3.41852207216946e-06;0.00924155565854849;0.333333333333333;2
"1-Multi";33;"E4 LEMA";1.40833333333333;0.408333333333333;1;4;2;2;0.0776506814724078;0.00317353574622378;0.73437213236583;1.25134491315704e-05;0.0161757099122926;0.333333333333333;4
"1-Multi";34;"E4 ME";1.97619047619048;0.976190476190476;1;6;3;3;0.104696849643158;0.0250316350333555;0.000426481928311021;0.0334225197438729;0.080149565716807;0.333333333333333;2
"1-Multi";35;"E5 LEMA";1.06346153846154;0.0634615384615385;1;4;2;2;0.0537572305401929;0.00531617778395832;0.648057123467798;0.000293296806351191;0.0865908088893038;0.333333333333333;4
"1-Multi";36;"E6 LEMA";1.66035353535354;0.660353535353535;1;8;4;4;0.116077628517947;0.00690632690636516;0.630753132615903;2.10311379982464e-05;0.0157955924369088;0.333333333333333;6
"1-Multi";37;"F1 LEMA";1.12692307692308;0.126923076923077;1;4;2;2;0.0667559800399088;0.0106323555693571;0.648057123467798;0.000586593612702405;0.0865908088893038;0.333333333333333;4
"1-Multi";38;"F2 LEMA";1.08846153846154;0.0884615384615385;1;4;2;2;0.0612901863963464;0.00609184664435853;0.754908736044714;0.000294183076286732;0.0634873653847924;0.333333333333333;4
"1-Multi";39;"F3 LEMA";1.82144522144522;0.821445221445221;1;8;4;4;0.135562023843264;0.0184935196754846;0.465177700610018;0.00090088689453051;0.0524919457462817;0.333333333333333;6
"1-Multi";40;"F4 LEMA";1.025;0.025;1;2;1;1;0.0482914368966311;0.00077566885998176;0.968611961198547;8.86269935546486e-07;0.0172804783757697;0.333333333333333;2
"1-Multi";41;"F6 LEMA";1.33618881118881;0.336188811188811;1;6;3;3;0.0877382361242101;0.00623896608041522;0.304892321154556;0.000303552372567653;0.0401812569508506;0.333333333333333;6
"1-Multi";42;"Bees";6.94209956709957;3.370670995671;3.57142857142857;14;7;7;0.180246879166763;0.0115299976448163;0.0492548794260616;0.0327100807623514;0.0634297440164056;0.666666666666667;4
"1-Multi";43;"Flies";15.8206349206349;8.02698412698413;7.79365079365079;22;11;11;0.47795434784388;1;0.0451905574858665;0.0185827821523648;1;1;2
"1-Multi";44;"Flower_beetles";19.4898268398268;15.9183982683983;3.57142857142857;52;26;26;0.84435422461787;0.0860811692745493;1;1;0.0708169309076959;0.666666666666667;6
"1-Multi";45;"House_flies";6.93452380952381;3.36309523809524;3.57142857142857;10;5;5;0.195548483526009;0.00536468506849122;0.0232052220460747;0.0065855311559409;0.074061046194456;0.666666666666667;2
"1-Multi";46;"Hoverflies";10.3428571428571;6.77142857142857;3.57142857142857;24;12;12;0.35005694155214;0.0462144460287537;0.104878475897879;0.0982967073870057;0.0592317637205862;0.666666666666667;6
"1-Multi";47;"Small_beetles";4.62272727272727;3.62272727272727;1;14;7;7;0.173757050663917;0.00666804226113488;0.000406981526400218;0.0785793131613753;0.0182032042564672;0.333333333333333;6
"1-Multi";48;"Small_flies";23.5933621933622;15.7997113997114;7.79365079365079;50;25;25;1;0.645570527788615;0.790576668143574;0.429018517213784;0.997949669742289;1;6
"2-Multi";1;"A1 LEMA";2.17457264957265;1.17457264957265;1;8;4;4;0.112260059288527;0.174514251173625;0.283679433004179;0.000725451179805288;0.101808078259748;0.333333333333333;6
"2-Multi";2;"A3 CHFU";1.2;0.2;1;2;1;1;0.0697721796570023;0.0265970325760027;0.0728205072770118;0.00495655471787255;0.145218193732743;0.333333333333333;2
"2-Multi";3;"A3 LEMA";1.05;0.05;1;2;1;1;0.0558243927527848;0.00155133771976486;0.968611961198547;1.77253987107018e-06;0.0172804783757697;0.333333333333333;2
"2-Multi";4;"A4 CHFU";1.4;0.4;1;2;1;1;0.0987858782735275;0.053194065152755;0.0728205072770117;0.00991310943574509;0.145218193732743;0.333333333333333;2
"2-Multi";5;"A4 LEMA";1.07692307692308;0.0769230769230769;1;2;1;1;0.0516900683276011;0.00908101784919993;0.327502285737049;0.000584821072831342;0.155901139402838;0.333333333333333;2
"2-Multi";6;"A5 LEMA";1.11111111111111;0.111111111111111;1;2;1;1;0.05279251451237;0.00187385734210572;0.0951968227877509;3.32662692349579e-06;0.0178593874360118;0.333333333333333;2
"2-Multi";7;"A5 ME";2;1;1;2;1;1;0.0986607549300655;0.00658582770801364;1.82009938816417e-05;0.00966048357455996;0.012209545746095;0.333333333333333;2
"2-Multi";8;"B1 CHFU";1.2;0.2;1;2;1;1;0.0697721796570028;0.0265970325765925;0.0728205072770116;0.00495655471787257;0.145218193732743;0.333333333333333;2
"2-Multi";9;"B1 LEMA";1.075;0.075;1;2;1;1;0.0633573486089394;0.00232700657920194;0.968611961198547;2.65880980658387e-06;0.0172804783757697;0.333333333333333;2
"2-Multi";10;"B1 ME";1.71428571428571;0.714285714285714;1;2;1;1;0.0737245687644306;0.0957916509145963;0.00121029281804331;0.00187365407473012;0.202443969196086;0.333333333333333;2
"2-Multi";11;"B2 LEMA";1.09090909090909;0.0909090909090909;1;2;1;1;0.0520854829018155;0.000307596098906639;0.0761157862790607;3.41852207217106e-06;0.00924155565854849;0.333333333333333;2
"2-Multi";12;"B3 LEMA";1.025;0.025;1;2;1;1;0.0482914368966322;0.000775668859265218;0.968611961198548;8.86269935528127e-07;0.0172804783757697;0.333333333333333;2
"2-Multi";13;"B4 LEMA";1.05;0.05;1;2;1;1;0.0558243927527842;0.00155133771991376;0.968611961198546;1.7725398710734e-06;0.0172804783757697;0.333333333333333;2
"2-Multi";14;"B5 ME";1.83333333333333;0.833333333333333;1;4;2;2;0.102943402212007;0.00492139242430765;5.13013345971147e-05;0.0318138946466334;0.0164738207727547;0.333333333333333;2
"2-Multi";15;"B6 LEMA";1.025;0.025;1;2;1;1;0.0482914368966311;0.000775668859756381;0.968611961198547;8.86269935539687e-07;0.0172804783757697;0.333333333333333;2
"2-Multi";16;"C1 LEMA";1.21303418803419;0.213034188034188;1;6;3;3;0.071257057655647;0.0117305440513746;0.429703338865099;0.000589033969690354;0.0867355361543643;0.333333333333333;6
"2-Multi";17;"C1 ME";1.33333333333333;0.333333333333333;1;2;1;1;0.0795339430810751;0.00421777180519867;3.72063341872349e-05;0.0307870771650687;0.0186670442289989;0.333333333333333;2
"2-Multi";18;"C3 LEMA";1.08846153846154;0.0884615384615385;1;4;2;2;0.0612901863963472;0.00609184664421242;0.754908736044714;0.000294183076286728;0.0634873653847924;0.333333333333333;4
"2-Multi";19;"C5 LEMA";1.13611111111111;0.136111111111111;1;4;2;2;0.0603254703685236;0.0026495262018351;0.531904391993149;4.21289685901824e-06;0.0175699329058907;0.333333333333333;4
"2-Multi";20;"C6 LEMA";1.11590909090909;0.115909090909091;1;4;2;2;0.0596184387579708;0.00108326495776334;0.522363873738804;4.30479200766914e-06;0.0132610170171591;0.333333333333333;4
"2-Multi";21;"D1 CHFU";2;1;1;2;1;1;0.107499078758331;0.205996335332841;0.00324685599551383;0.00112351413149559;0.146001963798989;0.333333333333333;2
"2-Multi";22;"D1 LEMA";2.36740481740482;1.36740481740482;1;10;5;5;0.134420169675796;0.018669272750275;0.387170513639027;0.00097619986390542;0.0689477216104221;0.333333333333333;6
"2-Multi";23;"D2 ME";1.5;0.5;1;2;1;1;0.0593281700577664;0.00165553304573989;3.19466327023165e-05;0.00226071176385823;0.0193376837253362;0.333333333333333;2
"2-Multi";24;"D3 ME";1.5;0.5;1;2;1;1;0.0641679401714081;0.000703620618771126;5.83488348020809e-05;0.00102681748156472;0.0153772090446326;0.333333333333333;2
"2-Multi";25;"D4 LEMA";1.10192307692308;0.101923076923077;1;4;2;2;0.0592230241837553;0.00985668670898111;0.541205510890882;0.000585707342766865;0.109694252393815;0.333333333333333;4
"2-Multi";26;"D5 LEMA";1.11111111111111;0.111111111111111;1;2;1;1;0.0527925145123691;0.00187385734279431;0.0951968227877507;3.3266269235173e-06;0.0178593874360118;0.333333333333333;2
"2-Multi";27;"D6 LEMA";1.14957264957265;0.14957264957265;1;4;2;2;0.0582583081559322;0.00641436626712164;0.2113495542624;0.000295737163339171;0.0868802634194249;0.333333333333333;4
"2-Multi";28;"E1 CHFU";1.2;0.2;1;2;1;1;0.0697721796570022;0.0265970325765656;0.0728205072770117;0.00495655471787257;0.145218193732743;0.333333333333333;2
"2-Multi";29;"E1 LEMA";1.26730769230769;0.267307692307692;1;4;2;2;0.090686316826749;0.0250295512033981;0.567918414035111;0.00146471149188493;0.103918391517687;0.333333333333333;4
"2-Multi";30;"E2 LEMA";1.14957264957265;0.14957264957265;1;4;2;2;0.0582583081559313;0.00641436626660469;0.2113495542624;0.000295737163339156;0.0868802634194249;0.333333333333333;4
"2-Multi";31;"E2 ME";2.14285714285714;1.14285714285714;1;4;2;2;0.101417773409342;0.0957010538905172;0.0082279646796212;0.0410359445132014;0.20386493787546;0.333333333333333;2
"2-Multi";32;"E3 LEMA";1.09090909090909;0.0909090909090909;1;2;1;1;0.0520854829018159;0.000307596098756828;0.0761157862790605;3.41852207216946e-06;0.00924155565854849;0.333333333333333;2
"2-Multi";33;"E4 LEMA";1.40833333333333;0.408333333333333;1;4;2;2;0.0776506814724078;0.00317353574622378;0.73437213236583;1.25134491315704e-05;0.0161757099122926;0.333333333333333;4
"2-Multi";34;"E4 ME";1.97619047619048;0.976190476190476;1;6;3;3;0.104696849643158;0.0250316350333555;0.000426481928311021;0.0334225197438729;0.080149565716807;0.333333333333333;2
"2-Multi";35;"E5 LEMA";1.06346153846154;0.0634615384615385;1;4;2;2;0.0537572305401929;0.00531617778395832;0.648057123467798;0.000293296806351191;0.0865908088893038;0.333333333333333;4
"2-Multi";36;"E6 LEMA";1.66035353535354;0.660353535353535;1;8;4;4;0.116077628517947;0.00690632690636516;0.630753132615903;2.10311379982464e-05;0.0157955924369088;0.333333333333333;6
"2-Multi";37;"F1 LEMA";1.12692307692308;0.126923076923077;1;4;2;2;0.0667559800399088;0.0106323555693571;0.648057123467798;0.000586593612702405;0.0865908088893038;0.333333333333333;4
"2-Multi";38;"F2 LEMA";1.08846153846154;0.0884615384615385;1;4;2;2;0.0612901863963464;0.00609184664435853;0.754908736044714;0.000294183076286732;0.0634873653847924;0.333333333333333;4
"2-Multi";39;"F3 LEMA";1.82144522144522;0.821445221445221;1;8;4;4;0.135562023843264;0.0184935196754846;0.465177700610018;0.00090088689453051;0.0524919457462817;0.333333333333333;6
"2-Multi";40;"F4 LEMA";1.025;0.025;1;2;1;1;0.0482914368966311;0.00077566885998176;0.968611961198547;8.86269935546486e-07;0.0172804783757697;0.333333333333333;2
"2-Multi";41;"F6 LEMA";1.33618881118881;0.336188811188811;1;6;3;3;0.0877382361242101;0.00623896608041522;0.304892321154556;0.000303552372567653;0.0401812569508506;0.333333333333333;6
"2-Multi";42;"Bees";6.94209956709957;3.370670995671;3.57142857142857;14;7;7;0.180246879166763;0.0115299976448163;0.0492548794260616;0.0327100807623514;0.0634297440164056;0.666666666666667;4
"2-Multi";43;"Flies";15.8206349206349;8.02698412698413;7.79365079365079;22;11;11;0.47795434784388;1;0.0451905574858665;0.0185827821523648;1;1;2
"2-Multi";44;"Flower_beetles";19.4898268398268;15.9183982683983;3.57142857142857;52;26;26;0.84435422461787;0.0860811692745493;1;1;0.0708169309076959;0.666666666666667;6
"2-Multi";45;"House_flies";6.93452380952381;3.36309523809524;3.57142857142857;10;5;5;0.195548483526009;0.00536468506849122;0.0232052220460747;0.0065855311559409;0.074061046194456;0.666666666666667;2
"2-Multi";46;"Hoverflies";10.3428571428571;6.77142857142857;3.57142857142857;24;12;12;0.35005694155214;0.0462144460287537;0.104878475897879;0.0982967073870057;0.0592317637205862;0.666666666666667;6
"2-Multi";47;"Small_beetles";4.62272727272727;3.62272727272727;1;14;7;7;0.173757050663917;0.00666804226113488;0.000406981526400218;0.0785793131613753;0.0182032042564672;0.333333333333333;6
"2-Multi";48;"Small_flies";23.5933621933622;15.7997113997114;7.79365079365079;50;25;25;1;0.645570527788615;0.790576668143574;0.429018517213784;0.997949669742289;1;6
"3-Multi";1;"A1 LEMA";2.17457264957265;1.17457264957265;1;8;4;4;0.112260059288527;0.174514251173625;0.283679433004179;0.000725451179805288;0.101808078259748;0.333333333333333;6
"3-Multi";2;"A3 CHFU";1.2;0.2;1;2;1;1;0.0697721796570023;0.0265970325760027;0.0728205072770118;0.00495655471787255;0.145218193732743;0.333333333333333;2
"3-Multi";3;"A3 LEMA";1.05;0.05;1;2;1;1;0.0558243927527848;0.00155133771976486;0.968611961198547;1.77253987107018e-06;0.0172804783757697;0.333333333333333;2
"3-Multi";4;"A4 CHFU";1.4;0.4;1;2;1;1;0.0987858782735275;0.053194065152755;0.0728205072770117;0.00991310943574509;0.145218193732743;0.333333333333333;2
"3-Multi";5;"A4 LEMA";1.07692307692308;0.0769230769230769;1;2;1;1;0.0516900683276011;0.00908101784919993;0.327502285737049;0.000584821072831342;0.155901139402838;0.333333333333333;2
"3-Multi";6;"A5 LEMA";1.11111111111111;0.111111111111111;1;2;1;1;0.05279251451237;0.00187385734210572;0.0951968227877509;3.32662692349579e-06;0.0178593874360118;0.333333333333333;2
"3-Multi";7;"A5 ME";2;1;1;2;1;1;0.0986607549300655;0.00658582770801364;1.82009938816417e-05;0.00966048357455996;0.012209545746095;0.333333333333333;2
"3-Multi";8;"B1 CHFU";1.2;0.2;1;2;1;1;0.0697721796570028;0.0265970325765925;0.0728205072770116;0.00495655471787257;0.145218193732743;0.333333333333333;2
"3-Multi";9;"B1 LEMA";1.075;0.075;1;2;1;1;0.0633573486089394;0.00232700657920194;0.968611961198547;2.65880980658387e-06;0.0172804783757697;0.333333333333333;2
"3-Multi";10;"B1 ME";1.71428571428571;0.714285714285714;1;2;1;1;0.0737245687644306;0.0957916509145963;0.00121029281804331;0.00187365407473012;0.202443969196086;0.333333333333333;2
"3-Multi";11;"B2 LEMA";1.09090909090909;0.0909090909090909;1;2;1;1;0.0520854829018155;0.000307596098906639;0.0761157862790607;3.41852207217106e-06;0.00924155565854849;0.333333333333333;2
"3-Multi";12;"B3 LEMA";1.025;0.025;1;2;1;1;0.0482914368966322;0.000775668859265218;0.968611961198548;8.86269935528127e-07;0.0172804783757697;0.333333333333333;2
"3-Multi";13;"B4 LEMA";1.05;0.05;1;2;1;1;0.0558243927527842;0.00155133771991376;0.968611961198546;1.7725398710734e-06;0.0172804783757697;0.333333333333333;2
"3-Multi";14;"B5 ME";1.83333333333333;0.833333333333333;1;4;2;2;0.102943402212007;0.00492139242430765;5.13013345971147e-05;0.0318138946466334;0.0164738207727547;0.333333333333333;2
"3-Multi";15;"B6 LEMA";1.025;0.025;1;2;1;1;0.0482914368966311;0.000775668859756381;0.968611961198547;8.86269935539687e-07;0.0172804783757697;0.333333333333333;2
"3-Multi";16;"C1 LEMA";1.21303418803419;0.213034188034188;1;6;3;3;0.071257057655647;0.0117305440513746;0.429703338865099;0.000589033969690354;0.0867355361543643;0.333333333333333;6
"3-Multi";17;"C1 ME";1.33333333333333;0.333333333333333;1;2;1;1;0.0795339430810751;0.00421777180519867;3.72063341872349e-05;0.0307870771650687;0.0186670442289989;0.333333333333333;2
"3-Multi";18;"C3 LEMA";1.08846153846154;0.0884615384615385;1;4;2;2;0.0612901863963472;0.00609184664421242;0.754908736044714;0.000294183076286728;0.0634873653847924;0.333333333333333;4
"3-Multi";19;"C5 LEMA";1.13611111111111;0.136111111111111;1;4;2;2;0.0603254703685236;0.0026495262018351;0.531904391993149;4.21289685901824e-06;0.0175699329058907;0.333333333333333;4
"3-Multi";20;"C6 LEMA";1.11590909090909;0.115909090909091;1;4;2;2;0.0596184387579708;0.00108326495776334;0.522363873738804;4.30479200766914e-06;0.0132610170171591;0.333333333333333;4
"3-Multi";21;"D1 CHFU";2;1;1;2;1;1;0.107499078758331;0.205996335332841;0.00324685599551383;0.00112351413149559;0.146001963798989;0.333333333333333;2
"3-Multi";22;"D1 LEMA";2.36740481740482;1.36740481740482;1;10;5;5;0.134420169675796;0.018669272750275;0.387170513639027;0.00097619986390542;0.0689477216104221;0.333333333333333;6
"3-Multi";23;"D2 ME";1.5;0.5;1;2;1;1;0.0593281700577664;0.00165553304573989;3.19466327023165e-05;0.00226071176385823;0.0193376837253362;0.333333333333333;2
"3-Multi";24;"D3 ME";1.5;0.5;1;2;1;1;0.0641679401714081;0.000703620618771126;5.83488348020809e-05;0.00102681748156472;0.0153772090446326;0.333333333333333;2
"3-Multi";25;"D4 LEMA";1.10192307692308;0.101923076923077;1;4;2;2;0.0592230241837553;0.00985668670898111;0.541205510890882;0.000585707342766865;0.109694252393815;0.333333333333333;4
"3-Multi";26;"D5 LEMA";1.11111111111111;0.111111111111111;1;2;1;1;0.0527925145123691;0.00187385734279431;0.0951968227877507;3.3266269235173e-06;0.0178593874360118;0.333333333333333;2
"3-Multi";27;"D6 LEMA";1.14957264957265;0.14957264957265;1;4;2;2;0.0582583081559322;0.00641436626712164;0.2113495542624;0.000295737163339171;0.0868802634194249;0.333333333333333;4
"3-Multi";28;"E1 CHFU";1.2;0.2;1;2;1;1;0.0697721796570022;0.0265970325765656;0.0728205072770117;0.00495655471787257;0.145218193732743;0.333333333333333;2
"3-Multi";29;"E1 LEMA";1.26730769230769;0.267307692307692;1;4;2;2;0.090686316826749;0.0250295512033981;0.567918414035111;0.00146471149188493;0.103918391517687;0.333333333333333;4
"3-Multi";30;"E2 LEMA";1.14957264957265;0.14957264957265;1;4;2;2;0.0582583081559313;0.00641436626660469;0.2113495542624;0.000295737163339156;0.0868802634194249;0.333333333333333;4
"3-Multi";31;"E2 ME";2.14285714285714;1.14285714285714;1;4;2;2;0.101417773409342;0.0957010538905172;0.0082279646796212;0.0410359445132014;0.20386493787546;0.333333333333333;2
"3-Multi";32;"E3 LEMA";1.09090909090909;0.0909090909090909;1;2;1;1;0.0520854829018159;0.000307596098756828;0.0761157862790605;3.41852207216946e-06;0.00924155565854849;0.333333333333333;2
"3-Multi";33;"E4 LEMA";1.40833333333333;0.408333333333333;1;4;2;2;0.0776506814724078;0.00317353574622378;0.73437213236583;1.25134491315704e-05;0.0161757099122926;0.333333333333333;4
"3-Multi";34;"E4 ME";1.97619047619048;0.976190476190476;1;6;3;3;0.104696849643158;0.0250316350333555;0.000426481928311021;0.0334225197438729;0.080149565716807;0.333333333333333;2
"3-Multi";35;"E5 LEMA";1.06346153846154;0.0634615384615385;1;4;2;2;0.0537572305401929;0.00531617778395832;0.648057123467798;0.000293296806351191;0.0865908088893038;0.333333333333333;4
"3-Multi";36;"E6 LEMA";1.66035353535354;0.660353535353535;1;8;4;4;0.116077628517947;0.00690632690636516;0.630753132615903;2.10311379982464e-05;0.0157955924369088;0.333333333333333;6
"3-Multi";37;"F1 LEMA";1.12692307692308;0.126923076923077;1;4;2;2;0.0667559800399088;0.0106323555693571;0.648057123467798;0.000586593612702405;0.0865908088893038;0.333333333333333;4
"3-Multi";38;"F2 LEMA";1.08846153846154;0.0884615384615385;1;4;2;2;0.0612901863963464;0.00609184664435853;0.754908736044714;0.000294183076286732;0.0634873653847924;0.333333333333333;4
"3-Multi";39;"F3 LEMA";1.82144522144522;0.821445221445221;1;8;4;4;0.135562023843264;0.0184935196754846;0.465177700610018;0.00090088689453051;0.0524919457462817;0.333333333333333;6
"3-Multi";40;"F4 LEMA";1.025;0.025;1;2;1;1;0.0482914368966311;0.00077566885998176;0.968611961198547;8.86269935546486e-07;0.0172804783757697;0.333333333333333;2
"3-Multi";41;"F6 LEMA";1.33618881118881;0.336188811188811;1;6;3;3;0.0877382361242101;0.00623896608041522;0.304892321154556;0.000303552372567653;0.0401812569508506;0.333333333333333;6
"3-Multi";42;"Bees";6.94209956709957;3.370670995671;3.57142857142857;14;7;7;0.180246879166763;0.0115299976448163;0.0492548794260616;0.0327100807623514;0.0634297440164056;0.666666666666667;4
"3-Multi";43;"Flies";15.8206349206349;8.02698412698413;7.79365079365079;22;11;11;0.47795434784388;1;0.0451905574858665;0.0185827821523648;1;1;2
"3-Multi";44;"Flower_beetles";19.4898268398268;15.9183982683983;3.57142857142857;52;26;26;0.84435422461787;0.0860811692745493;1;1;0.0708169309076959;0.666666666666667;6
"3-Multi";45;"House_flies";6.93452380952381;3.36309523809524;3.57142857142857;10;5;5;0.195548483526009;0.00536468506849122;0.0232052220460747;0.0065855311559409;0.074061046194456;0.666666666666667;2
"3-Multi";46;"Hoverflies";10.3428571428571;6.77142857142857;3.57142857142857;24;12;12;0.35005694155214;0.0462144460287537;0.104878475897879;0.0982967073870057;0.0592317637205862;0.666666666666667;6
"3-Multi";47;"Small_beetles";4.62272727272727;3.62272727272727;1;14;7;7;0.173757050663917;0.00666804226113488;0.000406981526400218;0.0785793131613753;0.0182032042564672;0.333333333333333;6
"3-Multi";48;"Small_flies";23.5933621933622;15.7997113997114;7.79365079365079;50;25;25;1;0.645570527788615;0.790576668143574;0.429018517213784;0.997949669742289;1;6
"Aggr";1;"A1 LEMA";2.17457264957265;1.17457264957265;1;8;4;4;0.223303571181196;0.652372816018869;0.337076088193488;0;0.442594460493093;0;6
"Aggr";2;"A3 CHFU";1.2;0.2;1;2;1;1;0.0733361254900159;0.0834234864683955;0.499086576516667;0;0.611867561653735;0;2
"Aggr";3;"A3 LEMA";1.05;0.05;1;2;1;1;0.0447464168923895;0.0123499265148711;1;0;0.192567769449384;0;2
"Aggr";4;"A4 CHFU";1.4;0.4;1;2;1;1;0.123175834087642;0.166846972936791;0.499086576516667;0;0.611867561653735;0;2
"Aggr";5;"A4 LEMA";1.07692307692308;0.0769230769230769;1;2;1;1;0.0426655355837843;0.0320859563339983;0.499086576516667;0;0.611867561653735;0;2
"Aggr";6;"A5 LEMA";1.11111111111111;0.111111111111111;1;2;1;1;0.0440872802306192;0.0163252903713228;0.105723198980674;0;0.180878383909413;0;2
"Aggr";7;"A5 ME";2;1;1;2;1;1;0.208814186936456;0.146927613341905;0.105723198980674;0;0.180878383909413;0;2
"Aggr";8;"B1 CHFU";1.2;0.2;1;2;1;1;0.0733361254900159;0.0834234864683955;0.499086576516667;0;0.611867561653735;0;2
"Aggr";9;"B1 LEMA";1.075;0.075;1;2;1;1;0.0553714168923894;0.0185248897723066;0.999999999999999;0;0.192567769449384;0;2
"Aggr";10;"B1 ME";1.71428571428571;0.714285714285714;1;2;1;1;0.137072653753017;0.438449703016508;0.0402853327350495;0;0.613829293726467;0;2
"Aggr";11;"B2 LEMA";1.09090909090909;0.0909090909090909;1;2;1;1;0.0428152481401395;0.00260120025543249;0.0785998850705811;0;0.0767045858606586;0;2
"Aggr";12;"B3 LEMA";1.025;0.025;1;2;1;1;0.0341214168923895;0.00617496325743555;0.999999999999999;0;0.192567769449384;0;2
"Aggr";13;"B4 LEMA";1.05;0.05;1;2;1;1;0.0447464168923895;0.0123499265148711;1;0;0.192567769449384;0;2
"Aggr";14;"B5 ME";1.83333333333333;0.833333333333333;1;4;2;2;0.21362728714762;0.10144433118554;0.351587399711793;0;0.198608313516772;0;4
"Aggr";15;"B6 LEMA";1.025;0.025;1;2;1;1;0.0341214168923895;0.00617496325743558;0.999999999999999;0;0.192567769449384;0;2
"Aggr";16;"C1 LEMA";1.21303418803419;0.213034188034188;1;6;3;3;0.0738813989220139;0.0545862099627566;0.525974088003502;0;0.399295319166567;0;6
"Aggr";17;"C1 ME";1.33333333333333;0.333333333333333;1;2;1;1;0.165163083559056;0.0823328434324741;0.999999999999999;0;0.192567769449384;0;2
"Aggr";18;"C3 LEMA";1.08846153846154;0.0884615384615385;1;4;2;2;0.0543309762380869;0.0283929046818703;0.833028858838889;0;0.332334366850834;0;4
"Aggr";19;"C5 LEMA";1.13611111111111;0.136111111111111;1;4;2;2;0.0547122802306191;0.0225002536287584;0.552861599490337;0;0.186723076679399;0;4
"Aggr";20;"C6 LEMA";1.11590909090909;0.115909090909091;1;4;2;2;0.0534402481401395;0.00877616351286807;0.53929994253529;0;0.134636177655021;0;4
"Aggr";21;"D1 CHFU";2;1;1;2;1;1;0.182503148497269;0.613829584223111;0.0402853327350494;0;0.613829293726467;0;2
"Aggr";22;"D1 LEMA";2.36740481740482;1.36740481740482;1;10;5;5;0.21033819669259;0.117628327148755;0.463620489146118;0;0.334993722397564;0;6
"Aggr";23;"D2 ME";1.5;0.5;1;2;1;1;0.0635892439773637;0.0204308855430058;0.04117360180146;0;0.17431125304335;0;2
"Aggr";24;"D3 ME";1.5;0.5;1;2;1;1;0.0719606204809536;0.0191114877530655;0.0273810995676901;0;0.201628585550465;0;2
"Aggr";25;"D4 LEMA";1.10192307692308;0.101923076923077;1;4;2;2;0.0532905355837842;0.0382609195914338;0.666057717677778;0;0.472100964252284;0;4
"Aggr";26;"D5 LEMA";1.11111111111111;0.111111111111111;1;2;1;1;0.0440872802306191;0.0163252903713228;0.105723198980674;0;0.180878383909413;0;2
"Aggr";27;"D6 LEMA";1.14957264957265;0.14957264957265;1;4;2;2;0.0536718395763165;0.032368268538322;0.302404887748671;0;0.396372972781574;0;4
"Aggr";28;"E1 CHFU";1.2;0.2;1;2;1;1;0.0733361254900159;0.0834234864683955;0.499086576516667;0;0.611867561653735;0;2
"Aggr";29;"E1 LEMA";1.26730769230769;0.267307692307692;1;4;2;2;0.103294213620876;0.0987397806073023;0.686929110322917;0;0.454630139577103;0;4
"Aggr";30;"E2 LEMA";1.14957264957265;0.14957264957265;1;4;2;2;0.0536718395763165;0.0323682685383219;0.302404887748671;0;0.396372972781574;0;4
"Aggr";31;"E2 ME";2.14285714285714;1.14285714285714;1;4;2;2;0.295410207252647;0.504807372945279;0.269685954625858;0;0.612848427690101;0;4
"Aggr";32;"E3 LEMA";1.09090909090909;0.0909090909090909;1;2;1;1;0.0428152481401395;0.00260120025543247;0.0785998850705811;0;0.0767045858606586;0;2
"Aggr";33;"E4 LEMA";1.40833333333333;0.408333333333333;1;4;2;2;0.0820999682823723;0.0321454801343105;0.760293400450365;0;0.188003640347876;0;4
"Aggr";34;"E4 ME";1.97619047619048;0.976190476190476;1;6;3;3;0.227971158016156;0.190453669578782;0.360486311512169;0;0.326902772073067;0;4
"Aggr";35;"E5 LEMA";1.06346153846154;0.0634615384615385;1;4;2;2;0.0437059762380868;0.0222179414244347;0.749543288258333;0;0.40221766555156;0;4
"Aggr";36;"E6 LEMA";1.66035353535354;0.660353535353535;1;8;4;4;0.143259662868352;0.0634218972759369;0.653187085731589;0;0.174341633757543;0;6
"Aggr";37;"F1 LEMA";1.12692307692308;0.126923076923077;1;4;2;2;0.0639155355837842;0.0444358828488694;0.749543288258333;0;0.402217665551559;0;4
"Aggr";38;"F2 LEMA";1.08846153846154;0.0884615384615385;1;4;2;2;0.0543309762380869;0.0283929046818702;0.833028858838889;0;0.332334366850834;0;4
"Aggr";39;"F3 LEMA";1.82144522144522;0.821445221445221;1;8;4;4;0.179435140062714;0.0942529786590409;0.524930271505746;0;0.273663524853097;0;6
"Aggr";40;"F4 LEMA";1.025;0.025;1;2;1;1;0.0341214168923895;0.00617496325743556;1;0;0.192567769449384;0;2
"Aggr";41;"F6 LEMA";1.33618881118881;0.336188811188811;1;6;3;3;0.101662469981337;0.0300215421907321;0.346977246345682;0;0.206909817737019;0;6
"Aggr";42;"Bees";3.79924242424242;1.79924242424242;2;10;5;5;0.188672127458703;0.066568591896279;0;0.0411736018014597;0.283966678693476;0;4
"Aggr";43;"Flies";6.23333333333333;3.23333333333333;3;10;5;5;0.561200229193693;1;0;0.0402853327350491;1;0;4
"Aggr";44;"Flower_beetles";16.3469696969697;14.3469696969697;2;48;24;24;1;0.402389419874629;0;1;0.313708971085803;0;6
"Aggr";45;"House_flies";3.79166666666667;1.79166666666667;2;6;3;3;0.228066840416773;0.0622696860636129;0;0.0273810995676898;0.328470245131622;0;4
"Aggr";46;"Hoverflies";7.2;5.2;2;20;10;10;0.436041811868393;0.239362222216551;0;0.105723198980675;0.294665407961048;0;6
"Aggr";47;"Small_beetles";4.62272727272727;3.62272727272727;1;14;7;7;0.250008404382647;0.0466142452973671;0;0.078599885070581;0.12495244124407;0;6
"Aggr";48;"Small_flies";14.0060606060606;11.0060606060606;3;38;19;19;0.879524269369878;0.679532956805755;0;0.499086576516668;0.996804077645212;0;6
