"Layer";"Node";"Label";"Strength";"StrengthIn";"StrengthOut";"Degree";"DegreeIn";"DegreeOut";"PageRank";"Eigenvector";"Hub";"Authority";"Katz";"Multiplexity";"Kcore"
"1-Multi";1;"A1 LEMA";1.14285714285714;0.142857142857143;1;2;1;1;0.0378819617203891;0.0206234576267121;0.0416382334769537;8.50612936809909e-05;0.143668641959656;0.333333333333333;2
"1-Multi";2;"A5 LEMA";1.01612903225806;0.0161290322580645;1;2;1;1;0.0354940793797622;0.000357527068356276;0.967210238920844;3.61086032950238e-08;0.00522229270722573;0.333333333333333;2
"1-Multi";3;"A6 CHFU";1.5;0.5;1;2;1;1;0.0608950829396226;0.000662321421004365;3.39415434570593e-06;0.0010495481648066;0.00173962665173504;0.333333333333333;2
"1-Multi";4;"B1 LEMA";2.36559139784946;1.36559139784946;1;6;3;3;0.0713251753191228;0.000798718476316942;0.489323174805577;7.88377997452048e-08;0.00292074495887478;0.333333333333333;4
"1-Multi";5;"B2 LEMA";1.03225806451613;0.032258064516129;1;2;1;1;0.0396822312945572;0.00071505413671252;0.967210238920844;7.22172065830268e-08;0.00522229270722573;0.333333333333333;2
"1-Multi";6;"B3 LEMA";1.1989247311828;0.198924731182796;1;4;2;2;0.0483315934244202;0.00111615904600128;0.6557518865595;5.51133571832849e-07;0.00453223211032282;0.333333333333333;4
"1-Multi";7;"B5 LEMA";1.03225806451613;0.032258064516129;1;2;1;1;0.0396822312945911;0.000715054136712561;0.967210238920844;7.22172065824471e-08;0.00522229270722573;0.333333333333333;2
"1-Multi";8;"B6 LEMA";1.03225806451613;0.032258064516129;1;2;1;1;0.0396822312946231;0.000715054136712696;0.967210238920843;7.22172065819121e-08;0.00522229270722573;0.333333333333333;2
"1-Multi";9;"C1 LEMA";1.03225806451613;0.032258064516129;1;2;1;1;0.0396822312946832;0.0007150541367127;0.967210238920844;7.22172065815358e-08;0.00522229270722573;0.333333333333333;2
"1-Multi";10;"C3 CHFU";2;1;1;2;1;1;0.0575569011965179;2.84634977555394e-05;5.23670901716056e-09;0.000524450750994091;0.000425259420324263;0.333333333333333;2
"1-Multi";11;"C3 LEMA";1.125;0.125;1;2;1;1;0.038770048282554;0.000674605576014543;0.0264193944657963;9.09775715717233e-07;0.00490713772938996;0.333333333333333;2
"1-Multi";12;"C3 ME";2.72222222222222;1.72222222222222;1;6;3;3;0.167854971501333;0.15654495203627;0.000898009649882049;0.0365149855783539;0.0443058413822355;0.333333333333333;2
"1-Multi";13;"C4 LEMA";1.16666666666667;0.166666666666667;1;2;1;1;0.0399552895949335;0.00040110490928883;0.0328351818368118;4.78916365256597e-07;0.00315211091651699;0.333333333333333;2
"1-Multi";14;"C5 LEMA";1.01612903225806;0.0161290322580645;1;2;1;1;0.0354940793797817;0.000357527068356224;0.967210238920844;3.61086032964103e-08;0.00522229270722573;0.333333333333333;2
"1-Multi";15;"C6 LEMA";1.23118279569892;0.231182795698925;1;4;2;2;0.0561974104021189;0.00147510425264155;0.783924470035068;1.45540831810754e-07;0.00431073065678563;0.333333333333333;4
"1-Multi";16;"D1 LEMA";1.04838709677419;0.0483870967741935;1;2;1;1;0.0438703832094518;0.00107258120506885;0.967210238920844;1.08325809869309e-07;0.00522229270722573;0.333333333333333;2
"1-Multi";17;"D2 CHFU";2;1;1;2;1;1;0.0904393460100665;0;0;0;8.29714809523756e-06;0.333333333333333;2
"1-Multi";18;"D2 LEMA";2.12576804915515;1.12576804915515;1;8;4;4;0.102992417937211;0.0460936292478535;0.286349030716566;0.000175258708115611;0.0300629056004052;0.333333333333333;4
"1-Multi";19;"D3 CHFU";1.33333333333333;0.333333333333333;1;2;1;1;0.0510320311148338;0.000441547614002817;3.39415434570473e-06;0.00069969877653774;0.00173962665173504;0.333333333333333;2
"1-Multi";20;"D3 LEMA";1.37403993855607;0.374039938556068;1;6;3;3;0.0632839315093363;0.0224546708094258;0.657219061832857;8.56846444593885e-05;0.027951653950846;0.333333333333333;4
"1-Multi";21;"D4 ME";1.5;0.5;1;2;1;1;0.111755714910319;0.00968743642437703;1.67313486966197e-05;0.0312124466396079;0.00737706337769814;0.333333333333333;2
"1-Multi";22;"D5 LEMA";1.17511520737327;0.175115207373272;1;4;2;2;0.0462582655499913;0.0213385117634245;0.658686237106214;8.51335108875643e-05;0.0513710757913693;0.333333333333333;4
"1-Multi";23;"D6 LEMA";3.39784946236559;2.39784946236559;1;8;4;4;0.0968146813304727;0.00234726934829452;0.492743679215915;1.25366244358476e-06;0.00357596173375936;0.333333333333333;4
"1-Multi";24;"E1 LEMA";1.26344086021505;0.263440860215054;1;4;2;2;0.0645737142317857;0.0021901583893541;0.836291832573861;2.1775803838194e-07;0.00457117695691137;0.333333333333333;4
"1-Multi";25;"E2 CHFU";2;1;1;2;1;1;0.0689450891648768;0.157125707457093;0.00593996675823815;0.00299822767136333;0.157130309707367;0.333333333333333;2
"1-Multi";26;"E2 LEMA";1.08064516129032;0.0806451612903226;1;2;1;1;0.0522466870390298;0.0017876353417814;0.967210238920844;1.80543016443878e-07;0.00522229270722573;0.333333333333333;2
"1-Multi";27;"E3 LEMA";1.5;0.5;1;4;2;2;0.0509393993608104;7.69474420075347e-05;0.0328799360682387;2.63977769869342e-09;0.000569381029102474;0.333333333333333;4
"1-Multi";28;"E3 ME";1.11111111111111;0.111111111111111;1;2;1;1;0.04159893028675;0.0028767791016227;4.29349080496403e-05;6.37747471203499e-05;0.0140180646688128;0.333333333333333;2
"1-Multi";29;"E4 LEMA";2.14285714285714;1.14285714285714;1;4;2;2;0.0950943688453419;0.0355661781905657;0.0214200396432097;9.33799934521878e-05;0.0830749103939543;0.333333333333333;2
"1-Multi";30;"E4 ME";1.44444444444444;0.444444444444444;1;2;1;1;0.072477938752255;0.0115071164064911;4.29349080496316e-05;0.000255098988481374;0.0140180646688128;0.333333333333333;2
"1-Multi";31;"E5 LEMA";1.03225806451613;0.032258064516129;1;2;1;1;0.039682231294742;0.000715054136712673;0.967210238920843;7.22172065813188e-08;0.00522229270722573;0.333333333333333;2
"1-Multi";32;"F1 LEMA";1.56451612903226;0.564516129032258;1;6;3;3;0.0676920070199546;0.00150705571543239;0.655766804636642;1.47074190850536e-07;0.00367132214785131;0.333333333333333;4
"1-Multi";33;"F2 CHFU";1.16666666666667;0.166666666666667;1;2;1;1;0.0411689792897661;0.000220773807001347;3.39415434568337e-06;0.000349849388268875;0.00173962665173504;0.333333333333333;2
"1-Multi";34;"F2 LEMA";1.18951612903226;0.189516129032258;1;4;2;2;0.0555226559416519;0.0021047138494396;0.779052070029835;1.05421012886039e-06;0.00515926171165858;0.333333333333333;4
"1-Multi";35;"F3 LEMA";1.18279569892473;0.182795698924731;1;4;2;2;0.043632954657761;0.000402523047572659;0.508995816706405;3.72150219480553e-08;0.00294338758112548;0.333333333333333;4
"1-Multi";36;"F4 LEMA";1.21505376344086;0.21505376344086;1;4;2;2;0.0520092584872829;0.00111757718428515;0.738103027813624;1.09432228523962e-07;0.0040828401441756;0.333333333333333;4
"1-Multi";37;"F4 ME";1.22222222222222;0.222222222222222;1;2;1;1;0.0518919331086602;0.00575355820324556;4.29349080496524e-05;0.00012754949424069;0.0140180646688128;0.333333333333333;2
"1-Multi";38;"F5 LEMA";1.30011520737327;0.300115207373272;1;6;3;3;0.0537223863674785;0.022013117339439;0.500619526446109;8.6043286603269e-05;0.0397550912758745;0.333333333333333;4
"1-Multi";39;"F6 LEMA";1.01612903225806;0.0161290322580645;1;2;1;1;0.0354940793799378;0.000357527068356446;0.967210238920844;3.61086032928039e-08;0.00522229270722573;0.333333333333333;2
"1-Multi";40;"Andrena_cinerea";2.90454545454545;1.90454545454545;1;8;4;4;0.0911211671801011;0.0121936723376236;0.000116587219226604;0.0273145758729554;0.0110768860319185;0.333333333333333;4
"1-Multi";41;"Bruchidae";2;1;1;2;1;1;0.0904393460101128;0;0;0;8.29714809523756e-06;0.333333333333333;2
"1-Multi";42;"Chrysotoxum_sp.";1.125;0.125;1;2;1;1;0.0393749841610982;0.000129860877586499;1.21257612715924e-06;0.00384507183884948;0.00158730782742788;0.333333333333333;2
"1-Multi";43;"Dilophus_sp.";18.6818181818182;9.68181818181818;9;28;14;14;0.420651714475782;1;0.140462101796748;0.0527979876902015;1;1;4
"1-Multi";44;"Diptera";10;6;4;14;7;7;0.363022209205337;0.0922600501440755;0.00932753764399367;0.00128695823811462;0.08244003689745;0.666666666666667;2
"1-Multi";45;"Eupeodes_corollae";7.25;3.25;4;8;4;4;0.119610182420991;0.000181151119163694;0.00840108813780265;0.00816121677274642;0.00265984811965579;0.666666666666667;2
"1-Multi";46;"Malachius_bipustulatus";1.125;0.125;1;2;1;1;0.0393749841609909;0.000129860877586678;1.21257612716606e-06;0.00384507183884949;0.00158730782742788;0.333333333333333;2
"1-Multi";47;"Meligethes_sp.";2.75952380952381;1.75952380952381;1;12;6;6;0.0783215026247108;0.000609985575186506;1.06340171692434e-07;0.052502045593098;0.00149090211828877;0.333333333333333;4
"1-Multi";48;"Psilothrix_viridicoerulea";25.3965367965368;21.3965367965368;4;54;27;27;1;0.0938593009678142;1;1;0.0284399069187893;0.666666666666667;4
"1-Multi";49;"Scaeva_sp.";10.8409090909091;6.84090909090909;4;20;10;10;0.271787035574001;0.00843046541171419;0.0336707735889542;0.0339512617002462;0.0110250800391123;0.666666666666667;4
"1-Multi";50;"Sphaerophoria_scripta";1.91666666666667;0.916666666666667;1;6;3;3;0.0614397828431735;0.000216574144484959;7.36871449146112e-08;0.0154860008094456;0.00106115203014607;0.333333333333333;4
"2-Multi";1;"A1 LEMA";1.14285714285714;0.142857142857143;1;2;1;1;0.0378819617203891;0.0206234576267121;0.0416382334769537;8.50612936809909e-05;0.143668641959656;0.333333333333333;2
"2-Multi";2;"A5 LEMA";1.01612903225806;0.0161290322580645;1;2;1;1;0.0354940793797622;0.000357527068356276;0.967210238920844;3.61086032950238e-08;0.00522229270722573;0.333333333333333;2
"2-Multi";3;"A6 CHFU";1.5;0.5;1;2;1;1;0.0608950829396226;0.000662321421004365;3.39415434570593e-06;0.0010495481648066;0.00173962665173504;0.333333333333333;2
"2-Multi";4;"B1 LEMA";2.36559139784946;1.36559139784946;1;6;3;3;0.0713251753191228;0.000798718476316942;0.489323174805577;7.88377997452048e-08;0.00292074495887478;0.333333333333333;4
"2-Multi";5;"B2 LEMA";1.03225806451613;0.032258064516129;1;2;1;1;0.0396822312945572;0.00071505413671252;0.967210238920844;7.22172065830268e-08;0.00522229270722573;0.333333333333333;2
"2-Multi";6;"B3 LEMA";1.1989247311828;0.198924731182796;1;4;2;2;0.0483315934244202;0.00111615904600128;0.6557518865595;5.51133571832849e-07;0.00453223211032282;0.333333333333333;4
"2-Multi";7;"B5 LEMA";1.03225806451613;0.032258064516129;1;2;1;1;0.0396822312945911;0.000715054136712561;0.967210238920844;7.22172065824471e-08;0.00522229270722573;0.333333333333333;2
"2-Multi";8;"B6 LEMA";1.03225806451613;0.032258064516129;1;2;1;1;0.0396822312946231;0.000715054136712696;0.967210238920843;7.22172065819121e-08;0.00522229270722573;0.333333333333333;2
"2-Multi";9;"C1 LEMA";1.03225806451613;0.032258064516129;1;2;1;1;0.0396822312946832;0.0007150541367127;0.967210238920844;7.22172065815358e-08;0.00522229270722573;0.333333333333333;2
"2-Multi";10;"C3 CHFU";2;1;1;2;1;1;0.0575569011965179;2.84634977555394e-05;5.23670901716056e-09;0.000524450750994091;0.000425259420324263;0.333333333333333;2
"2-Multi";11;"C3 LEMA";1.125;0.125;1;2;1;1;0.038770048282554;0.000674605576014543;0.0264193944657963;9.09775715717233e-07;0.00490713772938996;0.333333333333333;2
"2-Multi";12;"C3 ME";2.72222222222222;1.72222222222222;1;6;3;3;0.167854971501333;0.15654495203627;0.000898009649882049;0.0365149855783539;0.0443058413822355;0.333333333333333;2
"2-Multi";13;"C4 LEMA";1.16666666666667;0.166666666666667;1;2;1;1;0.0399552895949335;0.00040110490928883;0.0328351818368118;4.78916365256597e-07;0.00315211091651699;0.333333333333333;2
"2-Multi";14;"C5 LEMA";1.01612903225806;0.0161290322580645;1;2;1;1;0.0354940793797817;0.000357527068356224;0.967210238920844;3.61086032964103e-08;0.00522229270722573;0.333333333333333;2
"2-Multi";15;"C6 LEMA";1.23118279569892;0.231182795698925;1;4;2;2;0.0561974104021189;0.00147510425264155;0.783924470035068;1.45540831810754e-07;0.00431073065678563;0.333333333333333;4
"2-Multi";16;"D1 LEMA";1.04838709677419;0.0483870967741935;1;2;1;1;0.0438703832094518;0.00107258120506885;0.967210238920844;1.08325809869309e-07;0.00522229270722573;0.333333333333333;2
"2-Multi";17;"D2 CHFU";2;1;1;2;1;1;0.0904393460100665;0;0;0;8.29714809523756e-06;0.333333333333333;2
"2-Multi";18;"D2 LEMA";2.12576804915515;1.12576804915515;1;8;4;4;0.102992417937211;0.0460936292478535;0.286349030716566;0.000175258708115611;0.0300629056004052;0.333333333333333;4
"2-Multi";19;"D3 CHFU";1.33333333333333;0.333333333333333;1;2;1;1;0.0510320311148338;0.000441547614002817;3.39415434570473e-06;0.00069969877653774;0.00173962665173504;0.333333333333333;2
"2-Multi";20;"D3 LEMA";1.37403993855607;0.374039938556068;1;6;3;3;0.0632839315093363;0.0224546708094258;0.657219061832857;8.56846444593885e-05;0.027951653950846;0.333333333333333;4
"2-Multi";21;"D4 ME";1.5;0.5;1;2;1;1;0.111755714910319;0.00968743642437703;1.67313486966197e-05;0.0312124466396079;0.00737706337769814;0.333333333333333;2
"2-Multi";22;"D5 LEMA";1.17511520737327;0.175115207373272;1;4;2;2;0.0462582655499913;0.0213385117634245;0.658686237106214;8.51335108875643e-05;0.0513710757913693;0.333333333333333;4
"2-Multi";23;"D6 LEMA";3.39784946236559;2.39784946236559;1;8;4;4;0.0968146813304727;0.00234726934829452;0.492743679215915;1.25366244358476e-06;0.00357596173375936;0.333333333333333;4
"2-Multi";24;"E1 LEMA";1.26344086021505;0.263440860215054;1;4;2;2;0.0645737142317857;0.0021901583893541;0.836291832573861;2.1775803838194e-07;0.00457117695691137;0.333333333333333;4
"2-Multi";25;"E2 CHFU";2;1;1;2;1;1;0.0689450891648768;0.157125707457093;0.00593996675823815;0.00299822767136333;0.157130309707367;0.333333333333333;2
"2-Multi";26;"E2 LEMA";1.08064516129032;0.0806451612903226;1;2;1;1;0.0522466870390298;0.0017876353417814;0.967210238920844;1.80543016443878e-07;0.00522229270722573;0.333333333333333;2
"2-Multi";27;"E3 LEMA";1.5;0.5;1;4;2;2;0.0509393993608104;7.69474420075347e-05;0.0328799360682387;2.63977769869342e-09;0.000569381029102474;0.333333333333333;4
"2-Multi";28;"E3 ME";1.11111111111111;0.111111111111111;1;2;1;1;0.04159893028675;0.0028767791016227;4.29349080496403e-05;6.37747471203499e-05;0.0140180646688128;0.333333333333333;2
"2-Multi";29;"E4 LEMA";2.14285714285714;1.14285714285714;1;4;2;2;0.0950943688453419;0.0355661781905657;0.0214200396432097;9.33799934521878e-05;0.0830749103939543;0.333333333333333;2
"2-Multi";30;"E4 ME";1.44444444444444;0.444444444444444;1;2;1;1;0.072477938752255;0.0115071164064911;4.29349080496316e-05;0.000255098988481374;0.0140180646688128;0.333333333333333;2
"2-Multi";31;"E5 LEMA";1.03225806451613;0.032258064516129;1;2;1;1;0.039682231294742;0.000715054136712673;0.967210238920843;7.22172065813188e-08;0.00522229270722573;0.333333333333333;2
"2-Multi";32;"F1 LEMA";1.56451612903226;0.564516129032258;1;6;3;3;0.0676920070199546;0.00150705571543239;0.655766804636642;1.47074190850536e-07;0.00367132214785131;0.333333333333333;4
"2-Multi";33;"F2 CHFU";1.16666666666667;0.166666666666667;1;2;1;1;0.0411689792897661;0.000220773807001347;3.39415434568337e-06;0.000349849388268875;0.00173962665173504;0.333333333333333;2
"2-Multi";34;"F2 LEMA";1.18951612903226;0.189516129032258;1;4;2;2;0.0555226559416519;0.0021047138494396;0.779052070029835;1.05421012886039e-06;0.00515926171165858;0.333333333333333;4
"2-Multi";35;"F3 LEMA";1.18279569892473;0.182795698924731;1;4;2;2;0.043632954657761;0.000402523047572659;0.508995816706405;3.72150219480553e-08;0.00294338758112548;0.333333333333333;4
"2-Multi";36;"F4 LEMA";1.21505376344086;0.21505376344086;1;4;2;2;0.0520092584872829;0.00111757718428515;0.738103027813624;1.09432228523962e-07;0.0040828401441756;0.333333333333333;4
"2-Multi";37;"F4 ME";1.22222222222222;0.222222222222222;1;2;1;1;0.0518919331086602;0.00575355820324556;4.29349080496524e-05;0.00012754949424069;0.0140180646688128;0.333333333333333;2
"2-Multi";38;"F5 LEMA";1.30011520737327;0.300115207373272;1;6;3;3;0.0537223863674785;0.022013117339439;0.500619526446109;8.6043286603269e-05;0.0397550912758745;0.333333333333333;4
"2-Multi";39;"F6 LEMA";1.01612903225806;0.0161290322580645;1;2;1;1;0.0354940793799378;0.000357527068356446;0.967210238920844;3.61086032928039e-08;0.00522229270722573;0.333333333333333;2
"2-Multi";40;"Andrena_cinerea";2.90454545454545;1.90454545454545;1;8;4;4;0.0911211671801011;0.0121936723376236;0.000116587219226604;0.0273145758729554;0.0110768860319185;0.333333333333333;4
"2-Multi";41;"Bruchidae";2;1;1;2;1;1;0.0904393460101128;0;0;0;8.29714809523756e-06;0.333333333333333;2
"2-Multi";42;"Chrysotoxum_sp.";1.125;0.125;1;2;1;1;0.0393749841610982;0.000129860877586499;1.21257612715924e-06;0.00384507183884948;0.00158730782742788;0.333333333333333;2
"2-Multi";43;"Dilophus_sp.";18.6818181818182;9.68181818181818;9;28;14;14;0.420651714475782;1;0.140462101796748;0.0527979876902015;1;1;4
"2-Multi";44;"Diptera";10;6;4;14;7;7;0.363022209205337;0.0922600501440755;0.00932753764399367;0.00128695823811462;0.08244003689745;0.666666666666667;2
"2-Multi";45;"Eupeodes_corollae";7.25;3.25;4;8;4;4;0.119610182420991;0.000181151119163694;0.00840108813780265;0.00816121677274642;0.00265984811965579;0.666666666666667;2
"2-Multi";46;"Malachius_bipustulatus";1.125;0.125;1;2;1;1;0.0393749841609909;0.000129860877586678;1.21257612716606e-06;0.00384507183884949;0.00158730782742788;0.333333333333333;2
"2-Multi";47;"Meligethes_sp.";2.75952380952381;1.75952380952381;1;12;6;6;0.0783215026247108;0.000609985575186506;1.06340171692434e-07;0.052502045593098;0.00149090211828877;0.333333333333333;4
"2-Multi";48;"Psilothrix_viridicoerulea";25.3965367965368;21.3965367965368;4;54;27;27;1;0.0938593009678142;1;1;0.0284399069187893;0.666666666666667;4
"2-Multi";49;"Scaeva_sp.";10.8409090909091;6.84090909090909;4;20;10;10;0.271787035574001;0.00843046541171419;0.0336707735889542;0.0339512617002462;0.0110250800391123;0.666666666666667;4
"2-Multi";50;"Sphaerophoria_scripta";1.91666666666667;0.916666666666667;1;6;3;3;0.0614397828431735;0.000216574144484959;7.36871449146112e-08;0.0154860008094456;0.00106115203014607;0.333333333333333;4
"3-Multi";1;"A1 LEMA";1.14285714285714;0.142857142857143;1;2;1;1;0.0378819617203891;0.0206234576267121;0.0416382334769537;8.50612936809909e-05;0.143668641959656;0.333333333333333;2
"3-Multi";2;"A5 LEMA";1.01612903225806;0.0161290322580645;1;2;1;1;0.0354940793797622;0.000357527068356276;0.967210238920844;3.61086032950238e-08;0.00522229270722573;0.333333333333333;2
"3-Multi";3;"A6 CHFU";1.5;0.5;1;2;1;1;0.0608950829396226;0.000662321421004365;3.39415434570593e-06;0.0010495481648066;0.00173962665173504;0.333333333333333;2
"3-Multi";4;"B1 LEMA";2.36559139784946;1.36559139784946;1;6;3;3;0.0713251753191228;0.000798718476316942;0.489323174805577;7.88377997452048e-08;0.00292074495887478;0.333333333333333;4
"3-Multi";5;"B2 LEMA";1.03225806451613;0.032258064516129;1;2;1;1;0.0396822312945572;0.00071505413671252;0.967210238920844;7.22172065830268e-08;0.00522229270722573;0.333333333333333;2
"3-Multi";6;"B3 LEMA";1.1989247311828;0.198924731182796;1;4;2;2;0.0483315934244202;0.00111615904600128;0.6557518865595;5.51133571832849e-07;0.00453223211032282;0.333333333333333;4
"3-Multi";7;"B5 LEMA";1.03225806451613;0.032258064516129;1;2;1;1;0.0396822312945911;0.000715054136712561;0.967210238920844;7.22172065824471e-08;0.00522229270722573;0.333333333333333;2
"3-Multi";8;"B6 LEMA";1.03225806451613;0.032258064516129;1;2;1;1;0.0396822312946231;0.000715054136712696;0.967210238920843;7.22172065819121e-08;0.00522229270722573;0.333333333333333;2
"3-Multi";9;"C1 LEMA";1.03225806451613;0.032258064516129;1;2;1;1;0.0396822312946832;0.0007150541367127;0.967210238920844;7.22172065815358e-08;0.00522229270722573;0.333333333333333;2
"3-Multi";10;"C3 CHFU";2;1;1;2;1;1;0.0575569011965179;2.84634977555394e-05;5.23670901716056e-09;0.000524450750994091;0.000425259420324263;0.333333333333333;2
"3-Multi";11;"C3 LEMA";1.125;0.125;1;2;1;1;0.038770048282554;0.000674605576014543;0.0264193944657963;9.09775715717233e-07;0.00490713772938996;0.333333333333333;2
"3-Multi";12;"C3 ME";2.72222222222222;1.72222222222222;1;6;3;3;0.167854971501333;0.15654495203627;0.000898009649882049;0.0365149855783539;0.0443058413822355;0.333333333333333;2
"3-Multi";13;"C4 LEMA";1.16666666666667;0.166666666666667;1;2;1;1;0.0399552895949335;0.00040110490928883;0.0328351818368118;4.78916365256597e-07;0.00315211091651699;0.333333333333333;2
"3-Multi";14;"C5 LEMA";1.01612903225806;0.0161290322580645;1;2;1;1;0.0354940793797817;0.000357527068356224;0.967210238920844;3.61086032964103e-08;0.00522229270722573;0.333333333333333;2
"3-Multi";15;"C6 LEMA";1.23118279569892;0.231182795698925;1;4;2;2;0.0561974104021189;0.00147510425264155;0.783924470035068;1.45540831810754e-07;0.00431073065678563;0.333333333333333;4
"3-Multi";16;"D1 LEMA";1.04838709677419;0.0483870967741935;1;2;1;1;0.0438703832094518;0.00107258120506885;0.967210238920844;1.08325809869309e-07;0.00522229270722573;0.333333333333333;2
"3-Multi";17;"D2 CHFU";2;1;1;2;1;1;0.0904393460100665;0;0;0;8.29714809523756e-06;0.333333333333333;2
"3-Multi";18;"D2 LEMA";2.12576804915515;1.12576804915515;1;8;4;4;0.102992417937211;0.0460936292478535;0.286349030716566;0.000175258708115611;0.0300629056004052;0.333333333333333;4
"3-Multi";19;"D3 CHFU";1.33333333333333;0.333333333333333;1;2;1;1;0.0510320311148338;0.000441547614002817;3.39415434570473e-06;0.00069969877653774;0.00173962665173504;0.333333333333333;2
"3-Multi";20;"D3 LEMA";1.37403993855607;0.374039938556068;1;6;3;3;0.0632839315093363;0.0224546708094258;0.657219061832857;8.56846444593885e-05;0.027951653950846;0.333333333333333;4
"3-Multi";21;"D4 ME";1.5;0.5;1;2;1;1;0.111755714910319;0.00968743642437703;1.67313486966197e-05;0.0312124466396079;0.00737706337769814;0.333333333333333;2
"3-Multi";22;"D5 LEMA";1.17511520737327;0.175115207373272;1;4;2;2;0.0462582655499913;0.0213385117634245;0.658686237106214;8.51335108875643e-05;0.0513710757913693;0.333333333333333;4
"3-Multi";23;"D6 LEMA";3.39784946236559;2.39784946236559;1;8;4;4;0.0968146813304727;0.00234726934829452;0.492743679215915;1.25366244358476e-06;0.00357596173375936;0.333333333333333;4
"3-Multi";24;"E1 LEMA";1.26344086021505;0.263440860215054;1;4;2;2;0.0645737142317857;0.0021901583893541;0.836291832573861;2.1775803838194e-07;0.00457117695691137;0.333333333333333;4
"3-Multi";25;"E2 CHFU";2;1;1;2;1;1;0.0689450891648768;0.157125707457093;0.00593996675823815;0.00299822767136333;0.157130309707367;0.333333333333333;2
"3-Multi";26;"E2 LEMA";1.08064516129032;0.0806451612903226;1;2;1;1;0.0522466870390298;0.0017876353417814;0.967210238920844;1.80543016443878e-07;0.00522229270722573;0.333333333333333;2
"3-Multi";27;"E3 LEMA";1.5;0.5;1;4;2;2;0.0509393993608104;7.69474420075347e-05;0.0328799360682387;2.63977769869342e-09;0.000569381029102474;0.333333333333333;4
"3-Multi";28;"E3 ME";1.11111111111111;0.111111111111111;1;2;1;1;0.04159893028675;0.0028767791016227;4.29349080496403e-05;6.37747471203499e-05;0.0140180646688128;0.333333333333333;2
"3-Multi";29;"E4 LEMA";2.14285714285714;1.14285714285714;1;4;2;2;0.0950943688453419;0.0355661781905657;0.0214200396432097;9.33799934521878e-05;0.0830749103939543;0.333333333333333;2
"3-Multi";30;"E4 ME";1.44444444444444;0.444444444444444;1;2;1;1;0.072477938752255;0.0115071164064911;4.29349080496316e-05;0.000255098988481374;0.0140180646688128;0.333333333333333;2
"3-Multi";31;"E5 LEMA";1.03225806451613;0.032258064516129;1;2;1;1;0.039682231294742;0.000715054136712673;0.967210238920843;7.22172065813188e-08;0.00522229270722573;0.333333333333333;2
"3-Multi";32;"F1 LEMA";1.56451612903226;0.564516129032258;1;6;3;3;0.0676920070199546;0.00150705571543239;0.655766804636642;1.47074190850536e-07;0.00367132214785131;0.333333333333333;4
"3-Multi";33;"F2 CHFU";1.16666666666667;0.166666666666667;1;2;1;1;0.0411689792897661;0.000220773807001347;3.39415434568337e-06;0.000349849388268875;0.00173962665173504;0.333333333333333;2
"3-Multi";34;"F2 LEMA";1.18951612903226;0.189516129032258;1;4;2;2;0.0555226559416519;0.0021047138494396;0.779052070029835;1.05421012886039e-06;0.00515926171165858;0.333333333333333;4
"3-Multi";35;"F3 LEMA";1.18279569892473;0.182795698924731;1;4;2;2;0.043632954657761;0.000402523047572659;0.508995816706405;3.72150219480553e-08;0.00294338758112548;0.333333333333333;4
"3-Multi";36;"F4 LEMA";1.21505376344086;0.21505376344086;1;4;2;2;0.0520092584872829;0.00111757718428515;0.738103027813624;1.09432228523962e-07;0.0040828401441756;0.333333333333333;4
"3-Multi";37;"F4 ME";1.22222222222222;0.222222222222222;1;2;1;1;0.0518919331086602;0.00575355820324556;4.29349080496524e-05;0.00012754949424069;0.0140180646688128;0.333333333333333;2
"3-Multi";38;"F5 LEMA";1.30011520737327;0.300115207373272;1;6;3;3;0.0537223863674785;0.022013117339439;0.500619526446109;8.6043286603269e-05;0.0397550912758745;0.333333333333333;4
"3-Multi";39;"F6 LEMA";1.01612903225806;0.0161290322580645;1;2;1;1;0.0354940793799378;0.000357527068356446;0.967210238920844;3.61086032928039e-08;0.00522229270722573;0.333333333333333;2
"3-Multi";40;"Andrena_cinerea";2.90454545454545;1.90454545454545;1;8;4;4;0.0911211671801011;0.0121936723376236;0.000116587219226604;0.0273145758729554;0.0110768860319185;0.333333333333333;4
"3-Multi";41;"Bruchidae";2;1;1;2;1;1;0.0904393460101128;0;0;0;8.29714809523756e-06;0.333333333333333;2
"3-Multi";42;"Chrysotoxum_sp.";1.125;0.125;1;2;1;1;0.0393749841610982;0.000129860877586499;1.21257612715924e-06;0.00384507183884948;0.00158730782742788;0.333333333333333;2
"3-Multi";43;"Dilophus_sp.";18.6818181818182;9.68181818181818;9;28;14;14;0.420651714475782;1;0.140462101796748;0.0527979876902015;1;1;4
"3-Multi";44;"Diptera";10;6;4;14;7;7;0.363022209205337;0.0922600501440755;0.00932753764399367;0.00128695823811462;0.08244003689745;0.666666666666667;2
"3-Multi";45;"Eupeodes_corollae";7.25;3.25;4;8;4;4;0.119610182420991;0.000181151119163694;0.00840108813780265;0.00816121677274642;0.00265984811965579;0.666666666666667;2
"3-Multi";46;"Malachius_bipustulatus";1.125;0.125;1;2;1;1;0.0393749841609909;0.000129860877586678;1.21257612716606e-06;0.00384507183884949;0.00158730782742788;0.333333333333333;2
"3-Multi";47;"Meligethes_sp.";2.75952380952381;1.75952380952381;1;12;6;6;0.0783215026247108;0.000609985575186506;1.06340171692434e-07;0.052502045593098;0.00149090211828877;0.333333333333333;4
"3-Multi";48;"Psilothrix_viridicoerulea";25.3965367965368;21.3965367965368;4;54;27;27;1;0.0938593009678142;1;1;0.0284399069187893;0.666666666666667;4
"3-Multi";49;"Scaeva_sp.";10.8409090909091;6.84090909090909;4;20;10;10;0.271787035574001;0.00843046541171419;0.0336707735889542;0.0339512617002462;0.0110250800391123;0.666666666666667;4
"3-Multi";50;"Sphaerophoria_scripta";1.91666666666667;0.916666666666667;1;6;3;3;0.0614397828431735;0.000216574144484959;7.36871449146112e-08;0.0154860008094456;0.00106115203014607;0.333333333333333;4
"Aggr";1;"A1 LEMA";1.14285714285714;0.142857142857143;1;2;1;1;0.030998428569775;0.0879133206051456;0.0412950900343436;0;0.662644852985531;0;2
"Aggr";2;"A5 LEMA";1.01612903225806;0.0161290322580645;1;2;1;1;0.0227634904237008;0.00850580781241388;1;0;0.270857771010204;0;2
"Aggr";3;"A6 CHFU";1.5;0.5;1;2;1;1;0.0641437009140938;0.03151846547677;0.0392642642815549;0;0.184988803999404;0;2
"Aggr";4;"B1 LEMA";2.36559139784946;1.36559139784946;1;6;3;3;0.0779661301002507;0.0238571108088266;0.505890296269294;0;0.189931943579595;0;4
"Aggr";5;"B2 LEMA";1.03225806451613;0.032258064516129;1;2;1;1;0.0296183291333782;0.0170116156248271;1;0;0.270857771010204;0;2
"Aggr";6;"B3 LEMA";1.1989247311828;0.198924731182796;1;4;2;2;0.045696678866735;0.0275177707837508;0.679754754760518;0;0.242234782006604;0;4
"Aggr";7;"B5 LEMA";1.03225806451613;0.032258064516129;1;2;1;1;0.0296183291333782;0.0170116156248275;1;0;0.270857771010204;0;2
"Aggr";8;"B6 LEMA";1.03225806451613;0.032258064516129;1;2;1;1;0.0296183291333783;0.017011615624827;1;0;0.270857771010204;0;2
"Aggr";9;"C1 LEMA";1.03225806451613;0.032258064516129;1;2;1;1;0.0296183291333783;0.017011615624827;1;0;0.270857771010204;0;2
"Aggr";10;"C3 CHFU";2;1;1;2;1;1;0.0465145124339131;0.0046691295860647;0.00810953205380557;0;0.14869827940284;0;2
"Aggr";11;"C3 LEMA";1.125;0.125;1;2;1;1;0.0284356123769448;0.00892165171818697;0.0272518235276916;0;0.108560883094367;0;2
"Aggr";12;"C3 ME";2.72222222222222;1.72222222222222;1;6;3;3;0.374148239535326;1;0.265687644578289;0;0.449011784658515;0;4
"Aggr";13;"C4 LEMA";1.16666666666667;0.166666666666667;1;2;1;1;0.0319870014473802;0.0105061551589231;0.0392642642815549;0;0.184988803999404;0;2
"Aggr";14;"C5 LEMA";1.01612903225806;0.0161290322580645;1;2;1;1;0.0227634904237007;0.00850580781241394;1;0;0.270857771010204;0;2
"Aggr";15;"C6 LEMA";1.23118279569892;0.231182795698925;1;4;2;2;0.0560146198986663;0.0366985453070304;0.810478013014439;0;0.233726403837394;0;4
"Aggr";16;"D1 LEMA";1.04838709677419;0.0483870967741935;1;2;1;1;0.0364731678430557;0.0255174234372407;1;0;0.270857771010204;0;2
"Aggr";17;"D2 CHFU";2;1;1;2;1;1;0.106057678093488;0;0;0;1.5525040324485e-05;0;2
"Aggr";18;"D2 LEMA";2.12576804915515;1.12576804915515;1;8;4;4;0.145365874602523;0.256458478397389;0.296192141998973;0;0.260514203497537;0;4
"Aggr";19;"D3 CHFU";1.33333333333333;0.333333333333333;1;2;1;1;0.0480653511807369;0.0210123103178469;0.0392642642815549;0;0.184988803999404;0;2
"Aggr";20;"D3 LEMA";1.37403993855607;0.374039938556068;1;6;3;3;0.0744961331418415;0.132442707013723;0.680093225719317;0;0.321844123504292;0;4
"Aggr";21;"D4 ME";1.5;0.5;1;2;1;1;0.228408651714023;0.263680042184821;1;0;0.270857771010204;0;2
"Aggr";22;"D5 LEMA";1.17511520737327;0.175115207373272;1;4;2;2;0.04470810598913;0.104924936229972;0.680431696678115;0;0.40145346500198;0;4
"Aggr";23;"D6 LEMA";3.39784946236559;2.39784946236559;1;8;4;4;0.125131245074949;0.0618220587103802;0.510777878923172;0;0.204080785890555;0;4
"Aggr";24;"E1 LEMA";1.26344086021505;0.263440860215054;1;4;2;2;0.0697242973180213;0.0537101609318568;0.864627152153171;0;0.244335365886768;0;4
"Aggr";25;"E2 CHFU";2;1;1;2;1;1;0.121537089704286;0.615393244236016;0.0412950900343436;0;0.662644852985531;0;2
"Aggr";26;"E2 LEMA";1.08064516129032;0.0806451612903226;1;2;1;1;0.0501828452624105;0.0425290390620678;1;0;0.270857771010204;0;2
"Aggr";27;"E3 LEMA";1.5;0.5;1;4;2;2;0.0463372053069393;0.00485167965531041;0.0339208590477831;0;0.0772574440206426;0;4
"Aggr";28;"E3 ME";1.11111111111111;0.111111111111111;1;2;1;1;0.0359642266295433;0.0604633567895812;0.0107277441394065;0;0.431272257319162;0;2
"Aggr";29;"E4 LEMA";2.14285714285714;1.14285714285714;1;4;2;2;0.211498602809454;0.632083531711378;0.0260114170868751;0;0.546958555152347;0;4
"Aggr";30;"E4 ME";1.44444444444444;0.444444444444444;1;2;1;1;0.0961309513761031;0.241853427158325;0.0107277441394066;0;0.431272257319162;0;2
"Aggr";31;"E5 LEMA";1.03225806451613;0.032258064516129;1;2;1;1;0.0296183291333783;0.0170116156248268;1;0;0.270857771010204;0;2
"Aggr";32;"F1 LEMA";1.56451612903226;0.564516129032258;1;6;3;3;0.0737565601456491;0.0388749109049641;0.677973619682595;0;0.20632432868035;0;4
"Aggr";33;"F2 CHFU";1.16666666666667;0.166666666666667;1;2;1;1;0.0319870014473801;0.0105061551589236;0.0392642642815549;0;0.184988803999404;0;2
"Aggr";34;"F2 LEMA";1.18951612903226;0.189516129032258;1;4;2;2;0.0558549672156545;0.0429448829678415;0.805450364705539;0;0.238398393427036;0;4
"Aggr";35;"F3 LEMA";1.18279569892473;0.182795698924731;1;4;2;2;0.0354501037696341;0.0111811218697891;0.526195032536097;0;0.178029353078178;0;4
"Aggr";36;"F4 LEMA";1.21505376344086;0.21505376344086;1;4;2;2;0.0491597811889889;0.0281927374946166;0.763097516268049;0;0.224443562044191;0;4
"Aggr";37;"F4 ME";1.22222222222222;0.222222222222222;1;2;1;1;0.0560198015450633;0.120926713579163;0.0107277441394066;0;0.431272257319162;0;2
"Aggr";38;"F5 LEMA";1.30011520737327;0.300115207373272;1;6;3;3;0.0572350666520514;0.113846587948159;0.517136728390509;0;0.328230319525076;0;4
"Aggr";39;"F6 LEMA";1.01612903225806;0.0161290322580645;1;2;1;1;0.0227634904237009;0.00850580781241318;1;0;0.270857771010204;0;2
"Aggr";40;"Andrena_cinerea";2.90454545454545;1.90454545454545;1;8;4;4;0.11790080623926;0.107709376784954;0;0.0272518235276914;0.163823054084612;0;4
"Aggr";41;"Bruchidae";2;1;1;2;1;1;0.106057678093489;0;0;0;1.5525040324485e-05;0;2
"Aggr";42;"Chrysotoxum_sp.";1.125;0.125;1;2;1;1;0.0292038465032368;0.005120769358982;0;0.00384725141113314;0.135237251017224;0;2
"Aggr";43;"Dilophus_sp.";6.68181818181818;3.68181818181818;3;16;8;8;0.372806251730335;0.928690461532163;0;0.0412950900343434;1;0;4
"Aggr";44;"Diptera";6;4;2;10;5;5;0.424706292328657;0.821207722440452;0;0.0107277441394065;0.650831929949494;0;4
"Aggr";45;"Eupeodes_corollae";3.25;1.25;2;4;2;2;0.0720137899291528;0.00704618737832124;0;0.00810953205380547;0.224395038271065;0;2
"Aggr";46;"Malachius_bipustulatus";1.125;0.125;1;2;1;1;0.0292038465032366;0.00512076935898274;0;0.00384725141113309;0.135237251017224;0;2
"Aggr";47;"Meligethes_sp.";2.75952380952381;1.75952380952381;1;12;6;6;0.0895525647948222;0.0242239121403124;0;0.0523900650721941;0.128570184495338;0;4
"Aggr";48;"Psilothrix_viridicoerulea";21.3965367965368;19.3965367965368;2;50;25;25;1;0.795839546069267;0;1;0.408747873143524;0;4
"Aggr";49;"Scaeva_sp.";6.84090909090909;4.84090909090909;2;16;8;8;0.226988466823861;0.0951290854248685;0;0.0392642642815547;0.279161647073668;0;4
"Aggr";50;"Sphaerophoria_scripta";1.91666666666667;0.916666666666667;1;6;3;3;0.0626186126364096;0.00985306545302841;0;0.0154516530233719;0.104594886489373;0;4
