"Layer";"Node";"Label";"Strength";"StrengthIn";"StrengthOut";"Degree";"DegreeIn";"DegreeOut";"PageRank";"Eigenvector";"Hub";"Authority";"Katz";"Multiplexity";"Kcore"
"1-Multi";1;"4 A1 LEMA";1.35087719298246;0.350877192982456;1;4;2;2;0.0343814595466917;0.000169294509703525;0.498090030544524;1.18737340290444e-08;0.000702993395941684;0.333333333333333;4
"1-Multi";2;"4 A2 CHFU";1.7;0.7;1;4;2;2;0.0606521987054149;0.00223628423913379;0.000763855648735082;0.000942095391529908;0.00159536873916812;0.333333333333333;2
"1-Multi";3;"4 A2 LEMA";1.80987795575896;0.809877955758963;1;8;4;4;0.0666616995410654;0.00138580532310555;0.360173487172961;2.09108328727814e-07;0.00126705709653857;0.333333333333333;4
"1-Multi";4;"4 A5 CHFU";1.25;0.25;1;2;1;1;0.0307370564691206;0.0361789743628114;0.00262279839583313;0.000461386952732786;0.144719219988415;0.333333333333333;2
"1-Multi";5;"4 A6 CHFU";1.25;0.25;1;2;1;1;0.0307370564692931;0.0361789743628115;0.00262279839583315;0.000461386952732785;0.144719219988415;0.333333333333333;2
"1-Multi";6;"4 B1 CHFU";1.5;0.5;1;4;2;2;0.0905458322943695;0.00171476908306226;1.40988173876282e-05;0.0219488303103284;0.000472143160029952;0.333333333333333;4
"1-Multi";7;"4 B2 CHFU";1.1;0.1;1;2;1;1;0.0347925268281129;5.21012290417836e-05;3.75666517880815e-05;1.39573925368497e-05;0.000121314853547891;0.333333333333333;2
"1-Multi";8;"4 B2 LEMA";1.18281499202552;0.182814992025518;1;6;3;3;0.0373450429801077;0.00102361366952642;0.554333013285478;3.03482660482301e-05;0.00214363028239933;0.333333333333333;6
"1-Multi";9;"4 B4 LEMA";1.25;0.25;1;2;1;1;0.0289258977776935;0.00106386429731439;0.0302866934792604;6.04001257182355e-05;0.00453063502303612;0.333333333333333;2
"1-Multi";10;"4 B4 ME";2;1;1;2;1;1;0.0470777593405825;0.00446848628482551;0.00214466400494749;0.00188366828528164;0.00476067336933609;0.333333333333333;2
"1-Multi";11;"4 B5 CHFU";1.45;0.45;1;4;2;2;0.0882658717454824;0.00209536952612228;3.29586513472621e-05;0.0225624560824465;0.000971004607018291;0.333333333333333;4
"1-Multi";12;"4 B6 CHFU";1.15;0.15;1;4;2;2;0.045467818179011;0.000484802901143804;6.58564027272734e-05;0.000641540557191841;0.000869607024030399;0.333333333333333;4
"1-Multi";13;"4 B6 LEMA";1.03508771929825;0.0350877192982456;1;2;1;1;0.0290643552136797;0.000289874374115526;0.980383980421182;1.97254877629393e-08;0.00119944645178888;0.333333333333333;2
"1-Multi";14;"4 C1 LEMA";1.02272727272727;0.0227272727272727;1;2;1;1;0.0265736512701885;0.000201807146753854;0.226277398820287;1.28477701360296e-07;0.00164499320298343;0.333333333333333;2
"1-Multi";15;"4 C2 CHFU";1.43333333333333;0.433333333333333;1;4;2;2;0.0609988926229246;0.000106574446231472;7.86822544884522e-06;0.00013393122257897;8.09520394566745e-05;0.333333333333333;4
"1-Multi";16;"4 C2 LEMA";1.68281499202552;0.682814992025518;1;8;4;4;0.0446500160615026;0.00128486304772778;0.444781841647613;3.1231143143208e-05;0.00213651924468247;0.333333333333333;6
"1-Multi";17;"4 C3 LEMA";1.01754385964912;0.0175438596491228;1;2;1;1;0.0254508150709461;0.00014493718705759;0.980383980421182;9.86274388559576e-09;0.00119944645178888;0.333333333333333;2
"1-Multi";18;"4 C4 LEMA";1.29128527841342;0.291285278413425;1;8;4;4;0.0400723784356276;0.00112565121504632;0.25419219753454;3.02947613478174e-05;0.00190972368321822;0.333333333333333;6
"1-Multi";19;"4 C5 CHFU";1.08333333333333;0.0833333333333333;1;2;1;1;0.0283888663770196;1.3618304297383e-05;4.4361886405927e-07;2.99934575105382e-05;7.08613359338703e-05;0.333333333333333;2
"1-Multi";20;"4 C5 LEMA";1.05263157894737;0.0526315789473684;1;2;1;1;0.0254224653896344;0.000145451899493191;0.0949688373737198;3.44360612827639e-08;0.00125591401599347;0.333333333333333;2
"1-Multi";21;"4 C6 LEMA";1.02272727272727;0.0227272727272727;1;2;1;1;0.0265736512699617;0.000201807146753847;0.226277398820287;1.2847770136047e-07;0.00164499320298343;0.333333333333333;2
"1-Multi";22;"4 D2 LEMA";1.01754385964912;0.0175438596491228;1;2;1;1;0.0254508150710949;0.000144937187057625;0.980383980421182;9.86274388518758e-09;0.00119944645178888;0.333333333333333;2
"1-Multi";23;"4 D5 LEMA";1.58333333333333;0.583333333333333;1;4;2;2;0.0401935950413558;0.000319481440554017;0.00949944359691964;1.15665608045579e-07;0.00128916943818193;0.333333333333333;4
"1-Multi";24;"4 D6 CHFU";1.1;0.1;1;2;1;1;0.034792526827912;5.21012290420736e-05;3.75666517881363e-05;1.39573925368523e-05;0.000121314853547891;0.333333333333333;2
"1-Multi";25;"4 E1 LEMA";1.16429165799875;0.164291657998752;1;6;3;3;0.0507938953994649;0.00119811108177937;0.527190968107032;4.3098495795879e-07;0.00140571826765658;0.333333333333333;6
"1-Multi";26;"4 E2 LEMA";1.07017543859649;0.0701754385964912;1;4;2;2;0.0290360055322762;0.000290389086550893;0.537676408897451;4.42988051590841e-08;0.00122768023389117;0.333333333333333;4
"1-Multi";27;"4 E4 LEMA";1.23865369946606;0.238653699466056;1;8;4;4;0.037256082427849;0.0174758681854083;0.294141549179454;3.33166257555507e-05;0.0349978050269048;0.333333333333333;6
"1-Multi";28;"4 E5 CHFU";1.1;0.1;1;2;1;1;0.0347925268282357;5.21012290419829e-05;3.75666517881155e-05;1.39573925368514e-05;0.000121314853547891;0.333333333333333;2
"1-Multi";29;"4 E5 LEMA";1.25;0.25;1;2;1;1;0.0312629505661064;0.000295124117908156;0.00320280652597277;1.13654617902095e-07;0.00237179853626936;0.333333333333333;2
"1-Multi";30;"4 F1 LEMA";1.19517543859649;0.195175438596491;1;6;3;3;0.0325803169567125;0.000822321235208111;0.368546503758054;3.02443616642745e-05;0.00232866516360616;0.333333333333333;6
"1-Multi";31;"4 F2 LEMA";1.2;0.2;1;2;1;1;0.0352481354725888;2.57144507981793e-05;0.00630550387957911;5.51158335725561e-09;0.000117332950311635;0.333333333333333;2
"1-Multi";32;"4 F3 LEMA";1.01754385964912;0.0175438596491228;1;2;1;1;0.025450815070829;0.000144937187057747;0.980383980421182;9.86274388649728e-09;0.00119944645178888;0.333333333333333;2
"1-Multi";33;"4 F4 CHFU";1.2;0.2;1;2;1;1;0.0497139276614317;0.000831333927010137;2.36490018758885e-06;0.0109674364588958;0.000647557313270983;0.333333333333333;2
"1-Multi";34;"4 F4 LEMA";1.03508771929825;0.0350877192982456;1;2;1;1;0.0290643552140042;0.000289874374115329;0.980383980421182;1.97254877636694e-08;0.00119944645178888;0.333333333333333;2
"1-Multi";35;"4 F5 CHFU";1.25;0.25;1;4;2;2;0.0584230700788318;0.000536904130185809;5.64264857475814e-05;0.000655497949728684;0.00062017630053623;0.333333333333333;4
"1-Multi";36;"4 F6 LEMA";1.68421052631579;0.684210526315789;1;4;2;2;0.0408679055253112;0.000179599475860883;0.335527470806711;2.382342670564e-08;0.000500004475474123;0.333333333333333;4
"1-Multi";37;"5 A1 CHFU";1.05;0.05;1;2;1;1;0.0325125662791886;0.000432701672101907;9.4146153666431e-05;0.000627583164654999;0.00161789919451291;0.333333333333333;2
"1-Multi";38;"5 A1 LEMA";1.41847826086957;0.418478260869565;1;6;3;3;0.0394830274616372;0.0174806032167654;0.034805395149629;3.33859815682924e-05;0.0466358860587021;0.333333333333333;4
"1-Multi";39;"5 A2 LEMA";1.46052631578947;0.460526315789474;1;4;2;2;0.0426939652250837;0.000603839142933453;0.0785096464912185;1.39793041590808e-07;0.00104297414443758;0.333333333333333;4
"1-Multi";40;"5 A3 CHFU";2.1;1.1;1;4;2;2;0.0886069415129952;0.00225590875298669;4.80394796929748e-05;0.00683025239660887;0.00118905156474198;0.333333333333333;2
"1-Multi";41;"5 A3 LEMA";1.2;0.2;1;2;1;1;0.0352481354729096;2.57144507980116e-05;0.00630550387957908;5.51158335571079e-09;0.000117332950311635;0.333333333333333;2
"1-Multi";42;"5 A4 CHFU";1.1;0.1;1;2;1;1;0.0431878576300681;0.000865403344203894;9.41461536664271e-05;0.00125516632930999;0.00161789919451291;0.333333333333333;2
"1-Multi";43;"5 A4 LEMA";1.04347826086957;0.0434782608695652;1;2;1;1;0.0257441459461404;0.00015787808034459;0.070352639024816;1.59636222705414e-08;0.00130670890927915;0.333333333333333;2
"1-Multi";44;"5 A5 CHFU";1.1;0.1;1;2;1;1;0.043187857630207;0.00086540334420381;9.41461536664044e-05;0.00125516632930999;0.00161789919451291;0.333333333333333;2
"1-Multi";45;"5 A6 LEMA";1.01754385964912;0.0175438596491228;1;2;1;1;0.0254508150708209;0.000144937187057834;0.980383980421182;9.86274388732716e-09;0.00119944645178888;0.333333333333333;2
"1-Multi";46;"5 B1 CHFU";1.05;0.05;1;2;1;1;0.0325125662793797;0.000432701672101723;9.4146153666398e-05;0.000627583164655;0.00161789919451291;0.333333333333333;2
"1-Multi";47;"5 B2 CHFU";1.3;0.3;1;4;2;2;0.0414123478202451;0.0366116760349134;0.00135847227474983;0.00108897011738778;0.0731685595914642;0.333333333333333;2
"1-Multi";48;"5 B2 LEMA";1.16008771929825;0.160087719298246;1;4;2;2;0.0333775610913335;0.017317475392628;0.663876233580154;3.32760888158895e-05;0.0462093478780452;0.333333333333333;4
"1-Multi";49;"5 B3 CHFU";1.25;0.25;1;2;1;1;0.0307370564693155;0.0361789743628114;0.00262279839583313;0.000461386952732786;0.144719219988415;0.333333333333333;2
"1-Multi";50;"5 B4 LEMA";1.03508771929825;0.0350877192982456;1;2;1;1;0.0290643552138335;0.000289874374115331;0.980383980421182;1.97254877637692e-08;0.00119944645178888;0.333333333333333;2
"1-Multi";51;"5 B5 LEMA";1.01754385964912;0.0175438596491228;1;2;1;1;0.0254508150711667;0.000144937187057585;0.980383980421182;9.86274388782153e-09;0.00119944645178888;0.333333333333333;2
"1-Multi";52;"5 C1 LEMA";1.09290271132376;0.092902711323764;1;6;3;3;0.0337723818737807;0.000492196233304936;0.43387673887173;1.72776506513916e-07;0.00136678455692193;0.333333333333333;6
"1-Multi";53;"5 C3 CHFU";2;1;1;2;1;1;0.0630854609057334;0;0;0;8.89785909713872e-06;0.333333333333333;2
"1-Multi";54;"5 C3 LEMA";1.01754385964912;0.0175438596491228;1;2;1;1;0.0254508150711707;0.000144937187057657;0.980383980421182;9.86274388548791e-09;0.00119944645178888;0.333333333333333;2
"1-Multi";55;"5 C4 CHFU";1.05;0.05;1;2;1;1;0.03251256627923;0.000432701672101819;9.4146153666405e-05;0.000627583164654999;0.00161789919451291;0.333333333333333;2
"1-Multi";56;"5 C4 LEMA";1.0402711323764;0.0402711323763955;1;4;2;2;0.0301871914128852;0.000346744333811634;0.603330689620735;1.38340445238628e-07;0.00142221982738616;0.333333333333333;4
"1-Multi";57;"5 C5 LEMA";1.06818181818182;0.0681818181818182;1;2;1;1;0.0360464039533345;0.000605421440261621;0.226277398820287;3.85433104062348e-07;0.00164499320298343;0.333333333333333;2
"1-Multi";58;"5 D1 CHFU";1.08333333333333;0.0833333333333333;1;2;1;1;0.0283888663767774;1.36183042975527e-05;4.43618864081102e-07;2.99934575105375e-05;7.08613359338703e-05;0.333333333333333;2
"1-Multi";59;"5 D1 LEMA";2.5761736356702;1.5761736356702;1;10;5;5;0.0854103615003831;0.00196463450919602;0.239594037561682;1.1208897925487e-06;0.00133910636331723;0.333333333333333;6
"1-Multi";60;"5 D2 CHFU";1.1;0.1;1;2;1;1;0.0431878576302588;0.000865403344203589;9.41461536664319e-05;0.00125516632930999;0.00161789919451291;0.333333333333333;2
"1-Multi";61;"5 D2 LEMA";1.27272727272727;0.272727272727273;1;4;2;2;0.0352000630250438;0.0342570091837795;0.0959996262054945;6.66412043576127e-05;0.091367764888033;0.333333333333333;4
"1-Multi";62;"5 D4 LEMA";1.01754385964912;0.0175438596491228;1;2;1;1;0.0254508150710312;0.000144937187057624;0.980383980421182;9.86274388622684e-09;0.00119944645178888;0.333333333333333;2
"1-Multi";63;"5 D5 CHFU";1.05;0.05;1;2;1;1;0.0325125662792277;0.000432701672101868;9.41461536664932e-05;0.000627583164654999;0.00161789919451291;0.333333333333333;2
"1-Multi";64;"5 D5 LEMA";1.125;0.125;1;2;1;1;0.0261504808060072;0.0170276010185128;0.0308607398980983;3.32563633281354e-05;0.136229150730558;0.333333333333333;2
"1-Multi";65;"5 E1 CHFU";1.58333333333333;0.583333333333333;1;4;2;2;0.056637723923211;0.000872688398868904;7.00851010004459e-07;0.00202197098345787;0.000371939503110234;0.333333333333333;4
"1-Multi";66;"5 E1 LEMA";1.29326156299841;0.293261562998405;1;8;4;4;0.0536625845214116;0.0181564159597446;0.56249003707464;3.35872057676232e-05;0.0181966046199592;0.333333333333333;6
"1-Multi";67;"5 E5 LEMA";1.04347826086957;0.0434782608695652;1;2;1;1;0.0257441459459927;0.000157878080344725;0.0703526390248161;1.59636222728425e-08;0.00130670890927915;0.333333333333333;2
"1-Multi";68;"5 F1 LEMA";1.01754385964912;0.0175438596491228;1;2;1;1;0.025450815071046;0.000144937187057791;0.980383980421182;9.86274388887839e-09;0.00119944645178888;0.333333333333333;2
"1-Multi";69;"5 F4 LEMA";1.08695652173913;0.0869565217391304;1;2;1;1;0.0296510169637708;0.000315756160689227;0.070352639024816;3.19272445320849e-08;0.00130670890927915;0.333333333333333;2
"1-Multi";70;"5 F5 CHFU";1.05;0.05;1;2;1;1;0.0325125662792762;0.000432701672101726;9.41461536664685e-05;0.000627583164654998;0.00161789919451291;0.333333333333333;2
"1-Multi";71;"5 F6 CHFU";2.08333333333333;1.08333333333333;1;4;2;2;0.0619939913068657;1.5960382836025e-05;9.18853448176599e-08;3.16975888579271e-05;2.34218025938458e-05;0.333333333333333;2
"1-Multi";72;"6 A1 LEMA";1.09808612440191;0.0980861244019139;1;4;2;2;0.0421506480401015;0.00083842585468075;0.678741347780824;2.86543634344013e-07;0.0013776651522667;0.333333333333333;4
"1-Multi";73;"6 A2 CHFU";1.55;0.55;1;4;2;2;0.0495382801460976;0.000496945696287472;4.80079708873183e-05;0.000672432133500282;0.000890963769279814;0.333333333333333;4
"1-Multi";74;"6 A3 CHFU";2.05;1.05;1;6;3;3;0.0777871376922937;0.00135601579085901;3.23246749768689e-05;0.00266440965944762;0.000818315069615409;0.333333333333333;4
"1-Multi";75;"6 A3 LEMA";1.22272727272727;0.222727272727273;1;4;2;2;0.0399845118143589;0.000227521597552021;0.116291451349933;1.33989284708015e-07;0.000881163076647534;0.333333333333333;4
"1-Multi";76;"6 A4 LEMA";1.07535885167464;0.0753588516746412;1;4;2;2;0.0301588417310086;0.000347259046247297;0.160623118097003;1.62913762636108e-07;0.00145045360948845;0.333333333333333;4
"1-Multi";77;"6 A5 CHFU";2;1;1;2;1;1;0.0396459383922982;1.54043067178221e-05;1.74561963609008e-08;0.000222964514245009;0.000136276093575944;0.333333333333333;2
"1-Multi";78;"6 A6 CHFU";1.05;0.05;1;2;1;1;0.0325125662792951;0.000432701672101718;9.41461536665041e-05;0.000627583164655001;0.00161789919451291;0.333333333333333;2
"1-Multi";79;"6 A6 LEMA";1.02272727272727;0.0227272727272727;1;2;1;1;0.0265736512700243;0.000201807146753756;0.226277398820287;1.28477701358849e-07;0.00164499320298343;0.333333333333333;2
"1-Multi";80;"6 B1 LEMA";1.26620553359684;0.266205533596838;1;6;3;3;0.0438913828322041;0.000385399677896589;0.100978513908227;1.49952906969578e-07;0.00102301168752474;0.333333333333333;4
"1-Multi";81;"6 B2 LEMA";1.04347826086957;0.0434782608695652;1;2;1;1;0.0257441459460141;0.000157878080344624;0.070352639024816;1.5963622270501e-08;0.00130670890927915;0.333333333333333;2
"1-Multi";82;"6 B3 CHFU";2.33333333333333;1.33333333333333;1;4;2;2;0.0668163857046585;5.80207832904197e-05;2.97523186482419e-07;0.000126790355431682;5.28970323207633e-05;0.333333333333333;2
"1-Multi";83;"6 B3 LEMA";2.10647666597323;1.10647666597323;1;8;4;4;0.0622442629575871;0.000777761604702426;0.19047146726701;2.98848515294051e-07;0.000801674320657284;0.333333333333333;6
"1-Multi";84;"6 B4 LEMA";1.7841082449206;0.784108244920602;1;12;6;6;0.0540338081924078;0.0181407318571174;0.233671164207792;3.44564582532298e-05;0.0207698973724859;0.333333333333333;6
"1-Multi";85;"6 B5 LEMA";1.02272727272727;0.0227272727272727;1;2;1;1;0.0265736512698424;0.000201807146753951;0.226277398820287;1.28477701361067e-07;0.00164499320298343;0.333333333333333;2
"1-Multi";86;"6 B6 LEMA";1.07017543859649;0.0701754385964912;1;2;1;1;0.0362914354993649;0.000579748748230804;0.980383980421182;3.94509755190967e-08;0.00119944645178888;0.333333333333333;2
"1-Multi";87;"6 C1 LEMA";2.33054226475279;1.33054226475279;1;8;4;4;0.0583520904253411;0.000744890080323962;0.40497382418951;2.95577853932555e-07;0.00102167948933375;0.333333333333333;4
"1-Multi";88;"6 C3 LEMA";1.04347826086957;0.0434782608695652;1;2;1;1;0.0257441459458913;0.000157878080344742;0.070352639024816;1.59636222730142e-08;0.00130670890927915;0.333333333333333;2
"1-Multi";89;"6 C4 LEMA";1.29545454545455;0.295454545454545;1;4;2;2;0.0383986504609141;0.00146747859082215;0.128282046149774;6.06570811209426e-05;0.00308781411300978;0.333333333333333;4
"1-Multi";90;"6 C6 LEMA";1.07017543859649;0.0701754385964912;1;4;2;2;0.0290360055318741;0.000290389086551116;0.537676408897451;4.42988051639892e-08;0.00122768023389117;0.333333333333333;4
"1-Multi";91;"6 D1 LEMA";1.11562998405104;0.115629984051037;1;6;3;3;0.0385087582155896;0.000694003380058734;0.381976903858869;3.01254207864599e-07;0.0014363367184373;0.333333333333333;6
"1-Multi";92;"6 D2 LEMA";1.5;0.5;1;2;1;1;0.0332237581095858;1.55559081520032e-05;0.00434476463164258;8.83944034569758e-10;0.000140276765996514;0.333333333333333;2
"1-Multi";93;"6 D3 LEMA";1.61365369946606;0.613653699466056;1;8;4;4;0.0443293597316163;0.000463823075047399;0.28751255536284;6.11463714461726e-08;0.000975586535764503;0.333333333333333;6
"1-Multi";94;"6 D4 LEMA";1.02272727272727;0.0227272727272727;1;2;1;1;0.0265736512697814;0.000201807146753953;0.226277398820287;1.28477701361485e-07;0.00164499320298343;0.333333333333333;2
"1-Multi";95;"6 D5 LEMA";1.2902711323764;0.290271132376396;1;6;3;3;0.0367031198655827;0.00036877587877162;0.406444754067561;1.40389241716736e-07;0.00101188477099544;0.333333333333333;4
"1-Multi";96;"6 D6 LEMA";1.2;0.2;1;2;1;1;0.0352481354725985;2.57144507981169e-05;0.00630550387957908;5.51158335692030e-09;0.000117332950311635;0.333333333333333;2
"1-Multi";97;"6 E1 LEMA";1.33695652173913;0.33695652173913;1;4;2;2;0.0361669454168749;0.000337787705649176;0.0511260536702817;3.39760410110457e-08;0.000934877492257435;0.333333333333333;4
"1-Multi";98;"6 E2 LEMA";1.05263157894737;0.0526315789473684;1;2;1;1;0.025422465389163;0.000145451899493381;0.0949688373737198;3.44360612854012e-08;0.00125591401599347;0.333333333333333;2
"1-Multi";99;"6 E3 CHFU";2;1;1;2;1;1;0.0459495199496196;1.6317947533901e-05;1.83168905655396e-09;0.000251794090856171;7.87367300470389e-05;0.333333333333333;2
"1-Multi";100;"6 E5 ME";2;1;1;2;1;1;0.0530273644219827;0.147349495066997;0.00218780363322699;0.00194048649309242;0.147354906994842;0.333333333333333;2
"1-Multi";101;"6 F2 CHFU";1.5;0.5;1;2;1;1;0.034741694905331;0.00213208178105006;0.00221643364262916;0.000914180606456225;0.00454347651040858;0.333333333333333;2
"1-Multi";102;"6 F2 LEMA";1.01754385964912;0.0175438596491228;1;2;1;1;0.0254508150712047;0.000144937187057607;0.980383980421182;9.86274388605143e-09;0.00119944645178888;0.333333333333333;2
"1-Multi";103;"6 F3 LEMA";1.02272727272727;0.0227272727272727;1;2;1;1;0.0265736512699076;0.000201807146753963;0.226277398820287;1.28477701361894e-07;0.00164499320298343;0.333333333333333;2
"1-Multi";104;"6 F4 LEMA";1.07535885167464;0.0753588516746412;1;4;2;2;0.0301588417311427;0.000347259046247256;0.160623118097003;1.62913762636304e-07;0.00145045360948845;0.333333333333333;4
"1-Multi";105;"6 F5 LEMA";1.07856598016781;0.0785659801678108;1;4;2;2;0.0329712262316087;0.000447752454460159;0.677040199955727;3.56891100299097e-08;0.00123520060428564;0.333333333333333;4
"1-Multi";106;"6 F6 LEMA";1.04347826086957;0.0434782608695652;1;2;1;1;0.0257441459460629;0.000157878080344634;0.070352639024816;1.5963622270626e-08;0.00130670890927915;0.333333333333333;2
"1-Multi";107;"Andrena_cinerea";19.8166666666667;10.8166666666667;9;30;15;15;0.280248761534096;0.0303257658453025;0.0720968748662979;0.0353409564425124;0.0322531127723478;1;6
"1-Multi";108;"Bruchidae";1.83333333333333;0.833333333333333;1;4;2;2;0.0546186865091291;0.000300005109137634;0.00163569706515191;1.90719517554241e-06;0.00037111367653087;0.333333333333333;4
"1-Multi";109;"Cantharidae";7.16666666666667;3.16666666666667;4;8;4;4;0.0804737211659864;0.000104542650191869;0.00406620229485248;0.00392429083438697;0.000871004723997759;0.666666666666667;2
"1-Multi";110;"Chrysotoxum_sp.";1.34285714285714;0.342857142857143;1;4;2;2;0.0317463552392621;0.00121997569753103;3.21996137330591e-05;0.00670873796594609;0.00491028908635164;0.333333333333333;4
"1-Multi";111;"Coleoptera";2.03333333333333;1.03333333333333;1;8;4;4;0.0452213759997774;0.00020576469590416;1.49444256024767e-07;0.0129264172452941;0.000434591290310744;0.333333333333333;4
"1-Multi";112;"Dilophus_sp.";32.3976190476191;28.3976190476191;4;88;44;44;1;0.0409388578757596;0.228990386696659;0.230900344598076;0.00758768646116776;0.666666666666667;6
"1-Multi";113;"Diptera";14;10;4;26;13;13;0.350040033040279;0.000681768184682989;0.00656389228835364;0.00643210457646248;0.000408541175245262;0.666666666666667;4
"1-Multi";114;"Empididae";6.36666666666667;5.36666666666667;1;16;8;8;0.166972911519626;0.00121650496703126;0.00254521637815637;3.83182119653107e-05;0.000271381493771885;0.333333333333333;4
"1-Multi";115;"Episyrphus_balteatus";2;1;1;2;1;1;0.0630854609057276;0;0;0;8.89785909713872e-06;0.333333333333333;2
"1-Multi";116;"Eristalis_sp.";1.5;0.5;1;2;1;1;0.0421038587907109;0.000166552281349916;2.92987003858768e-07;0.00522251282549092;0.000348429682444252;0.333333333333333;2
"1-Multi";117;"Eucera_sp.";8.25;4.25;4;10;5;5;0.117597236067037;0.000110743152036711;0.00459165235867671;0.00443168806263532;0.000480501275629717;0.666666666666667;2
"1-Multi";118;"Eupeodes_corollae";22.3511904761905;13.3511904761905;9;36;18;18;0.357511280042223;1;0.0738922661707995;0.0363849844476008;1;1;6
"1-Multi";119;"Lomatia_sp.";1.33333333333333;0.333333333333333;1;2;1;1;0.0366437656087349;8.28316694473372e-06;0.0001243035331839;5.43850016526293e-09;2.77419093871578e-05;0.333333333333333;2
"1-Multi";120;"Malachius_bipustulatus";1.08333333333333;0.0833333333333333;1;2;1;1;0.0268559708831879;7.01188208021664e-05;1.0989050475233e-06;0.0010948997173795;0.000578602108364154;0.333333333333333;2
"1-Multi";121;"Meligethes_sp.";16.1384920634921;12.1384920634921;4;44;22;22;0.351645558739263;0.0124900966427422;0.0726565662692869;0.0717610944335518;0.00459160896037347;0.666666666666667;6
"1-Multi";122;"Mordellidae";1.75;0.75;1;4;2;2;0.0417648134850181;0.000121398805575035;3.81872457439197e-07;0.0133612795220855;0.000339020664525032;0.333333333333333;4
"1-Multi";123;"Nemotelus_sp.";2.94444444444444;1.94444444444444;1;8;4;4;0.0589143039403417;0.00275632618979801;8.29024745592613e-06;0.0032668820218245;0.00552605975396785;0.333333333333333;4
"1-Multi";124;"Odontomyia_sp.";2.11111111111111;1.11111111111111;1;6;3;3;0.0460781049747571;0.000170614808101591;1.1001492660058e-07;0.0161120977900691;0.000470375387755366;0.333333333333333;4
"1-Multi";125;"Psilothrix_viridicoerulea";30.3964285714286;26.3964285714286;4;84;42;42;0.819879213516229;0.0289948386803616;1;1;0.00428171305072053;0.666666666666667;6
"1-Multi";126;"Scaeva_sp.";1.8;0.8;1;2;1;1;0.0540936243885316;5.46848938315705e-06;3.10758832960913e-05;4.03102805237693e-09;1.51182014719902e-05;0.333333333333333;2
"1-Multi";127;"Sphaerophoria_scripta";13.3845238095238;9.38452380952381;4;36;18;18;0.274426627341306;0.00969933538062177;0.101677054850861;0.0968707598108247;0.00467657956007878;0.666666666666667;6
"2-Multi";1;"4 A1 LEMA";1.35087719298246;0.350877192982456;1;4;2;2;0.0343814595466917;0.000169294509703525;0.498090030544524;1.18737340290444e-08;0.000702993395941684;0.333333333333333;4
"2-Multi";2;"4 A2 CHFU";1.7;0.7;1;4;2;2;0.0606521987054149;0.00223628423913379;0.000763855648735082;0.000942095391529908;0.00159536873916812;0.333333333333333;2
"2-Multi";3;"4 A2 LEMA";1.80987795575896;0.809877955758963;1;8;4;4;0.0666616995410654;0.00138580532310555;0.360173487172961;2.09108328727814e-07;0.00126705709653857;0.333333333333333;4
"2-Multi";4;"4 A5 CHFU";1.25;0.25;1;2;1;1;0.0307370564691206;0.0361789743628114;0.00262279839583313;0.000461386952732786;0.144719219988415;0.333333333333333;2
"2-Multi";5;"4 A6 CHFU";1.25;0.25;1;2;1;1;0.0307370564692931;0.0361789743628115;0.00262279839583315;0.000461386952732785;0.144719219988415;0.333333333333333;2
"2-Multi";6;"4 B1 CHFU";1.5;0.5;1;4;2;2;0.0905458322943695;0.00171476908306226;1.40988173876282e-05;0.0219488303103284;0.000472143160029952;0.333333333333333;4
"2-Multi";7;"4 B2 CHFU";1.1;0.1;1;2;1;1;0.0347925268281129;5.21012290417836e-05;3.75666517880815e-05;1.39573925368497e-05;0.000121314853547891;0.333333333333333;2
"2-Multi";8;"4 B2 LEMA";1.18281499202552;0.182814992025518;1;6;3;3;0.0373450429801077;0.00102361366952642;0.554333013285478;3.03482660482301e-05;0.00214363028239933;0.333333333333333;6
"2-Multi";9;"4 B4 LEMA";1.25;0.25;1;2;1;1;0.0289258977776935;0.00106386429731439;0.0302866934792604;6.04001257182355e-05;0.00453063502303612;0.333333333333333;2
"2-Multi";10;"4 B4 ME";2;1;1;2;1;1;0.0470777593405825;0.00446848628482551;0.00214466400494749;0.00188366828528164;0.00476067336933609;0.333333333333333;2
"2-Multi";11;"4 B5 CHFU";1.45;0.45;1;4;2;2;0.0882658717454824;0.00209536952612228;3.29586513472621e-05;0.0225624560824465;0.000971004607018291;0.333333333333333;4
"2-Multi";12;"4 B6 CHFU";1.15;0.15;1;4;2;2;0.045467818179011;0.000484802901143804;6.58564027272734e-05;0.000641540557191841;0.000869607024030399;0.333333333333333;4
"2-Multi";13;"4 B6 LEMA";1.03508771929825;0.0350877192982456;1;2;1;1;0.0290643552136797;0.000289874374115526;0.980383980421182;1.97254877629393e-08;0.00119944645178888;0.333333333333333;2
"2-Multi";14;"4 C1 LEMA";1.02272727272727;0.0227272727272727;1;2;1;1;0.0265736512701885;0.000201807146753854;0.226277398820287;1.28477701360296e-07;0.00164499320298343;0.333333333333333;2
"2-Multi";15;"4 C2 CHFU";1.43333333333333;0.433333333333333;1;4;2;2;0.0609988926229246;0.000106574446231472;7.86822544884522e-06;0.00013393122257897;8.09520394566745e-05;0.333333333333333;4
"2-Multi";16;"4 C2 LEMA";1.68281499202552;0.682814992025518;1;8;4;4;0.0446500160615026;0.00128486304772778;0.444781841647613;3.1231143143208e-05;0.00213651924468247;0.333333333333333;6
"2-Multi";17;"4 C3 LEMA";1.01754385964912;0.0175438596491228;1;2;1;1;0.0254508150709461;0.00014493718705759;0.980383980421182;9.86274388559576e-09;0.00119944645178888;0.333333333333333;2
"2-Multi";18;"4 C4 LEMA";1.29128527841342;0.291285278413425;1;8;4;4;0.0400723784356276;0.00112565121504632;0.25419219753454;3.02947613478174e-05;0.00190972368321822;0.333333333333333;6
"2-Multi";19;"4 C5 CHFU";1.08333333333333;0.0833333333333333;1;2;1;1;0.0283888663770196;1.3618304297383e-05;4.4361886405927e-07;2.99934575105382e-05;7.08613359338703e-05;0.333333333333333;2
"2-Multi";20;"4 C5 LEMA";1.05263157894737;0.0526315789473684;1;2;1;1;0.0254224653896344;0.000145451899493191;0.0949688373737198;3.44360612827639e-08;0.00125591401599347;0.333333333333333;2
"2-Multi";21;"4 C6 LEMA";1.02272727272727;0.0227272727272727;1;2;1;1;0.0265736512699617;0.000201807146753847;0.226277398820287;1.2847770136047e-07;0.00164499320298343;0.333333333333333;2
"2-Multi";22;"4 D2 LEMA";1.01754385964912;0.0175438596491228;1;2;1;1;0.0254508150710949;0.000144937187057625;0.980383980421182;9.86274388518758e-09;0.00119944645178888;0.333333333333333;2
"2-Multi";23;"4 D5 LEMA";1.58333333333333;0.583333333333333;1;4;2;2;0.0401935950413558;0.000319481440554017;0.00949944359691964;1.15665608045579e-07;0.00128916943818193;0.333333333333333;4
"2-Multi";24;"4 D6 CHFU";1.1;0.1;1;2;1;1;0.034792526827912;5.21012290420736e-05;3.75666517881363e-05;1.39573925368523e-05;0.000121314853547891;0.333333333333333;2
"2-Multi";25;"4 E1 LEMA";1.16429165799875;0.164291657998752;1;6;3;3;0.0507938953994649;0.00119811108177937;0.527190968107032;4.3098495795879e-07;0.00140571826765658;0.333333333333333;6
"2-Multi";26;"4 E2 LEMA";1.07017543859649;0.0701754385964912;1;4;2;2;0.0290360055322762;0.000290389086550893;0.537676408897451;4.42988051590841e-08;0.00122768023389117;0.333333333333333;4
"2-Multi";27;"4 E4 LEMA";1.23865369946606;0.238653699466056;1;8;4;4;0.037256082427849;0.0174758681854083;0.294141549179454;3.33166257555507e-05;0.0349978050269048;0.333333333333333;6
"2-Multi";28;"4 E5 CHFU";1.1;0.1;1;2;1;1;0.0347925268282357;5.21012290419829e-05;3.75666517881155e-05;1.39573925368514e-05;0.000121314853547891;0.333333333333333;2
"2-Multi";29;"4 E5 LEMA";1.25;0.25;1;2;1;1;0.0312629505661064;0.000295124117908156;0.00320280652597277;1.13654617902095e-07;0.00237179853626936;0.333333333333333;2
"2-Multi";30;"4 F1 LEMA";1.19517543859649;0.195175438596491;1;6;3;3;0.0325803169567125;0.000822321235208111;0.368546503758054;3.02443616642745e-05;0.00232866516360616;0.333333333333333;6
"2-Multi";31;"4 F2 LEMA";1.2;0.2;1;2;1;1;0.0352481354725888;2.57144507981793e-05;0.00630550387957911;5.51158335725561e-09;0.000117332950311635;0.333333333333333;2
"2-Multi";32;"4 F3 LEMA";1.01754385964912;0.0175438596491228;1;2;1;1;0.025450815070829;0.000144937187057747;0.980383980421182;9.86274388649728e-09;0.00119944645178888;0.333333333333333;2
"2-Multi";33;"4 F4 CHFU";1.2;0.2;1;2;1;1;0.0497139276614317;0.000831333927010137;2.36490018758885e-06;0.0109674364588958;0.000647557313270983;0.333333333333333;2
"2-Multi";34;"4 F4 LEMA";1.03508771929825;0.0350877192982456;1;2;1;1;0.0290643552140042;0.000289874374115329;0.980383980421182;1.97254877636694e-08;0.00119944645178888;0.333333333333333;2
"2-Multi";35;"4 F5 CHFU";1.25;0.25;1;4;2;2;0.0584230700788318;0.000536904130185809;5.64264857475814e-05;0.000655497949728684;0.00062017630053623;0.333333333333333;4
"2-Multi";36;"4 F6 LEMA";1.68421052631579;0.684210526315789;1;4;2;2;0.0408679055253112;0.000179599475860883;0.335527470806711;2.382342670564e-08;0.000500004475474123;0.333333333333333;4
"2-Multi";37;"5 A1 CHFU";1.05;0.05;1;2;1;1;0.0325125662791886;0.000432701672101907;9.4146153666431e-05;0.000627583164654999;0.00161789919451291;0.333333333333333;2
"2-Multi";38;"5 A1 LEMA";1.41847826086957;0.418478260869565;1;6;3;3;0.0394830274616372;0.0174806032167654;0.034805395149629;3.33859815682924e-05;0.0466358860587021;0.333333333333333;4
"2-Multi";39;"5 A2 LEMA";1.46052631578947;0.460526315789474;1;4;2;2;0.0426939652250837;0.000603839142933453;0.0785096464912185;1.39793041590808e-07;0.00104297414443758;0.333333333333333;4
"2-Multi";40;"5 A3 CHFU";2.1;1.1;1;4;2;2;0.0886069415129952;0.00225590875298669;4.80394796929748e-05;0.00683025239660887;0.00118905156474198;0.333333333333333;2
"2-Multi";41;"5 A3 LEMA";1.2;0.2;1;2;1;1;0.0352481354729096;2.57144507980116e-05;0.00630550387957908;5.51158335571079e-09;0.000117332950311635;0.333333333333333;2
"2-Multi";42;"5 A4 CHFU";1.1;0.1;1;2;1;1;0.0431878576300681;0.000865403344203894;9.41461536664271e-05;0.00125516632930999;0.00161789919451291;0.333333333333333;2
"2-Multi";43;"5 A4 LEMA";1.04347826086957;0.0434782608695652;1;2;1;1;0.0257441459461404;0.00015787808034459;0.070352639024816;1.59636222705414e-08;0.00130670890927915;0.333333333333333;2
"2-Multi";44;"5 A5 CHFU";1.1;0.1;1;2;1;1;0.043187857630207;0.00086540334420381;9.41461536664044e-05;0.00125516632930999;0.00161789919451291;0.333333333333333;2
"2-Multi";45;"5 A6 LEMA";1.01754385964912;0.0175438596491228;1;2;1;1;0.0254508150708209;0.000144937187057834;0.980383980421182;9.86274388732716e-09;0.00119944645178888;0.333333333333333;2
"2-Multi";46;"5 B1 CHFU";1.05;0.05;1;2;1;1;0.0325125662793797;0.000432701672101723;9.4146153666398e-05;0.000627583164655;0.00161789919451291;0.333333333333333;2
"2-Multi";47;"5 B2 CHFU";1.3;0.3;1;4;2;2;0.0414123478202451;0.0366116760349134;0.00135847227474983;0.00108897011738778;0.0731685595914642;0.333333333333333;2
"2-Multi";48;"5 B2 LEMA";1.16008771929825;0.160087719298246;1;4;2;2;0.0333775610913335;0.017317475392628;0.663876233580154;3.32760888158895e-05;0.0462093478780452;0.333333333333333;4
"2-Multi";49;"5 B3 CHFU";1.25;0.25;1;2;1;1;0.0307370564693155;0.0361789743628114;0.00262279839583313;0.000461386952732786;0.144719219988415;0.333333333333333;2
"2-Multi";50;"5 B4 LEMA";1.03508771929825;0.0350877192982456;1;2;1;1;0.0290643552138335;0.000289874374115331;0.980383980421182;1.97254877637692e-08;0.00119944645178888;0.333333333333333;2
"2-Multi";51;"5 B5 LEMA";1.01754385964912;0.0175438596491228;1;2;1;1;0.0254508150711667;0.000144937187057585;0.980383980421182;9.86274388782153e-09;0.00119944645178888;0.333333333333333;2
"2-Multi";52;"5 C1 LEMA";1.09290271132376;0.092902711323764;1;6;3;3;0.0337723818737807;0.000492196233304936;0.43387673887173;1.72776506513916e-07;0.00136678455692193;0.333333333333333;6
"2-Multi";53;"5 C3 CHFU";2;1;1;2;1;1;0.0630854609057334;0;0;0;8.89785909713872e-06;0.333333333333333;2
"2-Multi";54;"5 C3 LEMA";1.01754385964912;0.0175438596491228;1;2;1;1;0.0254508150711707;0.000144937187057657;0.980383980421182;9.86274388548791e-09;0.00119944645178888;0.333333333333333;2
"2-Multi";55;"5 C4 CHFU";1.05;0.05;1;2;1;1;0.03251256627923;0.000432701672101819;9.4146153666405e-05;0.000627583164654999;0.00161789919451291;0.333333333333333;2
"2-Multi";56;"5 C4 LEMA";1.0402711323764;0.0402711323763955;1;4;2;2;0.0301871914128852;0.000346744333811634;0.603330689620735;1.38340445238628e-07;0.00142221982738616;0.333333333333333;4
"2-Multi";57;"5 C5 LEMA";1.06818181818182;0.0681818181818182;1;2;1;1;0.0360464039533345;0.000605421440261621;0.226277398820287;3.85433104062348e-07;0.00164499320298343;0.333333333333333;2
"2-Multi";58;"5 D1 CHFU";1.08333333333333;0.0833333333333333;1;2;1;1;0.0283888663767774;1.36183042975527e-05;4.43618864081102e-07;2.99934575105375e-05;7.08613359338703e-05;0.333333333333333;2
"2-Multi";59;"5 D1 LEMA";2.5761736356702;1.5761736356702;1;10;5;5;0.0854103615003831;0.00196463450919602;0.239594037561682;1.1208897925487e-06;0.00133910636331723;0.333333333333333;6
"2-Multi";60;"5 D2 CHFU";1.1;0.1;1;2;1;1;0.0431878576302588;0.000865403344203589;9.41461536664319e-05;0.00125516632930999;0.00161789919451291;0.333333333333333;2
"2-Multi";61;"5 D2 LEMA";1.27272727272727;0.272727272727273;1;4;2;2;0.0352000630250438;0.0342570091837795;0.0959996262054945;6.66412043576127e-05;0.091367764888033;0.333333333333333;4
"2-Multi";62;"5 D4 LEMA";1.01754385964912;0.0175438596491228;1;2;1;1;0.0254508150710312;0.000144937187057624;0.980383980421182;9.86274388622684e-09;0.00119944645178888;0.333333333333333;2
"2-Multi";63;"5 D5 CHFU";1.05;0.05;1;2;1;1;0.0325125662792277;0.000432701672101868;9.41461536664932e-05;0.000627583164654999;0.00161789919451291;0.333333333333333;2
"2-Multi";64;"5 D5 LEMA";1.125;0.125;1;2;1;1;0.0261504808060072;0.0170276010185128;0.0308607398980983;3.32563633281354e-05;0.136229150730558;0.333333333333333;2
"2-Multi";65;"5 E1 CHFU";1.58333333333333;0.583333333333333;1;4;2;2;0.056637723923211;0.000872688398868904;7.00851010004459e-07;0.00202197098345787;0.000371939503110234;0.333333333333333;4
"2-Multi";66;"5 E1 LEMA";1.29326156299841;0.293261562998405;1;8;4;4;0.0536625845214116;0.0181564159597446;0.56249003707464;3.35872057676232e-05;0.0181966046199592;0.333333333333333;6
"2-Multi";67;"5 E5 LEMA";1.04347826086957;0.0434782608695652;1;2;1;1;0.0257441459459927;0.000157878080344725;0.0703526390248161;1.59636222728425e-08;0.00130670890927915;0.333333333333333;2
"2-Multi";68;"5 F1 LEMA";1.01754385964912;0.0175438596491228;1;2;1;1;0.025450815071046;0.000144937187057791;0.980383980421182;9.86274388887839e-09;0.00119944645178888;0.333333333333333;2
"2-Multi";69;"5 F4 LEMA";1.08695652173913;0.0869565217391304;1;2;1;1;0.0296510169637708;0.000315756160689227;0.070352639024816;3.19272445320849e-08;0.00130670890927915;0.333333333333333;2
"2-Multi";70;"5 F5 CHFU";1.05;0.05;1;2;1;1;0.0325125662792762;0.000432701672101726;9.41461536664685e-05;0.000627583164654998;0.00161789919451291;0.333333333333333;2
"2-Multi";71;"5 F6 CHFU";2.08333333333333;1.08333333333333;1;4;2;2;0.0619939913068657;1.5960382836025e-05;9.18853448176599e-08;3.16975888579271e-05;2.34218025938458e-05;0.333333333333333;2
"2-Multi";72;"6 A1 LEMA";1.09808612440191;0.0980861244019139;1;4;2;2;0.0421506480401015;0.00083842585468075;0.678741347780824;2.86543634344013e-07;0.0013776651522667;0.333333333333333;4
"2-Multi";73;"6 A2 CHFU";1.55;0.55;1;4;2;2;0.0495382801460976;0.000496945696287472;4.80079708873183e-05;0.000672432133500282;0.000890963769279814;0.333333333333333;4
"2-Multi";74;"6 A3 CHFU";2.05;1.05;1;6;3;3;0.0777871376922937;0.00135601579085901;3.23246749768689e-05;0.00266440965944762;0.000818315069615409;0.333333333333333;4
"2-Multi";75;"6 A3 LEMA";1.22272727272727;0.222727272727273;1;4;2;2;0.0399845118143589;0.000227521597552021;0.116291451349933;1.33989284708015e-07;0.000881163076647534;0.333333333333333;4
"2-Multi";76;"6 A4 LEMA";1.07535885167464;0.0753588516746412;1;4;2;2;0.0301588417310086;0.000347259046247297;0.160623118097003;1.62913762636108e-07;0.00145045360948845;0.333333333333333;4
"2-Multi";77;"6 A5 CHFU";2;1;1;2;1;1;0.0396459383922982;1.54043067178221e-05;1.74561963609008e-08;0.000222964514245009;0.000136276093575944;0.333333333333333;2
"2-Multi";78;"6 A6 CHFU";1.05;0.05;1;2;1;1;0.0325125662792951;0.000432701672101718;9.41461536665041e-05;0.000627583164655001;0.00161789919451291;0.333333333333333;2
"2-Multi";79;"6 A6 LEMA";1.02272727272727;0.0227272727272727;1;2;1;1;0.0265736512700243;0.000201807146753756;0.226277398820287;1.28477701358849e-07;0.00164499320298343;0.333333333333333;2
"2-Multi";80;"6 B1 LEMA";1.26620553359684;0.266205533596838;1;6;3;3;0.0438913828322041;0.000385399677896589;0.100978513908227;1.49952906969578e-07;0.00102301168752474;0.333333333333333;4
"2-Multi";81;"6 B2 LEMA";1.04347826086957;0.0434782608695652;1;2;1;1;0.0257441459460141;0.000157878080344624;0.070352639024816;1.5963622270501e-08;0.00130670890927915;0.333333333333333;2
"2-Multi";82;"6 B3 CHFU";2.33333333333333;1.33333333333333;1;4;2;2;0.0668163857046585;5.80207832904197e-05;2.97523186482419e-07;0.000126790355431682;5.28970323207633e-05;0.333333333333333;2
"2-Multi";83;"6 B3 LEMA";2.10647666597323;1.10647666597323;1;8;4;4;0.0622442629575871;0.000777761604702426;0.19047146726701;2.98848515294051e-07;0.000801674320657284;0.333333333333333;6
"2-Multi";84;"6 B4 LEMA";1.7841082449206;0.784108244920602;1;12;6;6;0.0540338081924078;0.0181407318571174;0.233671164207792;3.44564582532298e-05;0.0207698973724859;0.333333333333333;6
"2-Multi";85;"6 B5 LEMA";1.02272727272727;0.0227272727272727;1;2;1;1;0.0265736512698424;0.000201807146753951;0.226277398820287;1.28477701361067e-07;0.00164499320298343;0.333333333333333;2
"2-Multi";86;"6 B6 LEMA";1.07017543859649;0.0701754385964912;1;2;1;1;0.0362914354993649;0.000579748748230804;0.980383980421182;3.94509755190967e-08;0.00119944645178888;0.333333333333333;2
"2-Multi";87;"6 C1 LEMA";2.33054226475279;1.33054226475279;1;8;4;4;0.0583520904253411;0.000744890080323962;0.40497382418951;2.95577853932555e-07;0.00102167948933375;0.333333333333333;4
"2-Multi";88;"6 C3 LEMA";1.04347826086957;0.0434782608695652;1;2;1;1;0.0257441459458913;0.000157878080344742;0.070352639024816;1.59636222730142e-08;0.00130670890927915;0.333333333333333;2
"2-Multi";89;"6 C4 LEMA";1.29545454545455;0.295454545454545;1;4;2;2;0.0383986504609141;0.00146747859082215;0.128282046149774;6.06570811209426e-05;0.00308781411300978;0.333333333333333;4
"2-Multi";90;"6 C6 LEMA";1.07017543859649;0.0701754385964912;1;4;2;2;0.0290360055318741;0.000290389086551116;0.537676408897451;4.42988051639892e-08;0.00122768023389117;0.333333333333333;4
"2-Multi";91;"6 D1 LEMA";1.11562998405104;0.115629984051037;1;6;3;3;0.0385087582155896;0.000694003380058734;0.381976903858869;3.01254207864599e-07;0.0014363367184373;0.333333333333333;6
"2-Multi";92;"6 D2 LEMA";1.5;0.5;1;2;1;1;0.0332237581095858;1.55559081520032e-05;0.00434476463164258;8.83944034569758e-10;0.000140276765996514;0.333333333333333;2
"2-Multi";93;"6 D3 LEMA";1.61365369946606;0.613653699466056;1;8;4;4;0.0443293597316163;0.000463823075047399;0.28751255536284;6.11463714461726e-08;0.000975586535764503;0.333333333333333;6
"2-Multi";94;"6 D4 LEMA";1.02272727272727;0.0227272727272727;1;2;1;1;0.0265736512697814;0.000201807146753953;0.226277398820287;1.28477701361485e-07;0.00164499320298343;0.333333333333333;2
"2-Multi";95;"6 D5 LEMA";1.2902711323764;0.290271132376396;1;6;3;3;0.0367031198655827;0.00036877587877162;0.406444754067561;1.40389241716736e-07;0.00101188477099544;0.333333333333333;4
"2-Multi";96;"6 D6 LEMA";1.2;0.2;1;2;1;1;0.0352481354725985;2.57144507981169e-05;0.00630550387957908;5.51158335692030e-09;0.000117332950311635;0.333333333333333;2
"2-Multi";97;"6 E1 LEMA";1.33695652173913;0.33695652173913;1;4;2;2;0.0361669454168749;0.000337787705649176;0.0511260536702817;3.39760410110457e-08;0.000934877492257435;0.333333333333333;4
"2-Multi";98;"6 E2 LEMA";1.05263157894737;0.0526315789473684;1;2;1;1;0.025422465389163;0.000145451899493381;0.0949688373737198;3.44360612854012e-08;0.00125591401599347;0.333333333333333;2
"2-Multi";99;"6 E3 CHFU";2;1;1;2;1;1;0.0459495199496196;1.6317947533901e-05;1.83168905655396e-09;0.000251794090856171;7.87367300470389e-05;0.333333333333333;2
"2-Multi";100;"6 E5 ME";2;1;1;2;1;1;0.0530273644219827;0.147349495066997;0.00218780363322699;0.00194048649309242;0.147354906994842;0.333333333333333;2
"2-Multi";101;"6 F2 CHFU";1.5;0.5;1;2;1;1;0.034741694905331;0.00213208178105006;0.00221643364262916;0.000914180606456225;0.00454347651040858;0.333333333333333;2
"2-Multi";102;"6 F2 LEMA";1.01754385964912;0.0175438596491228;1;2;1;1;0.0254508150712047;0.000144937187057607;0.980383980421182;9.86274388605143e-09;0.00119944645178888;0.333333333333333;2
"2-Multi";103;"6 F3 LEMA";1.02272727272727;0.0227272727272727;1;2;1;1;0.0265736512699076;0.000201807146753963;0.226277398820287;1.28477701361894e-07;0.00164499320298343;0.333333333333333;2
"2-Multi";104;"6 F4 LEMA";1.07535885167464;0.0753588516746412;1;4;2;2;0.0301588417311427;0.000347259046247256;0.160623118097003;1.62913762636304e-07;0.00145045360948845;0.333333333333333;4
"2-Multi";105;"6 F5 LEMA";1.07856598016781;0.0785659801678108;1;4;2;2;0.0329712262316087;0.000447752454460159;0.677040199955727;3.56891100299097e-08;0.00123520060428564;0.333333333333333;4
"2-Multi";106;"6 F6 LEMA";1.04347826086957;0.0434782608695652;1;2;1;1;0.0257441459460629;0.000157878080344634;0.070352639024816;1.5963622270626e-08;0.00130670890927915;0.333333333333333;2
"2-Multi";107;"Andrena_cinerea";19.8166666666667;10.8166666666667;9;30;15;15;0.280248761534096;0.0303257658453025;0.0720968748662979;0.0353409564425124;0.0322531127723478;1;6
"2-Multi";108;"Bruchidae";1.83333333333333;0.833333333333333;1;4;2;2;0.0546186865091291;0.000300005109137634;0.00163569706515191;1.90719517554241e-06;0.00037111367653087;0.333333333333333;4
"2-Multi";109;"Cantharidae";7.16666666666667;3.16666666666667;4;8;4;4;0.0804737211659864;0.000104542650191869;0.00406620229485248;0.00392429083438697;0.000871004723997759;0.666666666666667;2
"2-Multi";110;"Chrysotoxum_sp.";1.34285714285714;0.342857142857143;1;4;2;2;0.0317463552392621;0.00121997569753103;3.21996137330591e-05;0.00670873796594609;0.00491028908635164;0.333333333333333;4
"2-Multi";111;"Coleoptera";2.03333333333333;1.03333333333333;1;8;4;4;0.0452213759997774;0.00020576469590416;1.49444256024767e-07;0.0129264172452941;0.000434591290310744;0.333333333333333;4
"2-Multi";112;"Dilophus_sp.";32.3976190476191;28.3976190476191;4;88;44;44;1;0.0409388578757596;0.228990386696659;0.230900344598076;0.00758768646116776;0.666666666666667;6
"2-Multi";113;"Diptera";14;10;4;26;13;13;0.350040033040279;0.000681768184682989;0.00656389228835364;0.00643210457646248;0.000408541175245262;0.666666666666667;4
"2-Multi";114;"Empididae";6.36666666666667;5.36666666666667;1;16;8;8;0.166972911519626;0.00121650496703126;0.00254521637815637;3.83182119653107e-05;0.000271381493771885;0.333333333333333;4
"2-Multi";115;"Episyrphus_balteatus";2;1;1;2;1;1;0.0630854609057276;0;0;0;8.89785909713872e-06;0.333333333333333;2
"2-Multi";116;"Eristalis_sp.";1.5;0.5;1;2;1;1;0.0421038587907109;0.000166552281349916;2.92987003858768e-07;0.00522251282549092;0.000348429682444252;0.333333333333333;2
"2-Multi";117;"Eucera_sp.";8.25;4.25;4;10;5;5;0.117597236067037;0.000110743152036711;0.00459165235867671;0.00443168806263532;0.000480501275629717;0.666666666666667;2
"2-Multi";118;"Eupeodes_corollae";22.3511904761905;13.3511904761905;9;36;18;18;0.357511280042223;1;0.0738922661707995;0.0363849844476008;1;1;6
"2-Multi";119;"Lomatia_sp.";1.33333333333333;0.333333333333333;1;2;1;1;0.0366437656087349;8.28316694473372e-06;0.0001243035331839;5.43850016526293e-09;2.77419093871578e-05;0.333333333333333;2
"2-Multi";120;"Malachius_bipustulatus";1.08333333333333;0.0833333333333333;1;2;1;1;0.0268559708831879;7.01188208021664e-05;1.0989050475233e-06;0.0010948997173795;0.000578602108364154;0.333333333333333;2
"2-Multi";121;"Meligethes_sp.";16.1384920634921;12.1384920634921;4;44;22;22;0.351645558739263;0.0124900966427422;0.0726565662692869;0.0717610944335518;0.00459160896037347;0.666666666666667;6
"2-Multi";122;"Mordellidae";1.75;0.75;1;4;2;2;0.0417648134850181;0.000121398805575035;3.81872457439197e-07;0.0133612795220855;0.000339020664525032;0.333333333333333;4
"2-Multi";123;"Nemotelus_sp.";2.94444444444444;1.94444444444444;1;8;4;4;0.0589143039403417;0.00275632618979801;8.29024745592613e-06;0.0032668820218245;0.00552605975396785;0.333333333333333;4
"2-Multi";124;"Odontomyia_sp.";2.11111111111111;1.11111111111111;1;6;3;3;0.0460781049747571;0.000170614808101591;1.1001492660058e-07;0.0161120977900691;0.000470375387755366;0.333333333333333;4
"2-Multi";125;"Psilothrix_viridicoerulea";30.3964285714286;26.3964285714286;4;84;42;42;0.819879213516229;0.0289948386803616;1;1;0.00428171305072053;0.666666666666667;6
"2-Multi";126;"Scaeva_sp.";1.8;0.8;1;2;1;1;0.0540936243885316;5.46848938315705e-06;3.10758832960913e-05;4.03102805237693e-09;1.51182014719902e-05;0.333333333333333;2
"2-Multi";127;"Sphaerophoria_scripta";13.3845238095238;9.38452380952381;4;36;18;18;0.274426627341306;0.00969933538062177;0.101677054850861;0.0968707598108247;0.00467657956007878;0.666666666666667;6
"3-Multi";1;"4 A1 LEMA";1.35087719298246;0.350877192982456;1;4;2;2;0.0343814595466917;0.000169294509703525;0.498090030544524;1.18737340290444e-08;0.000702993395941684;0.333333333333333;4
"3-Multi";2;"4 A2 CHFU";1.7;0.7;1;4;2;2;0.0606521987054149;0.00223628423913379;0.000763855648735082;0.000942095391529908;0.00159536873916812;0.333333333333333;2
"3-Multi";3;"4 A2 LEMA";1.80987795575896;0.809877955758963;1;8;4;4;0.0666616995410654;0.00138580532310555;0.360173487172961;2.09108328727814e-07;0.00126705709653857;0.333333333333333;4
"3-Multi";4;"4 A5 CHFU";1.25;0.25;1;2;1;1;0.0307370564691206;0.0361789743628114;0.00262279839583313;0.000461386952732786;0.144719219988415;0.333333333333333;2
"3-Multi";5;"4 A6 CHFU";1.25;0.25;1;2;1;1;0.0307370564692931;0.0361789743628115;0.00262279839583315;0.000461386952732785;0.144719219988415;0.333333333333333;2
"3-Multi";6;"4 B1 CHFU";1.5;0.5;1;4;2;2;0.0905458322943695;0.00171476908306226;1.40988173876282e-05;0.0219488303103284;0.000472143160029952;0.333333333333333;4
"3-Multi";7;"4 B2 CHFU";1.1;0.1;1;2;1;1;0.0347925268281129;5.21012290417836e-05;3.75666517880815e-05;1.39573925368497e-05;0.000121314853547891;0.333333333333333;2
"3-Multi";8;"4 B2 LEMA";1.18281499202552;0.182814992025518;1;6;3;3;0.0373450429801077;0.00102361366952642;0.554333013285478;3.03482660482301e-05;0.00214363028239933;0.333333333333333;6
"3-Multi";9;"4 B4 LEMA";1.25;0.25;1;2;1;1;0.0289258977776935;0.00106386429731439;0.0302866934792604;6.04001257182355e-05;0.00453063502303612;0.333333333333333;2
"3-Multi";10;"4 B4 ME";2;1;1;2;1;1;0.0470777593405825;0.00446848628482551;0.00214466400494749;0.00188366828528164;0.00476067336933609;0.333333333333333;2
"3-Multi";11;"4 B5 CHFU";1.45;0.45;1;4;2;2;0.0882658717454824;0.00209536952612228;3.29586513472621e-05;0.0225624560824465;0.000971004607018291;0.333333333333333;4
"3-Multi";12;"4 B6 CHFU";1.15;0.15;1;4;2;2;0.045467818179011;0.000484802901143804;6.58564027272734e-05;0.000641540557191841;0.000869607024030399;0.333333333333333;4
"3-Multi";13;"4 B6 LEMA";1.03508771929825;0.0350877192982456;1;2;1;1;0.0290643552136797;0.000289874374115526;0.980383980421182;1.97254877629393e-08;0.00119944645178888;0.333333333333333;2
"3-Multi";14;"4 C1 LEMA";1.02272727272727;0.0227272727272727;1;2;1;1;0.0265736512701885;0.000201807146753854;0.226277398820287;1.28477701360296e-07;0.00164499320298343;0.333333333333333;2
"3-Multi";15;"4 C2 CHFU";1.43333333333333;0.433333333333333;1;4;2;2;0.0609988926229246;0.000106574446231472;7.86822544884522e-06;0.00013393122257897;8.09520394566745e-05;0.333333333333333;4
"3-Multi";16;"4 C2 LEMA";1.68281499202552;0.682814992025518;1;8;4;4;0.0446500160615026;0.00128486304772778;0.444781841647613;3.1231143143208e-05;0.00213651924468247;0.333333333333333;6
"3-Multi";17;"4 C3 LEMA";1.01754385964912;0.0175438596491228;1;2;1;1;0.0254508150709461;0.00014493718705759;0.980383980421182;9.86274388559576e-09;0.00119944645178888;0.333333333333333;2
"3-Multi";18;"4 C4 LEMA";1.29128527841342;0.291285278413425;1;8;4;4;0.0400723784356276;0.00112565121504632;0.25419219753454;3.02947613478174e-05;0.00190972368321822;0.333333333333333;6
"3-Multi";19;"4 C5 CHFU";1.08333333333333;0.0833333333333333;1;2;1;1;0.0283888663770196;1.3618304297383e-05;4.4361886405927e-07;2.99934575105382e-05;7.08613359338703e-05;0.333333333333333;2
"3-Multi";20;"4 C5 LEMA";1.05263157894737;0.0526315789473684;1;2;1;1;0.0254224653896344;0.000145451899493191;0.0949688373737198;3.44360612827639e-08;0.00125591401599347;0.333333333333333;2
"3-Multi";21;"4 C6 LEMA";1.02272727272727;0.0227272727272727;1;2;1;1;0.0265736512699617;0.000201807146753847;0.226277398820287;1.2847770136047e-07;0.00164499320298343;0.333333333333333;2
"3-Multi";22;"4 D2 LEMA";1.01754385964912;0.0175438596491228;1;2;1;1;0.0254508150710949;0.000144937187057625;0.980383980421182;9.86274388518758e-09;0.00119944645178888;0.333333333333333;2
"3-Multi";23;"4 D5 LEMA";1.58333333333333;0.583333333333333;1;4;2;2;0.0401935950413558;0.000319481440554017;0.00949944359691964;1.15665608045579e-07;0.00128916943818193;0.333333333333333;4
"3-Multi";24;"4 D6 CHFU";1.1;0.1;1;2;1;1;0.034792526827912;5.21012290420736e-05;3.75666517881363e-05;1.39573925368523e-05;0.000121314853547891;0.333333333333333;2
"3-Multi";25;"4 E1 LEMA";1.16429165799875;0.164291657998752;1;6;3;3;0.0507938953994649;0.00119811108177937;0.527190968107032;4.3098495795879e-07;0.00140571826765658;0.333333333333333;6
"3-Multi";26;"4 E2 LEMA";1.07017543859649;0.0701754385964912;1;4;2;2;0.0290360055322762;0.000290389086550893;0.537676408897451;4.42988051590841e-08;0.00122768023389117;0.333333333333333;4
"3-Multi";27;"4 E4 LEMA";1.23865369946606;0.238653699466056;1;8;4;4;0.037256082427849;0.0174758681854083;0.294141549179454;3.33166257555507e-05;0.0349978050269048;0.333333333333333;6
"3-Multi";28;"4 E5 CHFU";1.1;0.1;1;2;1;1;0.0347925268282357;5.21012290419829e-05;3.75666517881155e-05;1.39573925368514e-05;0.000121314853547891;0.333333333333333;2
"3-Multi";29;"4 E5 LEMA";1.25;0.25;1;2;1;1;0.0312629505661064;0.000295124117908156;0.00320280652597277;1.13654617902095e-07;0.00237179853626936;0.333333333333333;2
"3-Multi";30;"4 F1 LEMA";1.19517543859649;0.195175438596491;1;6;3;3;0.0325803169567125;0.000822321235208111;0.368546503758054;3.02443616642745e-05;0.00232866516360616;0.333333333333333;6
"3-Multi";31;"4 F2 LEMA";1.2;0.2;1;2;1;1;0.0352481354725888;2.57144507981793e-05;0.00630550387957911;5.51158335725561e-09;0.000117332950311635;0.333333333333333;2
"3-Multi";32;"4 F3 LEMA";1.01754385964912;0.0175438596491228;1;2;1;1;0.025450815070829;0.000144937187057747;0.980383980421182;9.86274388649728e-09;0.00119944645178888;0.333333333333333;2
"3-Multi";33;"4 F4 CHFU";1.2;0.2;1;2;1;1;0.0497139276614317;0.000831333927010137;2.36490018758885e-06;0.0109674364588958;0.000647557313270983;0.333333333333333;2
"3-Multi";34;"4 F4 LEMA";1.03508771929825;0.0350877192982456;1;2;1;1;0.0290643552140042;0.000289874374115329;0.980383980421182;1.97254877636694e-08;0.00119944645178888;0.333333333333333;2
"3-Multi";35;"4 F5 CHFU";1.25;0.25;1;4;2;2;0.0584230700788318;0.000536904130185809;5.64264857475814e-05;0.000655497949728684;0.00062017630053623;0.333333333333333;4
"3-Multi";36;"4 F6 LEMA";1.68421052631579;0.684210526315789;1;4;2;2;0.0408679055253112;0.000179599475860883;0.335527470806711;2.382342670564e-08;0.000500004475474123;0.333333333333333;4
"3-Multi";37;"5 A1 CHFU";1.05;0.05;1;2;1;1;0.0325125662791886;0.000432701672101907;9.4146153666431e-05;0.000627583164654999;0.00161789919451291;0.333333333333333;2
"3-Multi";38;"5 A1 LEMA";1.41847826086957;0.418478260869565;1;6;3;3;0.0394830274616372;0.0174806032167654;0.034805395149629;3.33859815682924e-05;0.0466358860587021;0.333333333333333;4
"3-Multi";39;"5 A2 LEMA";1.46052631578947;0.460526315789474;1;4;2;2;0.0426939652250837;0.000603839142933453;0.0785096464912185;1.39793041590808e-07;0.00104297414443758;0.333333333333333;4
"3-Multi";40;"5 A3 CHFU";2.1;1.1;1;4;2;2;0.0886069415129952;0.00225590875298669;4.80394796929748e-05;0.00683025239660887;0.00118905156474198;0.333333333333333;2
"3-Multi";41;"5 A3 LEMA";1.2;0.2;1;2;1;1;0.0352481354729096;2.57144507980116e-05;0.00630550387957908;5.51158335571079e-09;0.000117332950311635;0.333333333333333;2
"3-Multi";42;"5 A4 CHFU";1.1;0.1;1;2;1;1;0.0431878576300681;0.000865403344203894;9.41461536664271e-05;0.00125516632930999;0.00161789919451291;0.333333333333333;2
"3-Multi";43;"5 A4 LEMA";1.04347826086957;0.0434782608695652;1;2;1;1;0.0257441459461404;0.00015787808034459;0.070352639024816;1.59636222705414e-08;0.00130670890927915;0.333333333333333;2
"3-Multi";44;"5 A5 CHFU";1.1;0.1;1;2;1;1;0.043187857630207;0.00086540334420381;9.41461536664044e-05;0.00125516632930999;0.00161789919451291;0.333333333333333;2
"3-Multi";45;"5 A6 LEMA";1.01754385964912;0.0175438596491228;1;2;1;1;0.0254508150708209;0.000144937187057834;0.980383980421182;9.86274388732716e-09;0.00119944645178888;0.333333333333333;2
"3-Multi";46;"5 B1 CHFU";1.05;0.05;1;2;1;1;0.0325125662793797;0.000432701672101723;9.4146153666398e-05;0.000627583164655;0.00161789919451291;0.333333333333333;2
"3-Multi";47;"5 B2 CHFU";1.3;0.3;1;4;2;2;0.0414123478202451;0.0366116760349134;0.00135847227474983;0.00108897011738778;0.0731685595914642;0.333333333333333;2
"3-Multi";48;"5 B2 LEMA";1.16008771929825;0.160087719298246;1;4;2;2;0.0333775610913335;0.017317475392628;0.663876233580154;3.32760888158895e-05;0.0462093478780452;0.333333333333333;4
"3-Multi";49;"5 B3 CHFU";1.25;0.25;1;2;1;1;0.0307370564693155;0.0361789743628114;0.00262279839583313;0.000461386952732786;0.144719219988415;0.333333333333333;2
"3-Multi";50;"5 B4 LEMA";1.03508771929825;0.0350877192982456;1;2;1;1;0.0290643552138335;0.000289874374115331;0.980383980421182;1.97254877637692e-08;0.00119944645178888;0.333333333333333;2
"3-Multi";51;"5 B5 LEMA";1.01754385964912;0.0175438596491228;1;2;1;1;0.0254508150711667;0.000144937187057585;0.980383980421182;9.86274388782153e-09;0.00119944645178888;0.333333333333333;2
"3-Multi";52;"5 C1 LEMA";1.09290271132376;0.092902711323764;1;6;3;3;0.0337723818737807;0.000492196233304936;0.43387673887173;1.72776506513916e-07;0.00136678455692193;0.333333333333333;6
"3-Multi";53;"5 C3 CHFU";2;1;1;2;1;1;0.0630854609057334;0;0;0;8.89785909713872e-06;0.333333333333333;2
"3-Multi";54;"5 C3 LEMA";1.01754385964912;0.0175438596491228;1;2;1;1;0.0254508150711707;0.000144937187057657;0.980383980421182;9.86274388548791e-09;0.00119944645178888;0.333333333333333;2
"3-Multi";55;"5 C4 CHFU";1.05;0.05;1;2;1;1;0.03251256627923;0.000432701672101819;9.4146153666405e-05;0.000627583164654999;0.00161789919451291;0.333333333333333;2
"3-Multi";56;"5 C4 LEMA";1.0402711323764;0.0402711323763955;1;4;2;2;0.0301871914128852;0.000346744333811634;0.603330689620735;1.38340445238628e-07;0.00142221982738616;0.333333333333333;4
"3-Multi";57;"5 C5 LEMA";1.06818181818182;0.0681818181818182;1;2;1;1;0.0360464039533345;0.000605421440261621;0.226277398820287;3.85433104062348e-07;0.00164499320298343;0.333333333333333;2
"3-Multi";58;"5 D1 CHFU";1.08333333333333;0.0833333333333333;1;2;1;1;0.0283888663767774;1.36183042975527e-05;4.43618864081102e-07;2.99934575105375e-05;7.08613359338703e-05;0.333333333333333;2
"3-Multi";59;"5 D1 LEMA";2.5761736356702;1.5761736356702;1;10;5;5;0.0854103615003831;0.00196463450919602;0.239594037561682;1.1208897925487e-06;0.00133910636331723;0.333333333333333;6
"3-Multi";60;"5 D2 CHFU";1.1;0.1;1;2;1;1;0.0431878576302588;0.000865403344203589;9.41461536664319e-05;0.00125516632930999;0.00161789919451291;0.333333333333333;2
"3-Multi";61;"5 D2 LEMA";1.27272727272727;0.272727272727273;1;4;2;2;0.0352000630250438;0.0342570091837795;0.0959996262054945;6.66412043576127e-05;0.091367764888033;0.333333333333333;4
"3-Multi";62;"5 D4 LEMA";1.01754385964912;0.0175438596491228;1;2;1;1;0.0254508150710312;0.000144937187057624;0.980383980421182;9.86274388622684e-09;0.00119944645178888;0.333333333333333;2
"3-Multi";63;"5 D5 CHFU";1.05;0.05;1;2;1;1;0.0325125662792277;0.000432701672101868;9.41461536664932e-05;0.000627583164654999;0.00161789919451291;0.333333333333333;2
"3-Multi";64;"5 D5 LEMA";1.125;0.125;1;2;1;1;0.0261504808060072;0.0170276010185128;0.0308607398980983;3.32563633281354e-05;0.136229150730558;0.333333333333333;2
"3-Multi";65;"5 E1 CHFU";1.58333333333333;0.583333333333333;1;4;2;2;0.056637723923211;0.000872688398868904;7.00851010004459e-07;0.00202197098345787;0.000371939503110234;0.333333333333333;4
"3-Multi";66;"5 E1 LEMA";1.29326156299841;0.293261562998405;1;8;4;4;0.0536625845214116;0.0181564159597446;0.56249003707464;3.35872057676232e-05;0.0181966046199592;0.333333333333333;6
"3-Multi";67;"5 E5 LEMA";1.04347826086957;0.0434782608695652;1;2;1;1;0.0257441459459927;0.000157878080344725;0.0703526390248161;1.59636222728425e-08;0.00130670890927915;0.333333333333333;2
"3-Multi";68;"5 F1 LEMA";1.01754385964912;0.0175438596491228;1;2;1;1;0.025450815071046;0.000144937187057791;0.980383980421182;9.86274388887839e-09;0.00119944645178888;0.333333333333333;2
"3-Multi";69;"5 F4 LEMA";1.08695652173913;0.0869565217391304;1;2;1;1;0.0296510169637708;0.000315756160689227;0.070352639024816;3.19272445320849e-08;0.00130670890927915;0.333333333333333;2
"3-Multi";70;"5 F5 CHFU";1.05;0.05;1;2;1;1;0.0325125662792762;0.000432701672101726;9.41461536664685e-05;0.000627583164654998;0.00161789919451291;0.333333333333333;2
"3-Multi";71;"5 F6 CHFU";2.08333333333333;1.08333333333333;1;4;2;2;0.0619939913068657;1.5960382836025e-05;9.18853448176599e-08;3.16975888579271e-05;2.34218025938458e-05;0.333333333333333;2
"3-Multi";72;"6 A1 LEMA";1.09808612440191;0.0980861244019139;1;4;2;2;0.0421506480401015;0.00083842585468075;0.678741347780824;2.86543634344013e-07;0.0013776651522667;0.333333333333333;4
"3-Multi";73;"6 A2 CHFU";1.55;0.55;1;4;2;2;0.0495382801460976;0.000496945696287472;4.80079708873183e-05;0.000672432133500282;0.000890963769279814;0.333333333333333;4
"3-Multi";74;"6 A3 CHFU";2.05;1.05;1;6;3;3;0.0777871376922937;0.00135601579085901;3.23246749768689e-05;0.00266440965944762;0.000818315069615409;0.333333333333333;4
"3-Multi";75;"6 A3 LEMA";1.22272727272727;0.222727272727273;1;4;2;2;0.0399845118143589;0.000227521597552021;0.116291451349933;1.33989284708015e-07;0.000881163076647534;0.333333333333333;4
"3-Multi";76;"6 A4 LEMA";1.07535885167464;0.0753588516746412;1;4;2;2;0.0301588417310086;0.000347259046247297;0.160623118097003;1.62913762636108e-07;0.00145045360948845;0.333333333333333;4
"3-Multi";77;"6 A5 CHFU";2;1;1;2;1;1;0.0396459383922982;1.54043067178221e-05;1.74561963609008e-08;0.000222964514245009;0.000136276093575944;0.333333333333333;2
"3-Multi";78;"6 A6 CHFU";1.05;0.05;1;2;1;1;0.0325125662792951;0.000432701672101718;9.41461536665041e-05;0.000627583164655001;0.00161789919451291;0.333333333333333;2
"3-Multi";79;"6 A6 LEMA";1.02272727272727;0.0227272727272727;1;2;1;1;0.0265736512700243;0.000201807146753756;0.226277398820287;1.28477701358849e-07;0.00164499320298343;0.333333333333333;2
"3-Multi";80;"6 B1 LEMA";1.26620553359684;0.266205533596838;1;6;3;3;0.0438913828322041;0.000385399677896589;0.100978513908227;1.49952906969578e-07;0.00102301168752474;0.333333333333333;4
"3-Multi";81;"6 B2 LEMA";1.04347826086957;0.0434782608695652;1;2;1;1;0.0257441459460141;0.000157878080344624;0.070352639024816;1.5963622270501e-08;0.00130670890927915;0.333333333333333;2
"3-Multi";82;"6 B3 CHFU";2.33333333333333;1.33333333333333;1;4;2;2;0.0668163857046585;5.80207832904197e-05;2.97523186482419e-07;0.000126790355431682;5.28970323207633e-05;0.333333333333333;2
"3-Multi";83;"6 B3 LEMA";2.10647666597323;1.10647666597323;1;8;4;4;0.0622442629575871;0.000777761604702426;0.19047146726701;2.98848515294051e-07;0.000801674320657284;0.333333333333333;6
"3-Multi";84;"6 B4 LEMA";1.7841082449206;0.784108244920602;1;12;6;6;0.0540338081924078;0.0181407318571174;0.233671164207792;3.44564582532298e-05;0.0207698973724859;0.333333333333333;6
"3-Multi";85;"6 B5 LEMA";1.02272727272727;0.0227272727272727;1;2;1;1;0.0265736512698424;0.000201807146753951;0.226277398820287;1.28477701361067e-07;0.00164499320298343;0.333333333333333;2
"3-Multi";86;"6 B6 LEMA";1.07017543859649;0.0701754385964912;1;2;1;1;0.0362914354993649;0.000579748748230804;0.980383980421182;3.94509755190967e-08;0.00119944645178888;0.333333333333333;2
"3-Multi";87;"6 C1 LEMA";2.33054226475279;1.33054226475279;1;8;4;4;0.0583520904253411;0.000744890080323962;0.40497382418951;2.95577853932555e-07;0.00102167948933375;0.333333333333333;4
"3-Multi";88;"6 C3 LEMA";1.04347826086957;0.0434782608695652;1;2;1;1;0.0257441459458913;0.000157878080344742;0.070352639024816;1.59636222730142e-08;0.00130670890927915;0.333333333333333;2
"3-Multi";89;"6 C4 LEMA";1.29545454545455;0.295454545454545;1;4;2;2;0.0383986504609141;0.00146747859082215;0.128282046149774;6.06570811209426e-05;0.00308781411300978;0.333333333333333;4
"3-Multi";90;"6 C6 LEMA";1.07017543859649;0.0701754385964912;1;4;2;2;0.0290360055318741;0.000290389086551116;0.537676408897451;4.42988051639892e-08;0.00122768023389117;0.333333333333333;4
"3-Multi";91;"6 D1 LEMA";1.11562998405104;0.115629984051037;1;6;3;3;0.0385087582155896;0.000694003380058734;0.381976903858869;3.01254207864599e-07;0.0014363367184373;0.333333333333333;6
"3-Multi";92;"6 D2 LEMA";1.5;0.5;1;2;1;1;0.0332237581095858;1.55559081520032e-05;0.00434476463164258;8.83944034569758e-10;0.000140276765996514;0.333333333333333;2
"3-Multi";93;"6 D3 LEMA";1.61365369946606;0.613653699466056;1;8;4;4;0.0443293597316163;0.000463823075047399;0.28751255536284;6.11463714461726e-08;0.000975586535764503;0.333333333333333;6
"3-Multi";94;"6 D4 LEMA";1.02272727272727;0.0227272727272727;1;2;1;1;0.0265736512697814;0.000201807146753953;0.226277398820287;1.28477701361485e-07;0.00164499320298343;0.333333333333333;2
"3-Multi";95;"6 D5 LEMA";1.2902711323764;0.290271132376396;1;6;3;3;0.0367031198655827;0.00036877587877162;0.406444754067561;1.40389241716736e-07;0.00101188477099544;0.333333333333333;4
"3-Multi";96;"6 D6 LEMA";1.2;0.2;1;2;1;1;0.0352481354725985;2.57144507981169e-05;0.00630550387957908;5.51158335692030e-09;0.000117332950311635;0.333333333333333;2
"3-Multi";97;"6 E1 LEMA";1.33695652173913;0.33695652173913;1;4;2;2;0.0361669454168749;0.000337787705649176;0.0511260536702817;3.39760410110457e-08;0.000934877492257435;0.333333333333333;4
"3-Multi";98;"6 E2 LEMA";1.05263157894737;0.0526315789473684;1;2;1;1;0.025422465389163;0.000145451899493381;0.0949688373737198;3.44360612854012e-08;0.00125591401599347;0.333333333333333;2
"3-Multi";99;"6 E3 CHFU";2;1;1;2;1;1;0.0459495199496196;1.6317947533901e-05;1.83168905655396e-09;0.000251794090856171;7.87367300470389e-05;0.333333333333333;2
"3-Multi";100;"6 E5 ME";2;1;1;2;1;1;0.0530273644219827;0.147349495066997;0.00218780363322699;0.00194048649309242;0.147354906994842;0.333333333333333;2
"3-Multi";101;"6 F2 CHFU";1.5;0.5;1;2;1;1;0.034741694905331;0.00213208178105006;0.00221643364262916;0.000914180606456225;0.00454347651040858;0.333333333333333;2
"3-Multi";102;"6 F2 LEMA";1.01754385964912;0.0175438596491228;1;2;1;1;0.0254508150712047;0.000144937187057607;0.980383980421182;9.86274388605143e-09;0.00119944645178888;0.333333333333333;2
"3-Multi";103;"6 F3 LEMA";1.02272727272727;0.0227272727272727;1;2;1;1;0.0265736512699076;0.000201807146753963;0.226277398820287;1.28477701361894e-07;0.00164499320298343;0.333333333333333;2
"3-Multi";104;"6 F4 LEMA";1.07535885167464;0.0753588516746412;1;4;2;2;0.0301588417311427;0.000347259046247256;0.160623118097003;1.62913762636304e-07;0.00145045360948845;0.333333333333333;4
"3-Multi";105;"6 F5 LEMA";1.07856598016781;0.0785659801678108;1;4;2;2;0.0329712262316087;0.000447752454460159;0.677040199955727;3.56891100299097e-08;0.00123520060428564;0.333333333333333;4
"3-Multi";106;"6 F6 LEMA";1.04347826086957;0.0434782608695652;1;2;1;1;0.0257441459460629;0.000157878080344634;0.070352639024816;1.5963622270626e-08;0.00130670890927915;0.333333333333333;2
"3-Multi";107;"Andrena_cinerea";19.8166666666667;10.8166666666667;9;30;15;15;0.280248761534096;0.0303257658453025;0.0720968748662979;0.0353409564425124;0.0322531127723478;1;6
"3-Multi";108;"Bruchidae";1.83333333333333;0.833333333333333;1;4;2;2;0.0546186865091291;0.000300005109137634;0.00163569706515191;1.90719517554241e-06;0.00037111367653087;0.333333333333333;4
"3-Multi";109;"Cantharidae";7.16666666666667;3.16666666666667;4;8;4;4;0.0804737211659864;0.000104542650191869;0.00406620229485248;0.00392429083438697;0.000871004723997759;0.666666666666667;2
"3-Multi";110;"Chrysotoxum_sp.";1.34285714285714;0.342857142857143;1;4;2;2;0.0317463552392621;0.00121997569753103;3.21996137330591e-05;0.00670873796594609;0.00491028908635164;0.333333333333333;4
"3-Multi";111;"Coleoptera";2.03333333333333;1.03333333333333;1;8;4;4;0.0452213759997774;0.00020576469590416;1.49444256024767e-07;0.0129264172452941;0.000434591290310744;0.333333333333333;4
"3-Multi";112;"Dilophus_sp.";32.3976190476191;28.3976190476191;4;88;44;44;1;0.0409388578757596;0.228990386696659;0.230900344598076;0.00758768646116776;0.666666666666667;6
"3-Multi";113;"Diptera";14;10;4;26;13;13;0.350040033040279;0.000681768184682989;0.00656389228835364;0.00643210457646248;0.000408541175245262;0.666666666666667;4
"3-Multi";114;"Empididae";6.36666666666667;5.36666666666667;1;16;8;8;0.166972911519626;0.00121650496703126;0.00254521637815637;3.83182119653107e-05;0.000271381493771885;0.333333333333333;4
"3-Multi";115;"Episyrphus_balteatus";2;1;1;2;1;1;0.0630854609057276;0;0;0;8.89785909713872e-06;0.333333333333333;2
"3-Multi";116;"Eristalis_sp.";1.5;0.5;1;2;1;1;0.0421038587907109;0.000166552281349916;2.92987003858768e-07;0.00522251282549092;0.000348429682444252;0.333333333333333;2
"3-Multi";117;"Eucera_sp.";8.25;4.25;4;10;5;5;0.117597236067037;0.000110743152036711;0.00459165235867671;0.00443168806263532;0.000480501275629717;0.666666666666667;2
"3-Multi";118;"Eupeodes_corollae";22.3511904761905;13.3511904761905;9;36;18;18;0.357511280042223;1;0.0738922661707995;0.0363849844476008;1;1;6
"3-Multi";119;"Lomatia_sp.";1.33333333333333;0.333333333333333;1;2;1;1;0.0366437656087349;8.28316694473372e-06;0.0001243035331839;5.43850016526293e-09;2.77419093871578e-05;0.333333333333333;2
"3-Multi";120;"Malachius_bipustulatus";1.08333333333333;0.0833333333333333;1;2;1;1;0.0268559708831879;7.01188208021664e-05;1.0989050475233e-06;0.0010948997173795;0.000578602108364154;0.333333333333333;2
"3-Multi";121;"Meligethes_sp.";16.1384920634921;12.1384920634921;4;44;22;22;0.351645558739263;0.0124900966427422;0.0726565662692869;0.0717610944335518;0.00459160896037347;0.666666666666667;6
"3-Multi";122;"Mordellidae";1.75;0.75;1;4;2;2;0.0417648134850181;0.000121398805575035;3.81872457439197e-07;0.0133612795220855;0.000339020664525032;0.333333333333333;4
"3-Multi";123;"Nemotelus_sp.";2.94444444444444;1.94444444444444;1;8;4;4;0.0589143039403417;0.00275632618979801;8.29024745592613e-06;0.0032668820218245;0.00552605975396785;0.333333333333333;4
"3-Multi";124;"Odontomyia_sp.";2.11111111111111;1.11111111111111;1;6;3;3;0.0460781049747571;0.000170614808101591;1.1001492660058e-07;0.0161120977900691;0.000470375387755366;0.333333333333333;4
"3-Multi";125;"Psilothrix_viridicoerulea";30.3964285714286;26.3964285714286;4;84;42;42;0.819879213516229;0.0289948386803616;1;1;0.00428171305072053;0.666666666666667;6
"3-Multi";126;"Scaeva_sp.";1.8;0.8;1;2;1;1;0.0540936243885316;5.46848938315705e-06;3.10758832960913e-05;4.03102805237693e-09;1.51182014719902e-05;0.333333333333333;2
"3-Multi";127;"Sphaerophoria_scripta";13.3845238095238;9.38452380952381;4;36;18;18;0.274426627341306;0.00969933538062177;0.101677054850861;0.0968707598108247;0.00467657956007878;0.666666666666667;6
"Aggr";1;"4 A1 LEMA";1.35087719298246;0.350877192982456;1;4;2;2;0.0284106510854244;0.00607008268065573;0.340152256225461;0;0.0289208429106305;0;4
"Aggr";2;"4 A2 CHFU";1.7;0.7;1;4;2;2;0.0814167036618618;0.082180538659595;0.0352757343801018;0;0.0567603912892542;0;4
"Aggr";3;"4 A2 LEMA";1.80987795575896;0.809877955758963;1;8;4;4;0.0757663657234031;0.034625483815939;0.252558428904497;0;0.0378873737378626;0;4
"Aggr";4;"4 A5 CHFU";1.25;0.25;1;2;1;1;0.0275468333172663;0.162502286686288;0.0511757292806258;0;0.650005961714825;0;2
"Aggr";5;"4 A6 CHFU";1.25;0.25;1;2;1;1;0.02754683331726;0.16250228668629;0.0511757292806258;0;0.650005961714825;0;2
"Aggr";6;"4 B1 CHFU";1.5;0.5;1;4;2;2;0.165801271322239;0.1134626898645;0.459395481683815;0;0.0340919627072861;0;4
"Aggr";7;"4 B2 CHFU";1.1;0.1;1;2;1;1;0.0325555382016578;0.00627165636570456;0.0359171502444514;0;0.0122879718121969;0;2
"Aggr";8;"4 B2 LEMA";1.18281499202552;0.182814992025518;1;6;3;3;0.0378822477440948;0.0351969609118389;0.594065549364599;0;0.0733375265637012;0;6
"Aggr";9;"4 B4 LEMA";1.25;0.25;1;2;1;1;0.0231030470096835;0.0348186129640914;0.0339929026514028;0;0.145705230243369;0;2
"Aggr";10;"4 B4 ME";2;1;1;2;1;1;0.0625117212779525;0.139274451856361;0.0339929026514028;0;0.145705230243369;0;2
"Aggr";11;"4 B5 CHFU";1.45;0.45;1;4;2;2;0.164462555373784;0.125637884323513;0.780756431602331;0;0.0492149586704787;0;4
"Aggr";12;"4 B6 CHFU";1.15;0.15;1;4;2;2;0.0538055382011949;0.0247185071904346;0.517958575122225;0;0.0349724657569858;0;4
"Aggr";13;"4 B6 LEMA";1.03508771929825;0.0350877192982456;1;2;1;1;0.0216550444571349;0.00940272223674188;0.671134647403496;0;0.0449939581548307;0;2
"Aggr";14;"4 C1 LEMA";1.02272727272727;0.0227272727272727;1;2;1;1;0.0196259131625399;0.00838493219304749;1;0;0.0576569597017747;0;2
"Aggr";15;"4 C2 CHFU";1.43333333333333;0.433333333333333;1;4;2;2;0.079385674594857;0.0199756951769542;0.0277049449833296;0;0.0164366759578493;0;4
"Aggr";16;"4 C2 LEMA";1.68281499202552;0.682814992025518;1;8;4;4;0.0490706607383466;0.0404095872874425;0.476661706208805;0;0.0672128339885617;0;6
"Aggr";17;"4 C3 LEMA";1.01754385964912;0.0175438596491228;1;2;1;1;0.0158109333553679;0.00470136111837103;0.671134647403496;0;0.0449939581548307;0;2
"Aggr";18;"4 C4 LEMA";1.29128527841342;0.291285278413425;1;8;4;4;0.0386314326432749;0.0348239937371112;0.194920520586;0;0.0669441774304956;0;6
"Aggr";19;"4 C5 CHFU";1.08333333333333;0.0833333333333333;1;2;1;1;0.0216743563519117;0.0034260097028104;0.0256518936680491;0;0.0174738519942624;0;2
"Aggr";20;"4 C5 LEMA";1.05263157894737;0.0526315789473684;1;2;1;1;0.0153056824517809;0.00450052354830385;0.103692167096022;0;0.0523549557706821;0;2
"Aggr";21;"4 C6 LEMA";1.02272727272727;0.0227272727272727;1;2;1;1;0.0196259131625075;0.00838493219305402;0.999999999999999;0;0.0576569597017747;0;2
"Aggr";22;"4 D2 LEMA";1.01754385964912;0.0175438596491228;1;2;1;1;0.0158109333553666;0.0047013611183713;0.671134647403496;0;0.0449939581548307;0;2
"Aggr";23;"4 D5 LEMA";1.58333333333333;0.583333333333333;1;4;2;2;0.0359353663640047;0.00567228430049277;0.00562952159887735;0;0.0243786701623077;0;4
"Aggr";24;"4 D6 CHFU";1.1;0.1;1;2;1;1;0.032555538201583;0.00627165636571964;0.0359171502444514;0;0.0122879718121969;0;2
"Aggr";25;"4 E1 LEMA";1.16429165799875;0.164291657998752;1;6;3;3;0.0620510947991278;0.0429711589743613;0.725070665841935;0;0.0496092201118186;0;6
"Aggr";26;"4 E2 LEMA";1.07017543859649;0.0701754385964912;1;4;2;2;0.0211497935535225;0.00920188466667982;0.387413407249759;0;0.0486744569627564;0;4
"Aggr";27;"4 E4 LEMA";1.23865369946606;0.238653699466056;1;8;4;4;0.0355144655989075;0.0941653070499017;0.222023315615801;0;0.196666665713313;0;6
"Aggr";28;"4 E5 CHFU";1.1;0.1;1;2;1;1;0.0325555382016064;0.0062716563657149;0.0359171502444514;0;0.0122879718121969;0;2
"Aggr";29;"4 E5 LEMA";1.25;0.25;1;2;1;1;0.0233356486340196;0.00430356273819367;0.00208917815032797;0;0.0359096126581853;0;2
"Aggr";30;"4 F1 LEMA";1.19517543859649;0.195175438596491;1;6;3;3;0.0277179059315562;0.0266111911487269;0.26960657238364;0;0.0810180480562939;0;6
"Aggr";31;"4 F2 LEMA";1.2;0.2;1;2;1;1;0.038064904089487;0.00822242328675677;0.025651893668049;0;0.0174738519942624;0;2
"Aggr";32;"4 F3 LEMA";1.01754385964912;0.0175438596491228;1;2;1;1;0.0158109333553602;0.00470136111837259;0.671134647403496;0;0.0449939581548307;0;2
"Aggr";33;"4 F4 CHFU";1.2;0.2;1;2;1;1;0.0765896888139196;0.0535955167493925;0.671134647403496;0;0.0449939581548307;0;2
"Aggr";34;"4 F4 LEMA";1.03508771929825;0.0350877192982456;1;2;1;1;0.0216550444572012;0.00940272223672851;0.671134647403496;0;0.0449939581548307;0;2
"Aggr";35;"4 F5 CHFU";1.25;0.25;1;4;2;2;0.0763942541491941;0.0309901635561505;0.357278100162967;0;0.0274109677753895;0;4
"Aggr";36;"4 F6 LEMA";1.68421052631579;0.684210526315789;1;4;2;2;0.0390804699475253;0.00810057181861024;0.23022839725294;0;0.0240527555276826;0;4
"Aggr";37;"5 A1 CHFU";1.05;0.05;1;2;1;1;0.0312168222531677;0.0184468508247242;1;0;0.0576569597017747;0;2
"Aggr";38;"5 A1 LEMA";1.41847826086957;0.418478260869565;1;6;3;3;0.037700320679339;0.0892669851214287;0.0384518753713374;0;0.241742453861975;0;4
"Aggr";39;"5 A2 LEMA";1.46052631578947;0.460526315789474;1;4;2;2;0.0409788075708942;0.0198337169278115;0.0858119291074759;0;0.0452446274639501;0;4
"Aggr";40;"5 A3 CHFU";2.1;1.1;1;4;2;2;0.153905166017472;0.122403649067355;0.551846083548011;0;0.0550059577362284;0;4
"Aggr";41;"5 A3 LEMA";1.2;0.2;1;2;1;1;0.0380649040895431;0.00822242328674541;0.0256518936680491;0;0.0174738519942624;0;2
"Aggr";42;"5 A4 CHFU";1.1;0.1;1;2;1;1;0.0524668222527152;0.0368937016494521;1;0;0.0576569597017747;0;2
"Aggr";43;"5 A4 LEMA";1.04347826086957;0.0434782608695652;1;2;1;1;0.0155414887671008;0.00371227904008857;0.0620907186830587;0;0.039311787212914;0;2
"Aggr";44;"5 A5 CHFU";1.1;0.1;1;2;1;1;0.0524668222527346;0.0368937016494482;1;0;0.0576569597017747;0;2
"Aggr";45;"5 A6 LEMA";1.01754385964912;0.0175438596491228;1;2;1;1;0.0158109333553696;0.0047013611183707;0.671134647403496;0;0.0449939581548307;0;2
"Aggr";46;"5 B1 CHFU";1.05;0.05;1;2;1;1;0.0312168222532151;0.0184468508247147;1;0;0.0576569597017747;0;2
"Aggr";47;"5 B2 CHFU";1.3;0.3;1;4;2;2;0.0487968333168287;0.180949137511013;0.525587864640313;0;0.3538314607083;0;4
"Aggr";48;"5 B2 LEMA";1.16008771929825;0.160087719298246;1;4;2;2;0.0304450499889608;0.0906538655798874;0.464481674695873;0;0.246664626008162;0;4
"Aggr";49;"5 B3 CHFU";1.25;0.25;1;2;1;1;0.0275468333172821;0.162502286686285;0.0511757292806258;0;0.650005961714825;0;2
"Aggr";50;"5 B4 LEMA";1.03508771929825;0.0350877192982456;1;2;1;1;0.0216550444571682;0.00940272223673514;0.671134647403496;0;0.0449939581548307;0;2
"Aggr";51;"5 B5 LEMA";1.01754385964912;0.0175438596491228;1;2;1;1;0.0158109333553598;0.00470136111837267;0.671134647403496;0;0.0449939581548307;0;2
"Aggr";52;"5 C1 LEMA";1.09290271132376;0.092902711323764;1;6;3;3;0.0308088844624253;0.0175868168597344;0.591608938166506;0;0.0516686245424292;0;6
"Aggr";53;"5 C3 CHFU";2;1;1;2;1;1;0.0664454816902203;0;0;0;9.47167486955016e-06;0;2
"Aggr";54;"5 C3 LEMA";1.01754385964912;0.0175438596491228;1;2;1;1;0.0158109333554014;0.00470136111836428;0.671134647403496;0;0.0449939581548307;0;2
"Aggr";55;"5 C4 CHFU";1.05;0.05;1;2;1;1;0.0312168222531908;0.0184468508247195;1;0;0.0576569597017747;0;2
"Aggr";56;"5 C4 LEMA";1.0402711323764;0.0402711323763955;1;4;2;2;0.0254700242643093;0.0130862933114179;0.835567323701748;0;0.0513254589283027;0;4
"Aggr";57;"5 C5 LEMA";1.06818181818182;0.0681818181818182;1;2;1;1;0.038944094980299;0.0251547965791661;1;0;0.0576569597017747;0;2
"Aggr";58;"5 D1 CHFU";1.08333333333333;0.0833333333333333;1;2;1;1;0.0216743563518682;0.00342600970281917;0.025651893668049;0;0.0174738519942624;0;2
"Aggr";59;"5 D1 LEMA";2.5761736356702;1.5761736356702;1;10;5;5;0.126373640633546;0.0800097938260257;0.728814339200722;0;0.0482961963486363;0;6
"Aggr";60;"5 D2 CHFU";1.1;0.1;1;2;1;1;0.0524668222527932;0.0368937016494364;1;0;0.0576569597017747;0;2
"Aggr";61;"5 D2 LEMA";1.27272727272727;0.272727272727273;1;4;2;2;0.0372059242261273;0.170887218879351;0.367450486187084;0;0.452556294377141;0;4
"Aggr";62;"5 D4 LEMA";1.01754385964912;0.0175438596491228;1;2;1;1;0.015810933355382;0.00470136111836819;0.671134647403496;0;0.0449939581548307;0;2
"Aggr";63;"5 D5 CHFU";1.05;0.05;1;2;1;1;0.0312168222531776;0.0184468508247222;1;0;0.0576569597017747;0;2
"Aggr";64;"5 D5 LEMA";1.125;0.125;1;2;1;1;0.0187568277854477;0.0812511433431415;0.0511757292806258;0;0.650005961714825;0;2
"Aggr";65;"5 E1 CHFU";1.58333333333333;0.583333333333333;1;4;2;2;0.0857830212573148;0.0461172186637955;0.0438713061755537;0;0.0283928196035882;0;4
"Aggr";66;"5 E1 LEMA";1.29326156299841;0.293261562998405;1;8;4;4;0.0667903142084946;0.121326975751039;0.604925810748829;0;0.124706333688547;0;6
"Aggr";67;"5 E5 LEMA";1.04347826086957;0.0434782608695652;1;2;1;1;0.0155414887671394;0.00371227904008078;0.0620907186830585;0;0.039311787212914;0;2
"Aggr";68;"5 F1 LEMA";1.01754385964912;0.0175438596491228;1;2;1;1;0.015810933355417;0.00470136111836113;0.671134647403496;0;0.0449939581548307;0;2
"Aggr";69;"5 F4 LEMA";1.08695652173913;0.0869565217391304;1;2;1;1;0.0211161552805995;0.00742455808017717;0.0620907186830586;0;0.039311787212914;0;2
"Aggr";70;"5 F5 CHFU";1.05;0.05;1;2;1;1;0.031216822253215;0.0184468508247147;1;0;0.0576569597017747;0;2
"Aggr";71;"5 F6 CHFU";2.08333333333333;1.08333333333333;1;4;2;2;0.0714363868893068;0.00517531561023644;0.00528471578429193;0;0.00528574144366914;0;2
"Aggr";72;"6 A1 LEMA";1.09808612440191;0.0980861244019139;1;4;2;2;0.0468173373767505;0.0308739477412132;0.802680788442097;0;0.0500591587736083;0;4
"Aggr";73;"6 A2 CHFU";1.55;0.55;1;4;2;2;0.0617668770595373;0.0260367984563422;0.50853717747076;0;0.0366710061781134;0;4
"Aggr";74;"6 A3 CHFU";2.05;1.05;1;6;3;3;0.125875541964938;0.0687280074173278;0.359721691208193;0;0.037551266523047;0;4
"Aggr";75;"6 A3 LEMA";1.22272727272727;0.222727272727273;1;4;2;2;0.0477239949984179;0.0166073554798057;0.512825946834024;0;0.0375654058480186;0;4
"Aggr";76;"6 A4 LEMA";1.07535885167464;0.0753588516746412;1;4;2;2;0.0249647733606459;0.0128854557413661;0.551846083548011;0;0.0550059577362284;0;4
"Aggr";77;"6 A5 CHFU";2;1;1;2;1;1;0.0287809349454195;0.00388905017456389;0.00446397567365147;0;0.0308541503070674;0;2
"Aggr";78;"6 A6 CHFU";1.05;0.05;1;2;1;1;0.031216822253217;0.0184468508247143;1;0;0.0576569597017747;0;2
"Aggr";79;"6 A6 LEMA";1.02272727272727;0.0227272727272727;1;2;1;1;0.0196259131624784;0.0083849321930599;1;0;0.0576569597017747;0;2
"Aggr";80;"6 B1 LEMA";1.26620553359684;0.266205533596838;1;6;3;3;0.0532986615119153;0.0203196345198945;0.362580870783702;0;0.0381475329696503;0;4
"Aggr";81;"6 B2 LEMA";1.04347826086957;0.0434782608695652;1;2;1;1;0.0155414887670919;0.00371227904009036;0.0620907186830585;0;0.039311787212914;0;2
"Aggr";82;"6 B3 CHFU";2.33333333333333;1.33333333333333;1;4;2;2;0.0859742141316839;0.0159504582340457;0.0171884113265007;0;0.0135609002935313;0;2
"Aggr";83;"6 B3 LEMA";2.10647666597323;1.10647666597323;1;8;4;4;0.0769872103378039;0.031928614103062;0.34559571839507;0;0.0316389825111583;0;6
"Aggr";84;"6 B4 LEMA";1.7841082449206;0.784108244920602;1;12;6;6;0.0660210604108935;0.116147797811629;0.413591370864119;0;0.134956377992115;0;6
"Aggr";85;"6 B5 LEMA";1.02272727272727;0.0227272727272727;1;2;1;1;0.0196259131624694;0.00838493219306172;1;0;0.0576569597017747;0;2
"Aggr";86;"6 B6 LEMA";1.07017543859649;0.0701754385964912;1;2;1;1;0.0333432666607129;0.0188054444734747;0.671134647403496;0;0.0449939581548307;0;2
"Aggr";87;"6 C1 LEMA";2.33054226475279;1.33054226475279;1;8;4;4;0.0694438834915594;0.0318932595319656;0.56017070793899;0;0.0421598833762167;0;4
"Aggr";88;"6 C3 LEMA";1.04347826086957;0.0434782608695652;1;2;1;1;0.0155414887671005;0.00371227904008861;0.0620907186830587;0;0.039311787212914;0;2
"Aggr";89;"6 C4 LEMA";1.29545454545455;0.295454545454545;1;4;2;2;0.0424212288274538;0.0515884773502078;0.516996451325701;0;0.101681094972572;0;4
"Aggr";90;"6 C6 LEMA";1.07017543859649;0.0701754385964912;1;4;2;2;0.0211497935534919;0.00920188466668599;0.387413407249759;0;0.0486744569627564;0;4
"Aggr";91;"6 D1 LEMA";1.11562998405104;0.115629984051037;1;6;3;3;0.0404679753713447;0.0259717490527857;0.69370670362488;0;0.0531657083322655;0;6
"Aggr";92;"6 D2 LEMA";1.5;0.5;1;2;1;1;0.0267362283359712;0.00217616116445126;0.00263486632223173;0;0.0230446285396991;0;2
"Aggr";93;"6 D3 LEMA";1.61365369946606;0.613653699466056;1;8;4;4;0.0434938661494081;0.0150903248712162;0.209888099876202;0;0.0399263324195315;0;6
"Aggr";94;"6 D4 LEMA";1.02272727272727;0.0227272727272727;1;2;1;1;0.0196259131624994;0.00838493219305565;1;0;0.0576569597017747;0;2
"Aggr";95;"6 D5 LEMA";1.2902711323764;0.290271132376396;1;6;3;3;0.0351265687890377;0.0149179160459832;0.561808541518929;0;0.0398180773645425;0;4
"Aggr";96;"6 D6 LEMA";1.2;0.2;1;2;1;1;0.0380649040894925;0.00822242328675561;0.025651893668049;0;0.0174738519942624;0;2
"Aggr";97;"6 E1 LEMA";1.33695652173913;0.33695652173913;1;4;2;2;0.0307726998054092;0.00925618081472613;0.04615747150647;0;0.0318089628876168;0;4
"Aggr";98;"6 E2 LEMA";1.05263157894737;0.0526315789473684;1;2;1;1;0.0153056824517154;0.00450052354831706;0.103692167096022;0;0.0523549557706821;0;2
"Aggr";99;"6 E3 CHFU";2;1;1;2;1;1;0.0435056344183274;0.00435232232890528;0.00263486632223172;0;0.0230446285396991;0;2
"Aggr";100;"6 E5 ME";2;1;1;2;1;1;0.0802868665082529;0.650009146745155;0.0511757292806258;0;0.650005961714825;0;2
"Aggr";101;"6 F2 CHFU";1.5;0.5;1;2;1;1;0.0362392717657924;0.0696372259281773;0.0339929026514026;0;0.145705230243369;0;2
"Aggr";102;"6 F2 LEMA";1.01754385964912;0.0175438596491228;1;2;1;1;0.0158109333553851;0.00470136111836757;0.671134647403496;0;0.0449939581548307;0;2
"Aggr";103;"6 F3 LEMA";1.02272727272727;0.0227272727272727;1;2;1;1;0.0196259131625185;0.0083849321930518;1;0;0.0576569597017747;0;2
"Aggr";104;"6 F4 LEMA";1.07535885167464;0.0753588516746412;1;4;2;2;0.0249647733606701;0.0128854557413612;0.551846083548011;0;0.0550059577362284;0;4
"Aggr";105;"6 F5 LEMA";1.07856598016781;0.0785659801678108;1;4;2;2;0.0272297109707099;0.0131150012768151;0.468120004496684;0;0.0430999011741918;0;4
"Aggr";106;"6 F6 LEMA";1.04347826086957;0.0434782608695652;1;2;1;1;0.0155414887671136;0.00371227904008599;0.0620907186830587;0;0.039311787212914;0;2
"Aggr";107;"Andrena_cinerea";7.81666666666667;4.81666666666667;3;18;9;9;0.185452584789192;0.214265372347079;0;0.0339929026514026;0.224155879875764;0;6
"Aggr";108;"Bruchidae";1.83333333333333;0.833333333333333;1;4;2;2;0.0718824818943169;0.023353356393939;0;0.0170743549415207;0.0241256519093391;0;4
"Aggr";109;"Cantharidae";3.16666666666667;1.16666666666667;2;4;2;2;0.0442685004523509;0.00598306992148174;0;0.00446397567365138;0.0474626301981324;0;2
"Aggr";110;"Chrysotoxum_sp.";1.34285714285714;0.342857142857143;1;4;2;2;0.026325677630392;0.0160386246923025;0;0.00704633358562832;0.0657085764908013;0;4
"Aggr";111;"Coleoptera";2.03333333333333;1.03333333333333;1;8;4;4;0.0454425624710852;0.0112713659105838;0;0.0142909771532927;0.0258460473389994;0;4
"Aggr";112;"Dilophus_sp.";28.397619047619;26.397619047619;2;84;42;42;1;0.567587422949207;0;1;0.0886975536752785;0;6
"Aggr";113;"Diptera";10;8;2;22;11;11;0.330565668653522;0.0632485198702215;0;0.0256518936680489;0.0268776396881878;0;4
"Aggr";114;"Empididae";6.36666666666667;5.36666666666667;1;16;8;8;0.265749599385285;0.0964856632728272;0;0.0359171502444512;0.0188993949706268;0;4
"Aggr";115;"Episyrphus_balteatus";2;1;1;2;1;1;0.0664454816899124;0;0;0;9.47167486955016e-06;0;2
"Aggr";116;"Eristalis_sp.";1.5;0.5;1;2;1;1;0.0426863866474105;0.0103769456049693;0;0.00788509526850159;0.0205687374308188;0;2
"Aggr";117;"Eucera_sp.";4.25;2.25;2;6;3;3;0.0789148521511814;0.00669578628346731;0;0.00263486632223144;0.0354480302460047;0;2
"Aggr";118;"Eupeodes_corollae";10.3511904761905;7.35119047619048;3;24;12;12;0.248188391480248;1;0;0.0511757292806254;1;0;6
"Aggr";119;"Lomatia_sp.";1.33333333333333;0.333333333333333;1;2;1;1;0.0343261829248233;0.0034559812489623;0;0.000261446643403768;0.00881793614293823;0;2
"Aggr";120;"Malachius_bipustulatus";1.08333333333333;0.0833333333333333;1;2;1;1;0.0189182884656257;0.0043339248179911;0;0.00277143214444102;0.0313959705110559;0;2
"Aggr";121;"Meligethes_sp.";12.1384920634921;10.1384920634921;2;40;20;20;0.301687834855477;0.131355717607263;0;0.0620907186830581;0.0604743263033525;0;6
"Aggr";122;"Mordellidae";1.75;0.75;1;4;2;2;0.0410638881025216;0.00784422200195703;0;0.00977527217766193;0.0208904367126479;0;4
"Aggr";123;"Nemotelus_sp.";2.94444444444444;1.94444444444444;1;8;4;4;0.0629121241408797;0.0264830903363963;0;0.00208917815032775;0.05524023291582;0;4
"Aggr";124;"Odontomyia_sp.";2.11111111111111;1.11111111111111;1;6;3;3;0.0444695919883241;0.0063170875478439;0;0.00916986504742645;0.0197605543168464;0;4
"Aggr";125;"Psilothrix_viridicoerulea";26.3964285714286;24.3964285714286;2;80;40;40;0.783798430127097;0.412267404372386;0;0.67113464740349;0.0692160921579522;0;6
"Aggr";126;"Scaeva_sp.";1.8;0.8;1;2;1;1;0.0585435653383569;0.00269120198716196;0;0.000192921313352434;0.00343906098904813;0;2
"Aggr";127;"Sphaerophoria_scripta";9.38452380952381;7.38452380952381;2;32;16;16;0.238678455912205;0.13155191407088;0;0.103692167096021;0.0805406577635647;0;6
