"Layer";"Node";"Label";"Strength";"StrengthIn";"StrengthOut";"Degree";"DegreeIn";"DegreeOut";"PageRank";"Eigenvector";"Hub";"Authority";"Katz";"Multiplexity";"Kcore"
"1-Multi";1;"A2 CHFU";1.58823529411765;0.588235294117647;1;4;2;2;0.0498654073308363;0.0132469953360992;0.281025303068195;0.00167648320525841;0.109850568527158;0.333333333333333;2
"1-Multi";2;"A3 CHFU";1.02941176470588;0.0294117647058824;1;2;1;1;0.0289749339506334;0.00416385041028938;0.372463758304864;0.000504577939906445;0.141488562071051;0.333333333333333;2
"1-Multi";3;"A3 LEMA";1.27;0.27;1;4;2;2;0.0363860627234459;0.000516671077136814;0.0110057459521369;0.000191262327725465;0.00356193374336116;0.333333333333333;4
"1-Multi";4;"A4 CHFU";1.02941176470588;0.0294117647058824;1;2;1;1;0.0289749339506346;0.0041638504102891;0.372463758304864;0.000504577939906454;0.141488562071051;0.333333333333333;2
"1-Multi";5;"A5 LEMA";1.18666666666667;0.186666666666667;1;4;2;2;0.043034529855508;0.0230814912507963;0.0481192287584215;0.0113491696741646;0.0926727379421882;0.333333333333333;4
"1-Multi";6;"A6 CHFU";1.02941176470588;0.0294117647058824;1;2;1;1;0.0289749339506301;0.0041638504102893;0.372463758304864;0.00050457793990645;0.141488562071051;0.333333333333333;2
"1-Multi";7;"B1 CHFU";2.36274509803922;1.36274509803922;1;6;3;3;0.0656457766121784;0.00505661752724771;0.129359837691973;0.000579639188205829;0.0563162468021732;0.333333333333333;4
"1-Multi";8;"B2 CHFU";1.02941176470588;0.0294117647058824;1;2;1;1;0.0289749339506366;0.00416385041028891;0.372463758304864;0.00050457793990646;0.141488562071051;0.333333333333333;2
"1-Multi";9;"B2 LEMA";1.02;0.02;1;2;1;1;0.0287336425935464;0.000131881473116027;0.0210478417888934;4.02603691196991e-06;0.00243267962410164;0.333333333333333;2
"1-Multi";10;"B3 CHFU";2;1;1;2;1;1;0.0738287837525382;0;0;0;9.60215200215928e-06;0.333333333333333;2
"1-Multi";11;"B4 LEMA";1.20285714285714;0.202857142857143;1;4;2;2;0.0395816277892917;0.000659635249499881;0.0161816723321587;0.000247152256594281;0.00404143908865381;0.333333333333333;4
"1-Multi";12;"B5 LEMA";2.97666666666667;1.97666666666667;1;8;4;4;0.0850474339278453;0.0249972476212235;0.0210582643875843;0.0129126179895018;0.0336663007406724;0.333333333333333;4
"1-Multi";13;"B6 LEMA";1.08;0.08;1;2;1;1;0.0382662180157468;0.000527525892462897;0.0210478417888934;1.61041476478781e-05;0.00243267962410164;0.333333333333333;2
"1-Multi";14;"C1 CHFU";1.33333333333333;0.333333333333333;1;2;1;1;0.0385589282840182;0.000228564343857682;0.0051961498523067;1.78091597568279e-05;0.0077896380638679;0.333333333333333;2
"1-Multi";15;"C3 CHFU";1.66666666666667;0.666666666666667;1;4;2;2;0.0478534716447699;0.000443621623095453;0.00504788647137508;2.88838463460106e-05;0.00776487855601508;0.333333333333333;4
"1-Multi";16;"C3 LEMA";1.16666666666667;0.166666666666667;1;2;1;1;0.0398570047147732;0.0229496097776807;0.0616549222431855;0.0113451436372526;0.137792767101231;0.333333333333333;2
"1-Multi";17;"C4 LEMA";1.20285714285714;0.202857142857143;1;4;2;2;0.0395816277892929;0.000659635249499999;0.0161816723321587;0.000247152256594278;0.00404143908865381;0.333333333333333;4
"1-Multi";18;"C5 CHFU";1.33333333333333;0.333333333333333;1;2;1;1;0.0348506608135694;0.00021505727923821;0.00489962309044348;1.10746865891763e-05;0.00774011904816226;0.333333333333333;2
"1-Multi";19;"C5 LEMA";3.24;2.24;1;8;4;4;0.0676406864982831;0.00030261924834952;0.00867228395647118;1.05915336894501e-05;0.00113253130913254;0.333333333333333;4
"1-Multi";20;"C6 CHFU";2.02941176470588;1.02941176470588;1;4;2;2;0.0470623388526901;0.00457356044063853;0.189885017967581;0.000546644861979083;0.077709475723208;0.333333333333333;2
"1-Multi";21;"D2 CHFU";2;1;1;2;1;1;0.0738287837525693;0;0;0;9.60215200215928e-06;0.333333333333333;2
"1-Multi";22;"D2 LEMA";1.20285714285714;0.202857142857143;1;4;2;2;0.0395816277892935;0.000659635249500339;0.0161816723321587;0.000247152256594268;0.00404143908865381;0.333333333333333;4
"1-Multi";23;"D3 CHFU";1.5;0.5;1;2;1;1;0.0396089578373913;0.000755444105231487;0.00670993735818814;0.000162749385539095;0.0149365878954783;0.333333333333333;2
"1-Multi";24;"D3 LEMA";1.06;0.06;1;2;1;1;0.0350886928750163;0.000395644419347059;0.0210478417888934;1.20781107359146e-05;0.00243267962410164;0.333333333333333;2
"1-Multi";25;"D4 CHFU";1.45098039215686;0.450980392156863;1;4;2;2;0.0522341942752861;0.0168839659850132;0.299010236614353;0.00203612091938263;0.114748777269615;0.333333333333333;4
"1-Multi";26;"D5 LEMA";1.08333333333333;0.0833333333333333;1;2;1;1;0.0327065610837941;0.0114748048888404;0.0616549222431855;0.0056725718186263;0.137792767101231;0.333333333333333;2
"1-Multi";27;"D5 ME";2.4;1.4;1;4;2;2;0.1462558857282;0.00352676648466109;7.38867788105771e-05;0.00459624356678074;0.0065833242319396;0.333333333333333;2
"1-Multi";28;"D6 LEMA";1.02;0.02;1;2;1;1;0.0287336425935527;0.000131881473115719;0.0210478417888933;4.02603691197739e-06;0.00243267962410164;0.333333333333333;2
"1-Multi";29;"D6 ME";2;1;1;2;1;1;0.106844366287927;0.144009805663908;0.0441604125415938;0.0756727566497097;0.144015960694161;0.333333333333333;2
"1-Multi";30;"E1 CHFU";1.45098039215686;0.450980392156863;1;4;2;2;0.056954811595441;0.0172461798303282;0.300430500613467;0.00204876701552232;0.116663373915814;0.333333333333333;4
"1-Multi";31;"E1 LEMA";1.04;0.04;1;2;1;1;0.0319111677342869;0.00026376294623136;0.0210478417888934;8.05207382394741e-06;0.00243267962410164;0.333333333333333;2
"1-Multi";32;"E2 LEMA";1.36285714285714;0.362857142857143;1;6;3;3;0.0398499499464734;0.00041304114450616;0.00787659751881569;0.000240009504850514;0.00389203995779427;0.333333333333333;4
"1-Multi";33;"E3 CHFU";2.02941176470588;1.02941176470588;1;4;2;2;0.045105105821784;0.00530783371541793;0.190538776042643;0.000605903987819202;0.0808540768247481;0.333333333333333;2
"1-Multi";34;"E3 LEMA";3.6752380952381;2.6752380952381;1;10;5;5;0.101366138081058;0.0264865583066826;0.0164141254081779;0.0168312601537785;0.0277521350120181;0.333333333333333;4
"1-Multi";35;"E3 ME";1.2;0.2;1;2;1;1;0.0425545430231397;0.00026250689812404;6.17432796327166e-05;0.000427979208937247;0.00876809549476387;0.333333333333333;2
"1-Multi";36;"E4 CHFU";1.69607843137255;0.696078431372549;1;6;3;3;0.0559929054627431;0.00496968587869916;0.129886950414396;0.000546107882392157;0.0555304341380255;0.333333333333333;4
"1-Multi";37;"E4 LEMA";2;1;1;2;1;1;0.0738287837525286;0;0;0;9.60215200215928e-06;0.333333333333333;2
"1-Multi";38;"E5 CHFU";2;1;1;2;1;1;0.0738287837525202;0;0;0;9.60215200215928e-06;0.333333333333333;2
"1-Multi";39;"E5 LEMA";1.1;0.1;1;2;1;1;0.0414437431564784;0.000659407365578619;0.0210478417888933;2.01301845598438e-05;0.00243267962410164;0.333333333333333;2
"1-Multi";40;"E6 LEMA";2.02;1.02;1;4;2;2;0.046684583303542;0.000144858203070667;0.0107303589333155;4.36168967766819e-06;0.00134034994194274;0.333333333333333;2
"1-Multi";41;"E6 ME";1.2;0.2;1;2;1;1;0.0425545430231427;0.000262506898123447;6.17432796327473e-05;0.000427979208937264;0.00876809549476387;0.333333333333333;2
"1-Multi";42;"F1 CHFU";1.14705882352941;0.147058823529412;1;2;1;1;0.0426501999419024;0.0208192520514449;0.372463758304864;0.00252288969953225;0.141488562071051;0.333333333333333;2
"1-Multi";43;"F1 LEMA";1.25;0.25;1;2;1;1;0.047007448345752;0.0344244146665214;0.0616549222431855;0.0170177154558789;0.137792767101231;0.333333333333333;2
"1-Multi";44;"F2 LEMA";1.1;0.1;1;2;1;1;0.0414437431564812;0.000659407365578177;0.0210478417888934;2.01301845598593e-05;0.00243267962410164;0.333333333333333;2
"1-Multi";45;"F4 CHFU";1.08823529411765;0.0882352941176471;1;2;1;1;0.0358125669462703;0.0124915512308671;0.372463758304864;0.00151373381971935;0.141488562071051;0.333333333333333;2
"1-Multi";46;"F4 ME";1.2;0.2;1;2;1;1;0.0425545430231433;0.00026250689812332;6.17432796327576e-05;0.000427979208937265;0.00876809549476387;0.333333333333333;2
"1-Multi";47;"F5 CHFU";1.05882352941176;0.0588235294117647;1;2;1;1;0.0323937504484531;0.00832770082057801;0.372463758304864;0.0010091558798129;0.141488562071051;0.333333333333333;2
"1-Multi";48;"F5 LEMA";1.28;0.28;1;4;2;2;0.0448895904543907;0.000544694733700236;0.0170380307922345;1.70134697280588e-05;0.00202128825267548;0.333333333333333;4
"1-Multi";49;"F6 CHFU";1.14705882352941;0.147058823529412;1;2;1;1;0.0426501999418953;0.0208192520514455;0.372463758304864;0.00252288969953223;0.141488562071051;0.333333333333333;2
"1-Multi";50;"F6 LEMA";1.46;0.46;1;4;2;2;0.0483354377523076;0.00042998210182149;0.0130282197955757;1.38967548962817e-05;0.00160989688124932;0.333333333333333;4
"1-Multi";51;"Andrena_cinerea";2;1;1;2;1;1;0.0738287837525156;0;0;0;9.60215200215929e-06;0.333333333333333;2
"1-Multi";52;"Anthaxia_semicuprea";1.5;0.5;1;2;1;1;0.0381561654117983;3.0657672639232e-05;2.08610498334349e-06;0.000863253451181216;0.000572873285660084;0.333333333333333;2
"1-Multi";53;"Bruchidae";2;1;1;2;1;1;0.0738287837525345;0;0;0;9.60215200215929e-06;0.333333333333333;2
"1-Multi";54;"Dilophus_sp.";32.0594017094017;23.0594017094017;9;56;28;28;1;1;1;1;1;1;4
"1-Multi";55;"Diptera";1.33333333333333;0.333333333333333;1;2;1;1;0.0393284875293523;0.000713452288829102;0.000277229305254275;0.00693796774962258;0.023842749052056;0.333333333333333;2
"1-Multi";56;"Episyrphus_balteatus";2.7;1.7;1;6;3;3;0.0629296851572681;0.00161995761360352;0.000332055451785223;0.010864262994939;0.0183902096014534;0.333333333333333;4
"1-Multi";57;"Eucera_sp.";2;1;1;2;1;1;0.0738287837525318;0;0;0;9.60215200215929e-06;0.333333333333333;2
"1-Multi";58;"Eupeodes_corollae";7.91025641025641;3.91025641025641;4;12;6;6;0.116043384431917;0.00303179670266252;0.0131561527448365;0.0104806556202965;0.0377502077018902;0.666666666666667;4
"1-Multi";59;"Lagorina_sericea";1.2;0.2;1;2;1;1;0.0341586741795375;2.56184369360214e-05;5.06570912749855e-06;0.000279072828842786;0.000484909031439178;0.333333333333333;2
"1-Multi";60;"Lomatia_sp.";2;1;1;2;1;1;0.0738287837525651;0;0;0;9.60215200215929e-06;0.333333333333333;2
"1-Multi";61;"Malachius_bipustulatus";1.11111111111111;0.111111111111111;1;2;1;1;0.0319792862249464;0.00117564382606379;0.00617583522143202;0.000376473259374321;0.0142556124873414;0.333333333333333;2
"1-Multi";62;"Melanostoma_sp.";1.2;0.2;1;2;1;1;0.0341586741795382;2.56184369354663e-05;5.06570912753001e-06;0.000279072828842802;0.000484909031439178;0.333333333333333;2
"1-Multi";63;"Meligethes_sp.";2.13333333333333;1.13333333333333;1;8;4;4;0.0559984259801743;0.000202807916945661;2.8257495793953e-05;0.00208829283995478;0.000874574933506627;0.333333333333333;4
"1-Multi";64;"Melyridae";6.73076923076923;2.73076923076923;4;8;4;4;0.0876623331186675;0.00643385402396294;0.0172935819667495;0.0187207658549542;0.0797128713579988;0.666666666666667;2
"1-Multi";65;"Mordellidae";1.83333333333333;0.833333333333333;1;4;2;2;0.0530488004815424;0.00363627932600721;0.00465474560923573;0.00201482801423589;0.0110700124332194;0.333333333333333;4
"1-Multi";66;"Musca_sp.";10.5333333333333;6.53333333333333;4;18;9;9;0.333606734770975;0.00728803836057063;0.0138674453535249;0.0258410064459911;0.0617008526924942;0.666666666666667;4
"1-Multi";67;"Psilothrix_viridicoerulea";19.6910256410256;15.6910256410256;4;44;22;22;0.586352056808243;0.0226702492652559;0.0244972337846155;0.0442127115142331;0.0109435463749702;0.666666666666667;4
"1-Multi";68;"Scaeva_sp.";1.5;0.5;1;2;1;1;0.0383167115201444;0.000967944623140145;0.000261448808829385;0.0152761802384049;0.0328979497430094;0.333333333333333;2
"1-Multi";69;"Sphaerophoria_scripta";8.56410256410256;4.56410256410256;4;18;9;9;0.148651000331959;0.00793526008859877;0.0122500109001028;0.0173394602439548;0.0562046242160034;0.666666666666667;4
"2-Multi";1;"A2 CHFU";1.58823529411765;0.588235294117647;1;4;2;2;0.0498654073308363;0.0132469953360992;0.281025303068195;0.00167648320525841;0.109850568527158;0.333333333333333;2
"2-Multi";2;"A3 CHFU";1.02941176470588;0.0294117647058824;1;2;1;1;0.0289749339506334;0.00416385041028938;0.372463758304864;0.000504577939906445;0.141488562071051;0.333333333333333;2
"2-Multi";3;"A3 LEMA";1.27;0.27;1;4;2;2;0.0363860627234459;0.000516671077136814;0.0110057459521369;0.000191262327725465;0.00356193374336116;0.333333333333333;4
"2-Multi";4;"A4 CHFU";1.02941176470588;0.0294117647058824;1;2;1;1;0.0289749339506346;0.0041638504102891;0.372463758304864;0.000504577939906454;0.141488562071051;0.333333333333333;2
"2-Multi";5;"A5 LEMA";1.18666666666667;0.186666666666667;1;4;2;2;0.043034529855508;0.0230814912507963;0.0481192287584215;0.0113491696741646;0.0926727379421882;0.333333333333333;4
"2-Multi";6;"A6 CHFU";1.02941176470588;0.0294117647058824;1;2;1;1;0.0289749339506301;0.0041638504102893;0.372463758304864;0.00050457793990645;0.141488562071051;0.333333333333333;2
"2-Multi";7;"B1 CHFU";2.36274509803922;1.36274509803922;1;6;3;3;0.0656457766121784;0.00505661752724771;0.129359837691973;0.000579639188205829;0.0563162468021732;0.333333333333333;4
"2-Multi";8;"B2 CHFU";1.02941176470588;0.0294117647058824;1;2;1;1;0.0289749339506366;0.00416385041028891;0.372463758304864;0.00050457793990646;0.141488562071051;0.333333333333333;2
"2-Multi";9;"B2 LEMA";1.02;0.02;1;2;1;1;0.0287336425935464;0.000131881473116027;0.0210478417888934;4.02603691196991e-06;0.00243267962410164;0.333333333333333;2
"2-Multi";10;"B3 CHFU";2;1;1;2;1;1;0.0738287837525382;0;0;0;9.60215200215928e-06;0.333333333333333;2
"2-Multi";11;"B4 LEMA";1.20285714285714;0.202857142857143;1;4;2;2;0.0395816277892917;0.000659635249499881;0.0161816723321587;0.000247152256594281;0.00404143908865381;0.333333333333333;4
"2-Multi";12;"B5 LEMA";2.97666666666667;1.97666666666667;1;8;4;4;0.0850474339278453;0.0249972476212235;0.0210582643875843;0.0129126179895018;0.0336663007406724;0.333333333333333;4
"2-Multi";13;"B6 LEMA";1.08;0.08;1;2;1;1;0.0382662180157468;0.000527525892462897;0.0210478417888934;1.61041476478781e-05;0.00243267962410164;0.333333333333333;2
"2-Multi";14;"C1 CHFU";1.33333333333333;0.333333333333333;1;2;1;1;0.0385589282840182;0.000228564343857682;0.0051961498523067;1.78091597568279e-05;0.0077896380638679;0.333333333333333;2
"2-Multi";15;"C3 CHFU";1.66666666666667;0.666666666666667;1;4;2;2;0.0478534716447699;0.000443621623095453;0.00504788647137508;2.88838463460106e-05;0.00776487855601508;0.333333333333333;4
"2-Multi";16;"C3 LEMA";1.16666666666667;0.166666666666667;1;2;1;1;0.0398570047147732;0.0229496097776807;0.0616549222431855;0.0113451436372526;0.137792767101231;0.333333333333333;2
"2-Multi";17;"C4 LEMA";1.20285714285714;0.202857142857143;1;4;2;2;0.0395816277892929;0.000659635249499999;0.0161816723321587;0.000247152256594278;0.00404143908865381;0.333333333333333;4
"2-Multi";18;"C5 CHFU";1.33333333333333;0.333333333333333;1;2;1;1;0.0348506608135694;0.00021505727923821;0.00489962309044348;1.10746865891763e-05;0.00774011904816226;0.333333333333333;2
"2-Multi";19;"C5 LEMA";3.24;2.24;1;8;4;4;0.0676406864982831;0.00030261924834952;0.00867228395647118;1.05915336894501e-05;0.00113253130913254;0.333333333333333;4
"2-Multi";20;"C6 CHFU";2.02941176470588;1.02941176470588;1;4;2;2;0.0470623388526901;0.00457356044063853;0.189885017967581;0.000546644861979083;0.077709475723208;0.333333333333333;2
"2-Multi";21;"D2 CHFU";2;1;1;2;1;1;0.0738287837525693;0;0;0;9.60215200215928e-06;0.333333333333333;2
"2-Multi";22;"D2 LEMA";1.20285714285714;0.202857142857143;1;4;2;2;0.0395816277892935;0.000659635249500339;0.0161816723321587;0.000247152256594268;0.00404143908865381;0.333333333333333;4
"2-Multi";23;"D3 CHFU";1.5;0.5;1;2;1;1;0.0396089578373913;0.000755444105231487;0.00670993735818814;0.000162749385539095;0.0149365878954783;0.333333333333333;2
"2-Multi";24;"D3 LEMA";1.06;0.06;1;2;1;1;0.0350886928750163;0.000395644419347059;0.0210478417888934;1.20781107359146e-05;0.00243267962410164;0.333333333333333;2
"2-Multi";25;"D4 CHFU";1.45098039215686;0.450980392156863;1;4;2;2;0.0522341942752861;0.0168839659850132;0.299010236614353;0.00203612091938263;0.114748777269615;0.333333333333333;4
"2-Multi";26;"D5 LEMA";1.08333333333333;0.0833333333333333;1;2;1;1;0.0327065610837941;0.0114748048888404;0.0616549222431855;0.0056725718186263;0.137792767101231;0.333333333333333;2
"2-Multi";27;"D5 ME";2.4;1.4;1;4;2;2;0.1462558857282;0.00352676648466109;7.38867788105771e-05;0.00459624356678074;0.0065833242319396;0.333333333333333;2
"2-Multi";28;"D6 LEMA";1.02;0.02;1;2;1;1;0.0287336425935527;0.000131881473115719;0.0210478417888933;4.02603691197739e-06;0.00243267962410164;0.333333333333333;2
"2-Multi";29;"D6 ME";2;1;1;2;1;1;0.106844366287927;0.144009805663908;0.0441604125415938;0.0756727566497097;0.144015960694161;0.333333333333333;2
"2-Multi";30;"E1 CHFU";1.45098039215686;0.450980392156863;1;4;2;2;0.056954811595441;0.0172461798303282;0.300430500613467;0.00204876701552232;0.116663373915814;0.333333333333333;4
"2-Multi";31;"E1 LEMA";1.04;0.04;1;2;1;1;0.0319111677342869;0.00026376294623136;0.0210478417888934;8.05207382394741e-06;0.00243267962410164;0.333333333333333;2
"2-Multi";32;"E2 LEMA";1.36285714285714;0.362857142857143;1;6;3;3;0.0398499499464734;0.00041304114450616;0.00787659751881569;0.000240009504850514;0.00389203995779427;0.333333333333333;4
"2-Multi";33;"E3 CHFU";2.02941176470588;1.02941176470588;1;4;2;2;0.045105105821784;0.00530783371541793;0.190538776042643;0.000605903987819202;0.0808540768247481;0.333333333333333;2
"2-Multi";34;"E3 LEMA";3.6752380952381;2.6752380952381;1;10;5;5;0.101366138081058;0.0264865583066826;0.0164141254081779;0.0168312601537785;0.0277521350120181;0.333333333333333;4
"2-Multi";35;"E3 ME";1.2;0.2;1;2;1;1;0.0425545430231397;0.00026250689812404;6.17432796327166e-05;0.000427979208937247;0.00876809549476387;0.333333333333333;2
"2-Multi";36;"E4 CHFU";1.69607843137255;0.696078431372549;1;6;3;3;0.0559929054627431;0.00496968587869916;0.129886950414396;0.000546107882392157;0.0555304341380255;0.333333333333333;4
"2-Multi";37;"E4 LEMA";2;1;1;2;1;1;0.0738287837525286;0;0;0;9.60215200215928e-06;0.333333333333333;2
"2-Multi";38;"E5 CHFU";2;1;1;2;1;1;0.0738287837525202;0;0;0;9.60215200215928e-06;0.333333333333333;2
"2-Multi";39;"E5 LEMA";1.1;0.1;1;2;1;1;0.0414437431564784;0.000659407365578619;0.0210478417888933;2.01301845598438e-05;0.00243267962410164;0.333333333333333;2
"2-Multi";40;"E6 LEMA";2.02;1.02;1;4;2;2;0.046684583303542;0.000144858203070667;0.0107303589333155;4.36168967766819e-06;0.00134034994194274;0.333333333333333;2
"2-Multi";41;"E6 ME";1.2;0.2;1;2;1;1;0.0425545430231427;0.000262506898123447;6.17432796327473e-05;0.000427979208937264;0.00876809549476387;0.333333333333333;2
"2-Multi";42;"F1 CHFU";1.14705882352941;0.147058823529412;1;2;1;1;0.0426501999419024;0.0208192520514449;0.372463758304864;0.00252288969953225;0.141488562071051;0.333333333333333;2
"2-Multi";43;"F1 LEMA";1.25;0.25;1;2;1;1;0.047007448345752;0.0344244146665214;0.0616549222431855;0.0170177154558789;0.137792767101231;0.333333333333333;2
"2-Multi";44;"F2 LEMA";1.1;0.1;1;2;1;1;0.0414437431564812;0.000659407365578177;0.0210478417888934;2.01301845598593e-05;0.00243267962410164;0.333333333333333;2
"2-Multi";45;"F4 CHFU";1.08823529411765;0.0882352941176471;1;2;1;1;0.0358125669462703;0.0124915512308671;0.372463758304864;0.00151373381971935;0.141488562071051;0.333333333333333;2
"2-Multi";46;"F4 ME";1.2;0.2;1;2;1;1;0.0425545430231433;0.00026250689812332;6.17432796327576e-05;0.000427979208937265;0.00876809549476387;0.333333333333333;2
"2-Multi";47;"F5 CHFU";1.05882352941176;0.0588235294117647;1;2;1;1;0.0323937504484531;0.00832770082057801;0.372463758304864;0.0010091558798129;0.141488562071051;0.333333333333333;2
"2-Multi";48;"F5 LEMA";1.28;0.28;1;4;2;2;0.0448895904543907;0.000544694733700236;0.0170380307922345;1.70134697280588e-05;0.00202128825267548;0.333333333333333;4
"2-Multi";49;"F6 CHFU";1.14705882352941;0.147058823529412;1;2;1;1;0.0426501999418953;0.0208192520514455;0.372463758304864;0.00252288969953223;0.141488562071051;0.333333333333333;2
"2-Multi";50;"F6 LEMA";1.46;0.46;1;4;2;2;0.0483354377523076;0.00042998210182149;0.0130282197955757;1.38967548962817e-05;0.00160989688124932;0.333333333333333;4
"2-Multi";51;"Andrena_cinerea";2;1;1;2;1;1;0.0738287837525156;0;0;0;9.60215200215929e-06;0.333333333333333;2
"2-Multi";52;"Anthaxia_semicuprea";1.5;0.5;1;2;1;1;0.0381561654117983;3.0657672639232e-05;2.08610498334349e-06;0.000863253451181216;0.000572873285660084;0.333333333333333;2
"2-Multi";53;"Bruchidae";2;1;1;2;1;1;0.0738287837525345;0;0;0;9.60215200215929e-06;0.333333333333333;2
"2-Multi";54;"Dilophus_sp.";32.0594017094017;23.0594017094017;9;56;28;28;1;1;1;1;1;1;4
"2-Multi";55;"Diptera";1.33333333333333;0.333333333333333;1;2;1;1;0.0393284875293523;0.000713452288829102;0.000277229305254275;0.00693796774962258;0.023842749052056;0.333333333333333;2
"2-Multi";56;"Episyrphus_balteatus";2.7;1.7;1;6;3;3;0.0629296851572681;0.00161995761360352;0.000332055451785223;0.010864262994939;0.0183902096014534;0.333333333333333;4
"2-Multi";57;"Eucera_sp.";2;1;1;2;1;1;0.0738287837525318;0;0;0;9.60215200215929e-06;0.333333333333333;2
"2-Multi";58;"Eupeodes_corollae";7.91025641025641;3.91025641025641;4;12;6;6;0.116043384431917;0.00303179670266252;0.0131561527448365;0.0104806556202965;0.0377502077018902;0.666666666666667;4
"2-Multi";59;"Lagorina_sericea";1.2;0.2;1;2;1;1;0.0341586741795375;2.56184369360214e-05;5.06570912749855e-06;0.000279072828842786;0.000484909031439178;0.333333333333333;2
"2-Multi";60;"Lomatia_sp.";2;1;1;2;1;1;0.0738287837525651;0;0;0;9.60215200215929e-06;0.333333333333333;2
"2-Multi";61;"Malachius_bipustulatus";1.11111111111111;0.111111111111111;1;2;1;1;0.0319792862249464;0.00117564382606379;0.00617583522143202;0.000376473259374321;0.0142556124873414;0.333333333333333;2
"2-Multi";62;"Melanostoma_sp.";1.2;0.2;1;2;1;1;0.0341586741795382;2.56184369354663e-05;5.06570912753001e-06;0.000279072828842802;0.000484909031439178;0.333333333333333;2
"2-Multi";63;"Meligethes_sp.";2.13333333333333;1.13333333333333;1;8;4;4;0.0559984259801743;0.000202807916945661;2.8257495793953e-05;0.00208829283995478;0.000874574933506627;0.333333333333333;4
"2-Multi";64;"Melyridae";6.73076923076923;2.73076923076923;4;8;4;4;0.0876623331186675;0.00643385402396294;0.0172935819667495;0.0187207658549542;0.0797128713579988;0.666666666666667;2
"2-Multi";65;"Mordellidae";1.83333333333333;0.833333333333333;1;4;2;2;0.0530488004815424;0.00363627932600721;0.00465474560923573;0.00201482801423589;0.0110700124332194;0.333333333333333;4
"2-Multi";66;"Musca_sp.";10.5333333333333;6.53333333333333;4;18;9;9;0.333606734770975;0.00728803836057063;0.0138674453535249;0.0258410064459911;0.0617008526924942;0.666666666666667;4
"2-Multi";67;"Psilothrix_viridicoerulea";19.6910256410256;15.6910256410256;4;44;22;22;0.586352056808243;0.0226702492652559;0.0244972337846155;0.0442127115142331;0.0109435463749702;0.666666666666667;4
"2-Multi";68;"Scaeva_sp.";1.5;0.5;1;2;1;1;0.0383167115201444;0.000967944623140145;0.000261448808829385;0.0152761802384049;0.0328979497430094;0.333333333333333;2
"2-Multi";69;"Sphaerophoria_scripta";8.56410256410256;4.56410256410256;4;18;9;9;0.148651000331959;0.00793526008859877;0.0122500109001028;0.0173394602439548;0.0562046242160034;0.666666666666667;4
"3-Multi";1;"A2 CHFU";1.58823529411765;0.588235294117647;1;4;2;2;0.0498654073308363;0.0132469953360992;0.281025303068195;0.00167648320525841;0.109850568527158;0.333333333333333;2
"3-Multi";2;"A3 CHFU";1.02941176470588;0.0294117647058824;1;2;1;1;0.0289749339506334;0.00416385041028938;0.372463758304864;0.000504577939906445;0.141488562071051;0.333333333333333;2
"3-Multi";3;"A3 LEMA";1.27;0.27;1;4;2;2;0.0363860627234459;0.000516671077136814;0.0110057459521369;0.000191262327725465;0.00356193374336116;0.333333333333333;4
"3-Multi";4;"A4 CHFU";1.02941176470588;0.0294117647058824;1;2;1;1;0.0289749339506346;0.0041638504102891;0.372463758304864;0.000504577939906454;0.141488562071051;0.333333333333333;2
"3-Multi";5;"A5 LEMA";1.18666666666667;0.186666666666667;1;4;2;2;0.043034529855508;0.0230814912507963;0.0481192287584215;0.0113491696741646;0.0926727379421882;0.333333333333333;4
"3-Multi";6;"A6 CHFU";1.02941176470588;0.0294117647058824;1;2;1;1;0.0289749339506301;0.0041638504102893;0.372463758304864;0.00050457793990645;0.141488562071051;0.333333333333333;2
"3-Multi";7;"B1 CHFU";2.36274509803922;1.36274509803922;1;6;3;3;0.0656457766121784;0.00505661752724771;0.129359837691973;0.000579639188205829;0.0563162468021732;0.333333333333333;4
"3-Multi";8;"B2 CHFU";1.02941176470588;0.0294117647058824;1;2;1;1;0.0289749339506366;0.00416385041028891;0.372463758304864;0.00050457793990646;0.141488562071051;0.333333333333333;2
"3-Multi";9;"B2 LEMA";1.02;0.02;1;2;1;1;0.0287336425935464;0.000131881473116027;0.0210478417888934;4.02603691196991e-06;0.00243267962410164;0.333333333333333;2
"3-Multi";10;"B3 CHFU";2;1;1;2;1;1;0.0738287837525382;0;0;0;9.60215200215928e-06;0.333333333333333;2
"3-Multi";11;"B4 LEMA";1.20285714285714;0.202857142857143;1;4;2;2;0.0395816277892917;0.000659635249499881;0.0161816723321587;0.000247152256594281;0.00404143908865381;0.333333333333333;4
"3-Multi";12;"B5 LEMA";2.97666666666667;1.97666666666667;1;8;4;4;0.0850474339278453;0.0249972476212235;0.0210582643875843;0.0129126179895018;0.0336663007406724;0.333333333333333;4
"3-Multi";13;"B6 LEMA";1.08;0.08;1;2;1;1;0.0382662180157468;0.000527525892462897;0.0210478417888934;1.61041476478781e-05;0.00243267962410164;0.333333333333333;2
"3-Multi";14;"C1 CHFU";1.33333333333333;0.333333333333333;1;2;1;1;0.0385589282840182;0.000228564343857682;0.0051961498523067;1.78091597568279e-05;0.0077896380638679;0.333333333333333;2
"3-Multi";15;"C3 CHFU";1.66666666666667;0.666666666666667;1;4;2;2;0.0478534716447699;0.000443621623095453;0.00504788647137508;2.88838463460106e-05;0.00776487855601508;0.333333333333333;4
"3-Multi";16;"C3 LEMA";1.16666666666667;0.166666666666667;1;2;1;1;0.0398570047147732;0.0229496097776807;0.0616549222431855;0.0113451436372526;0.137792767101231;0.333333333333333;2
"3-Multi";17;"C4 LEMA";1.20285714285714;0.202857142857143;1;4;2;2;0.0395816277892929;0.000659635249499999;0.0161816723321587;0.000247152256594278;0.00404143908865381;0.333333333333333;4
"3-Multi";18;"C5 CHFU";1.33333333333333;0.333333333333333;1;2;1;1;0.0348506608135694;0.00021505727923821;0.00489962309044348;1.10746865891763e-05;0.00774011904816226;0.333333333333333;2
"3-Multi";19;"C5 LEMA";3.24;2.24;1;8;4;4;0.0676406864982831;0.00030261924834952;0.00867228395647118;1.05915336894501e-05;0.00113253130913254;0.333333333333333;4
"3-Multi";20;"C6 CHFU";2.02941176470588;1.02941176470588;1;4;2;2;0.0470623388526901;0.00457356044063853;0.189885017967581;0.000546644861979083;0.077709475723208;0.333333333333333;2
"3-Multi";21;"D2 CHFU";2;1;1;2;1;1;0.0738287837525693;0;0;0;9.60215200215928e-06;0.333333333333333;2
"3-Multi";22;"D2 LEMA";1.20285714285714;0.202857142857143;1;4;2;2;0.0395816277892935;0.000659635249500339;0.0161816723321587;0.000247152256594268;0.00404143908865381;0.333333333333333;4
"3-Multi";23;"D3 CHFU";1.5;0.5;1;2;1;1;0.0396089578373913;0.000755444105231487;0.00670993735818814;0.000162749385539095;0.0149365878954783;0.333333333333333;2
"3-Multi";24;"D3 LEMA";1.06;0.06;1;2;1;1;0.0350886928750163;0.000395644419347059;0.0210478417888934;1.20781107359146e-05;0.00243267962410164;0.333333333333333;2
"3-Multi";25;"D4 CHFU";1.45098039215686;0.450980392156863;1;4;2;2;0.0522341942752861;0.0168839659850132;0.299010236614353;0.00203612091938263;0.114748777269615;0.333333333333333;4
"3-Multi";26;"D5 LEMA";1.08333333333333;0.0833333333333333;1;2;1;1;0.0327065610837941;0.0114748048888404;0.0616549222431855;0.0056725718186263;0.137792767101231;0.333333333333333;2
"3-Multi";27;"D5 ME";2.4;1.4;1;4;2;2;0.1462558857282;0.00352676648466109;7.38867788105771e-05;0.00459624356678074;0.0065833242319396;0.333333333333333;2
"3-Multi";28;"D6 LEMA";1.02;0.02;1;2;1;1;0.0287336425935527;0.000131881473115719;0.0210478417888933;4.02603691197739e-06;0.00243267962410164;0.333333333333333;2
"3-Multi";29;"D6 ME";2;1;1;2;1;1;0.106844366287927;0.144009805663908;0.0441604125415938;0.0756727566497097;0.144015960694161;0.333333333333333;2
"3-Multi";30;"E1 CHFU";1.45098039215686;0.450980392156863;1;4;2;2;0.056954811595441;0.0172461798303282;0.300430500613467;0.00204876701552232;0.116663373915814;0.333333333333333;4
"3-Multi";31;"E1 LEMA";1.04;0.04;1;2;1;1;0.0319111677342869;0.00026376294623136;0.0210478417888934;8.05207382394741e-06;0.00243267962410164;0.333333333333333;2
"3-Multi";32;"E2 LEMA";1.36285714285714;0.362857142857143;1;6;3;3;0.0398499499464734;0.00041304114450616;0.00787659751881569;0.000240009504850514;0.00389203995779427;0.333333333333333;4
"3-Multi";33;"E3 CHFU";2.02941176470588;1.02941176470588;1;4;2;2;0.045105105821784;0.00530783371541793;0.190538776042643;0.000605903987819202;0.0808540768247481;0.333333333333333;2
"3-Multi";34;"E3 LEMA";3.6752380952381;2.6752380952381;1;10;5;5;0.101366138081058;0.0264865583066826;0.0164141254081779;0.0168312601537785;0.0277521350120181;0.333333333333333;4
"3-Multi";35;"E3 ME";1.2;0.2;1;2;1;1;0.0425545430231397;0.00026250689812404;6.17432796327166e-05;0.000427979208937247;0.00876809549476387;0.333333333333333;2
"3-Multi";36;"E4 CHFU";1.69607843137255;0.696078431372549;1;6;3;3;0.0559929054627431;0.00496968587869916;0.129886950414396;0.000546107882392157;0.0555304341380255;0.333333333333333;4
"3-Multi";37;"E4 LEMA";2;1;1;2;1;1;0.0738287837525286;0;0;0;9.60215200215928e-06;0.333333333333333;2
"3-Multi";38;"E5 CHFU";2;1;1;2;1;1;0.0738287837525202;0;0;0;9.60215200215928e-06;0.333333333333333;2
"3-Multi";39;"E5 LEMA";1.1;0.1;1;2;1;1;0.0414437431564784;0.000659407365578619;0.0210478417888933;2.01301845598438e-05;0.00243267962410164;0.333333333333333;2
"3-Multi";40;"E6 LEMA";2.02;1.02;1;4;2;2;0.046684583303542;0.000144858203070667;0.0107303589333155;4.36168967766819e-06;0.00134034994194274;0.333333333333333;2
"3-Multi";41;"E6 ME";1.2;0.2;1;2;1;1;0.0425545430231427;0.000262506898123447;6.17432796327473e-05;0.000427979208937264;0.00876809549476387;0.333333333333333;2
"3-Multi";42;"F1 CHFU";1.14705882352941;0.147058823529412;1;2;1;1;0.0426501999419024;0.0208192520514449;0.372463758304864;0.00252288969953225;0.141488562071051;0.333333333333333;2
"3-Multi";43;"F1 LEMA";1.25;0.25;1;2;1;1;0.047007448345752;0.0344244146665214;0.0616549222431855;0.0170177154558789;0.137792767101231;0.333333333333333;2
"3-Multi";44;"F2 LEMA";1.1;0.1;1;2;1;1;0.0414437431564812;0.000659407365578177;0.0210478417888934;2.01301845598593e-05;0.00243267962410164;0.333333333333333;2
"3-Multi";45;"F4 CHFU";1.08823529411765;0.0882352941176471;1;2;1;1;0.0358125669462703;0.0124915512308671;0.372463758304864;0.00151373381971935;0.141488562071051;0.333333333333333;2
"3-Multi";46;"F4 ME";1.2;0.2;1;2;1;1;0.0425545430231433;0.00026250689812332;6.17432796327576e-05;0.000427979208937265;0.00876809549476387;0.333333333333333;2
"3-Multi";47;"F5 CHFU";1.05882352941176;0.0588235294117647;1;2;1;1;0.0323937504484531;0.00832770082057801;0.372463758304864;0.0010091558798129;0.141488562071051;0.333333333333333;2
"3-Multi";48;"F5 LEMA";1.28;0.28;1;4;2;2;0.0448895904543907;0.000544694733700236;0.0170380307922345;1.70134697280588e-05;0.00202128825267548;0.333333333333333;4
"3-Multi";49;"F6 CHFU";1.14705882352941;0.147058823529412;1;2;1;1;0.0426501999418953;0.0208192520514455;0.372463758304864;0.00252288969953223;0.141488562071051;0.333333333333333;2
"3-Multi";50;"F6 LEMA";1.46;0.46;1;4;2;2;0.0483354377523076;0.00042998210182149;0.0130282197955757;1.38967548962817e-05;0.00160989688124932;0.333333333333333;4
"3-Multi";51;"Andrena_cinerea";2;1;1;2;1;1;0.0738287837525156;0;0;0;9.60215200215929e-06;0.333333333333333;2
"3-Multi";52;"Anthaxia_semicuprea";1.5;0.5;1;2;1;1;0.0381561654117983;3.0657672639232e-05;2.08610498334349e-06;0.000863253451181216;0.000572873285660084;0.333333333333333;2
"3-Multi";53;"Bruchidae";2;1;1;2;1;1;0.0738287837525345;0;0;0;9.60215200215929e-06;0.333333333333333;2
"3-Multi";54;"Dilophus_sp.";32.0594017094017;23.0594017094017;9;56;28;28;1;1;1;1;1;1;4
"3-Multi";55;"Diptera";1.33333333333333;0.333333333333333;1;2;1;1;0.0393284875293523;0.000713452288829102;0.000277229305254275;0.00693796774962258;0.023842749052056;0.333333333333333;2
"3-Multi";56;"Episyrphus_balteatus";2.7;1.7;1;6;3;3;0.0629296851572681;0.00161995761360352;0.000332055451785223;0.010864262994939;0.0183902096014534;0.333333333333333;4
"3-Multi";57;"Eucera_sp.";2;1;1;2;1;1;0.0738287837525318;0;0;0;9.60215200215929e-06;0.333333333333333;2
"3-Multi";58;"Eupeodes_corollae";7.91025641025641;3.91025641025641;4;12;6;6;0.116043384431917;0.00303179670266252;0.0131561527448365;0.0104806556202965;0.0377502077018902;0.666666666666667;4
"3-Multi";59;"Lagorina_sericea";1.2;0.2;1;2;1;1;0.0341586741795375;2.56184369360214e-05;5.06570912749855e-06;0.000279072828842786;0.000484909031439178;0.333333333333333;2
"3-Multi";60;"Lomatia_sp.";2;1;1;2;1;1;0.0738287837525651;0;0;0;9.60215200215929e-06;0.333333333333333;2
"3-Multi";61;"Malachius_bipustulatus";1.11111111111111;0.111111111111111;1;2;1;1;0.0319792862249464;0.00117564382606379;0.00617583522143202;0.000376473259374321;0.0142556124873414;0.333333333333333;2
"3-Multi";62;"Melanostoma_sp.";1.2;0.2;1;2;1;1;0.0341586741795382;2.56184369354663e-05;5.06570912753001e-06;0.000279072828842802;0.000484909031439178;0.333333333333333;2
"3-Multi";63;"Meligethes_sp.";2.13333333333333;1.13333333333333;1;8;4;4;0.0559984259801743;0.000202807916945661;2.8257495793953e-05;0.00208829283995478;0.000874574933506627;0.333333333333333;4
"3-Multi";64;"Melyridae";6.73076923076923;2.73076923076923;4;8;4;4;0.0876623331186675;0.00643385402396294;0.0172935819667495;0.0187207658549542;0.0797128713579988;0.666666666666667;2
"3-Multi";65;"Mordellidae";1.83333333333333;0.833333333333333;1;4;2;2;0.0530488004815424;0.00363627932600721;0.00465474560923573;0.00201482801423589;0.0110700124332194;0.333333333333333;4
"3-Multi";66;"Musca_sp.";10.5333333333333;6.53333333333333;4;18;9;9;0.333606734770975;0.00728803836057063;0.0138674453535249;0.0258410064459911;0.0617008526924942;0.666666666666667;4
"3-Multi";67;"Psilothrix_viridicoerulea";19.6910256410256;15.6910256410256;4;44;22;22;0.586352056808243;0.0226702492652559;0.0244972337846155;0.0442127115142331;0.0109435463749702;0.666666666666667;4
"3-Multi";68;"Scaeva_sp.";1.5;0.5;1;2;1;1;0.0383167115201444;0.000967944623140145;0.000261448808829385;0.0152761802384049;0.0328979497430094;0.333333333333333;2
"3-Multi";69;"Sphaerophoria_scripta";8.56410256410256;4.56410256410256;4;18;9;9;0.148651000331959;0.00793526008859877;0.0122500109001028;0.0173394602439548;0.0562046242160034;0.666666666666667;4
"Aggr";1;"A2 CHFU";1.58823529411765;0.588235294117647;1;4;2;2;0.0666232601093562;1;0.755281105341646;0;0.512388023117563;0;4
"Aggr";2;"A3 CHFU";1.02941176470588;0.0294117647058824;1;2;1;1;0.0220616120071349;1;1;0;0.613765696472579;0;2
"Aggr";3;"A3 LEMA";1.27;0.27;1;4;2;2;0.0330995288121513;1;0.047507082917299;0;0.10017745793448;0;4
"Aggr";4;"A4 CHFU";1.02941176470588;0.0294117647058824;1;2;1;1;0.022061612005394;1;0.999999999999999;0;0.613765696472579;0;2
"Aggr";5;"A5 LEMA";1.18666666666667;0.186666666666667;1;4;2;2;0.0658569181164859;1;0.695951033741628;0;0.45284389479975;0;4
"Aggr";6;"A6 CHFU";1.02941176470588;0.0294117647058824;1;2;1;1;0.0220616120066696;1;1;0;0.613765696472579;0;2
"Aggr";7;"B1 CHFU";2.36274509803922;1.36274509803922;1;6;3;3;0.118502183649582;1;0.347647438615538;0;0.32323273259979;0;4
"Aggr";8;"B2 CHFU";1.02941176470588;0.0294117647058824;1;2;1;1;0.022061612004222;1;1;0;0.613765696472579;0;2
"Aggr";9;"B2 LEMA";1.02;0.02;1;2;1;1;0.0186346958929608;1;0.0878531012248853;0;0.131000291454092;0;2
"Aggr";10;"B3 CHFU";2;1;1;2;1;1;0.0915218578117956;1;0;0;1.54811278523817e-05;0;2
"Aggr";11;"B4 LEMA";1.20285714285714;0.202857142857143;1;4;2;2;0.0364175250344885;1;0.0711709312603104;0;0.150313969353699;0;4
"Aggr";12;"B5 LEMA";2.97666666666667;1.97666666666667;1;8;4;4;0.142144318087229;1;0.254100745972428;0;0.212054086012537;0;4
"Aggr";13;"B6 LEMA";1.08;0.08;1;2;1;1;0.0333539475586538;1;0.0878531012248855;0;0.131000291454092;0;2
"Aggr";14;"C1 CHFU";1.33333333333333;0.333333333333333;1;2;1;1;0.0352929453195254;1;0.0117219008204663;0;0.0927235017036952;0;2
"Aggr";15;"C3 CHFU";1.66666666666667;0.666666666666667;1;4;2;2;0.0487455026363491;1;0.0106730759139108;0;0.136080870264475;0;4
"Aggr";16;"C3 LEMA";1.16666666666667;0.166666666666667;1;2;1;1;0.0609505008943354;1;1;0;0.613765696472579;0;2
"Aggr";17;"C4 LEMA";1.20285714285714;0.202857142857143;1;4;2;2;0.0364175250329576;1;0.0711709312603105;0;0.150313969353699;0;4
"Aggr";18;"C5 CHFU";1.33333333333333;0.333333333333333;1;2;1;1;0.0271808359912926;1;0.00962425100735521;0;0.179438238825255;0;2
"Aggr";19;"C5 LEMA";3.24;2.24;1;8;4;4;0.0808465626807561;1;0.036066061818615;0;0.0704915508686626;0;4
"Aggr";20;"C6 CHFU";2.02941176470588;1.02941176470588;1;4;2;2;0.0528072780894915;1;0.508392119845194;0;0.378103690177026;0;2
"Aggr";21;"D2 CHFU";2;1;1;2;1;1;0.0915218578113737;1;0;0;1.54811278523817e-05;0;2
"Aggr";22;"D2 LEMA";1.20285714285714;0.202857142857143;1;4;2;2;0.0364175250328745;1;0.0711709312603105;0;0.150313969353699;0;4
"Aggr";23;"D3 CHFU";1.5;0.5;1;2;1;1;0.0416232601059447;1;0.0211244213665859;0;0.208255003052519;0;2
"Aggr";24;"D3 LEMA";1.06;0.06;1;2;1;1;0.0284475303359577;1;0.0878531012248855;0;0.131000291454092;0;2
"Aggr";25;"D4 CHFU";1.45098039215686;0.450980392156863;1;4;2;2;0.0686262786489086;1;0.802344380164094;0;0.509557257518802;0;4
"Aggr";26;"D5 LEMA";1.08333333333333;0.0833333333333333;1;2;1;1;0.0373393897829776;1;1;0;0.613765696472579;0;2
"Aggr";27;"D5 ME";2.4;1.4;1;4;2;2;0.326527850410036;1;0.0528115300121104;0;0.199773938152067;0;4
"Aggr";28;"D6 LEMA";1.02;0.02;1;2;1;1;0.0186346958930959;1;0.0878531012248854;0;0.131000291454092;0;2
"Aggr";29;"D6 ME";2;1;1;2;1;1;0.297061612008667;1;1;0;0.613765696472579;0;2
"Aggr";30;"E1 CHFU";1.45098039215686;0.450980392156863;1;4;2;2;0.103293870860863;1;0.807058148881145;0;0.537844709478274;0;4
"Aggr";31;"E1 LEMA";1.04;0.04;1;2;1;1;0.023541113113898;1;0.0878531012248855;0;0.131000291454092;0;2
"Aggr";32;"E2 LEMA";1.36285714285714;0.362857142857143;1;6;3;3;0.0372074097906244;1;0.0375496903066165;0;0.125528231054785;0;4
"Aggr";33;"E3 CHFU";2.02941176470588;1.02941176470588;1;4;2;2;0.0518089928796642;1;0.509872097992847;0;0.437740743328614;0;4
"Aggr";34;"E3 LEMA";3.6752380952381;2.6752380952381;1;10;5;5;0.174591206696428;1;0.191049423689518;0;0.25699101363833;0;4
"Aggr";35;"E3 ME";1.2;0.2;1;2;1;1;0.0474676339843814;1;0.0352907444057235;0;0.234160761501055;0;2
"Aggr";36;"E4 CHFU";1.69607843137255;0.696078431372549;1;6;3;3;0.0917464281794948;1;0.348304998471026;0;0.342454898932963;0;4
"Aggr";37;"E4 LEMA";2;1;1;2;1;1;0.0915218578117014;1;0;0;1.54811278523817e-05;0;2
"Aggr";38;"E5 CHFU";2;1;1;2;1;1;0.0915218578119052;1;0;0;1.54811278523817e-05;0;2
"Aggr";39;"E5 LEMA";1.1;0.1;1;2;1;1;0.0382603647799687;1;0.0878531012248855;0;0.131000291454092;0;2
"Aggr";40;"E6 LEMA";2.02;1.02;1;4;2;2;0.0474422430664298;1;0.0446638243666939;0;0.0807059821015709;0;2
"Aggr";41;"E6 ME";1.2;0.2;1;2;1;1;0.0474676339869841;1;0.0352907444057233;0;0.234160761501055;0;2
"Aggr";42;"F1 CHFU";1.14705882352941;0.147058823529412;1;2;1;1;0.0553949453363083;1;1;0;0.613765696472579;0;2
"Aggr";43;"F1 LEMA";1.25;0.25;1;2;1;1;0.0845616120046812;1;1;0;0.613765696472579;0;2
"Aggr";44;"F2 LEMA";1.1;0.1;1;2;1;1;0.0382603647812336;1;0.0878531012248854;0;0.131000291454092;0;2
"Aggr";45;"F4 CHFU";1.08823529411765;0.0882352941176471;1;2;1;1;0.0387282786712188;1;1;0;0.613765696472579;0;2
"Aggr";46;"F4 ME";1.2;0.2;1;2;1;1;0.047467633987912;1;0.0352907444057232;0;0.234160761501055;0;2
"Aggr";47;"F5 CHFU";1.05882352941176;0.0588235294117647;1;2;1;1;0.030394945337899;1;0.999999999999999;0;0.613765696472579;0;2
"Aggr";48;"F5 LEMA";1.28;0.28;1;4;2;2;0.0439566667608526;1;0.0710167906455841;0;0.112266112894822;0;4
"Aggr";49;"F6 CHFU";1.14705882352941;0.147058823529412;1;2;1;1;0.0553949453400861;1;1;0;0.613765696472579;0;2
"Aggr";50;"F6 LEMA";1.46;0.46;1;4;2;2;0.0496529687435565;1;0.0541804800662823;0;0.0935319343355521;0;4
"Aggr";51;"Andrena_cinerea";2;1;1;2;1;1;0.0915218578119075;1;0;0;1.54811278523817e-05;0;2
"Aggr";52;"Anthaxia_semicuprea";1.5;0.5;1;2;1;1;0.0338912319735865;1;0;0.00147454750850232;0.049540060173086;0;2
"Aggr";53;"Bruchidae";2;1;1;2;1;1;0.0915218578116324;1;0;0;1.54811278523817e-05;0;2
"Aggr";54;"Dilophus_sp.";20.0594017094017;17.0594017094017;3;44;22;22;1;1;0;1;1;0;4
"Aggr";55;"Diptera";1.33333333333333;0.333333333333333;1;2;1;1;0.0473038973883928;1;0;0.0076515714408913;0.198393209932867;0;2
"Aggr";56;"Episyrphus_balteatus";2.7;1.7;1;6;3;3;0.0761105881853912;1;0;0.0117219008204662;0.151064854363596;0;4
"Aggr";57;"Eucera_sp.";2;1;1;2;1;1;0.0915218578116671;1;0;0;1.54811278523817e-05;0;2
"Aggr";58;"Eupeodes_corollae";3.91025641025641;1.91025641025641;2;8;4;4;0.0949592280957185;1;0;0.00962425100735514;0.292349358240997;0;4
"Aggr";59;"Lagorina_sericea";1.2;0.2;1;2;1;1;0.0274721943235738;1;0;0.000476279157463148;0.0432708537498784;0;2
"Aggr";60;"Lomatia_sp.";2;1;1;2;1;1;0.0915218578112901;1;0;0;1.54811278523817e-05;0;2
"Aggr";61;"Malachius_bipustulatus";1.11111111111111;0.111111111111111;1;2;1;1;0.027153019818159;1;0;0.00186421624806115;0.130156235262876;0;2
"Aggr";62;"Melanostoma_sp.";1.2;0.2;1;2;1;1;0.0274721943257276;1;0;0.000476279157463171;0.0432708537498784;0;2
"Aggr";63;"Meligethes_sp.";2.13333333333333;1.13333333333333;1;8;4;4;0.0623689364800933;1;0;0.00367154832837767;0.0608111255699561;0;4
"Aggr";64;"Melyridae";2.73076923076923;0.730769230769231;2;4;2;2;0.0699938373578925;1;0;0.019744195985694;0.426404346008112;0;4
"Aggr";65;"Mordellidae";1.83333333333333;0.833333333333333;1;4;2;2;0.0680698018689169;1;0;0.00716106460971231;0.112989893364805;0;4
"Aggr";66;"Musca_sp.";6.53333333333333;4.53333333333333;2;14;7;7;0.396933591965579;1;0;0.0352907444057231;0.381508879722704;0;4
"Aggr";67;"Psilothrix_viridicoerulea";15.6910256410256;13.6910256410256;2;40;20;20;0.577225555535064;1;0;0.0878531012248824;0.213429308543089;0;4
"Aggr";68;"Scaeva_sp.";1.5;0.5;1;2;1;1;0.0361713718649518;1;0;0.0167842396903876;0.232070793329042;0;2
"Aggr";69;"Sphaerophoria_scripta";4.56410256410256;2.56410256410256;2;14;7;7;0.13127050087582;1;0;0.0211244213665855;0.339300572905855;0;4
