"Layer";"Node";"Label";"Strength";"StrengthIn";"StrengthOut";"Degree";"DegreeIn";"DegreeOut";"PageRank";"Eigenvector";"Hub";"Authority";"Katz";"Multiplexity";"Kcore"
"1-Multi";1;"A1 CHFU";1.01754385964912;0.0175438596491228;1;2;1;1;0.0253151259745374;0.000846301180173297;0.133916125340789;0.000268605005282738;0.0482444996597647;0.2;2
"1-Multi";2;"A4 LEMA";1.16993464052288;0.169934640522876;1;4;2;2;0.0354959321465479;5.70814611853677e-05;0.00032553856379374;5.7928020611383e-06;0.000203281743918763;0.2;4
"1-Multi";3;"A5 CHFU";1.45614035087719;0.456140350877193;1;4;2;2;0.0341332346775689;0.0059519301901511;0.117331229615897;0.00189161586229023;0.0424132470681626;0.2;4
"1-Multi";4;"A5 LEMA";2.05555555555556;1.05555555555556;1;4;2;2;0.0370192947659693;3.07461441563638e-05;0.000149714459615161;0.000129416877426188;0.000392364462571445;0.2;2
"1-Multi";5;"A5 ME";1.5;0.5;1;2;1;1;0.0365517600157088;9.61819497002176e-07;4.56173552021583e-07;6.35964237276435e-07;1.13906522334183e-05;0.2;2
"1-Multi";6;"A6 LEMA";1.1;0.1;1;2;1;1;0.0277157821676222;0.00474956298699465;0.0293747171054526;0.00299471352099531;0.0475058548730873;0.2;2
"1-Multi";7;"A6 PUPA";1.1;0.1;1;2;1;1;0.0342380826850781;5.77235240394635e-05;4.40132746080364e-05;1.07554596709072e-05;6.64958091403859e-05;0.2;2
"1-Multi";8;"B1 CHFU";1.01754385964912;0.0175438596491228;1;2;1;1;0.0253151259739738;0.000846301180232181;0.133916125340789;0.000268605005282755;0.0482444996597647;0.2;2
"1-Multi";9;"B2 CHFU";2.05263157894737;1.05263157894737;1;4;2;2;0.0339223903855294;0.00257837170655093;0.100657991005284;0.000835478530860577;0.036746155300478;0.2;2
"1-Multi";10;"B3 CHFU";1.03508771929825;0.0350877192982456;1;2;1;1;0.0262020342119565;0.00169260236047104;0.133916125340789;0.000537210010565508;0.0482444996597647;0.2;2
"1-Multi";11;"B3 LEMA";1.13025210084034;0.130252100840336;1;4;2;2;0.0283390099863263;2.74194183520725e-05;0.000271257818187104;1.06220675331241e-05;0.000373199178291741;0.2;4
"1-Multi";12;"B3 ME";1.25;0.25;1;2;1;1;0.030489988877187;4.80909770006162e-07;4.56173552041328e-07;3.17982118645157e-07;1.13906522334183e-05;0.2;2
"1-Multi";13;"B4 CHFU";1.01754385964912;0.0175438596491228;1;2;1;1;0.0253151259753904;0.000846301180245374;0.133916125340789;0.000268605005282759;0.0482444996597647;0.2;2
"1-Multi";14;"B4 LEMA";1.28571428571429;0.285714285714286;1;2;1;1;0.0314303730548872;4.4623953760024e-05;0.000145211259937724;3.79456099712878e-05;0.000569853949993203;0.2;2
"1-Multi";15;"B4 PUPA";1.26666666666667;0.266666666666667;1;4;2;2;0.0447972775263557;0.000151844347949603;4.22526796607499e-05;4.04990531699316e-05;8.46937170702729e-05;0.2;4
"1-Multi";16;"B5 CHFU";1.03508771929825;0.0350877192982456;1;2;1;1;0.0262020342127788;0.00169260236043591;0.133916125340789;0.000537210010565498;0.0482444996597647;0.2;2
"1-Multi";17;"B5 LEMA";1.35396825396825;0.353968253968254;1;6;3;3;0.0401243208152846;0.00481269299516649;0.00604889018805456;0.00301834346300179;0.00981577271964794;0.2;4
"1-Multi";18;"B5 ME";1.25;0.25;1;2;1;1;0.0304899888749898;4.80909738391262e-07;4.5617355202869e-07;3.17982118636868e-07;1.13906522334183e-05;0.2;2
"1-Multi";19;"B5 PUPA";1.225;0.225;1;4;2;2;0.044450167781112;0.000198841584856285;6.26160175408976e-05;4.41852729123278e-05;0.000108191362355747;0.2;4
"1-Multi";20;"B6 CHFU";1.33771929824561;0.337719298245614;1;4;2;2;0.0325783602288575;0.0042593177742803;0.11205249542431;0.00134885066295847;0.0404694006925131;0.2;4
"1-Multi";21;"B6 LEMA";1.22875816993464;0.228758169934641;1;4;2;2;0.03765618556545;7.33448911117066e-05;0.000343480016954417;6.92846710144134e-06;0.000196597409586642;0.2;4
"1-Multi";22;"C1 LEMA";2.31111111111111;1.31111111111111;1;6;3;3;0.0491565887310689;0.00978280034591274;0.00995119219708836;0.00644623036579099;0.0164772912875456;0.2;4
"1-Multi";23;"C2 CHFU";2.53508771929825;1.53508771929825;1;6;3;3;0.0470027809853182;0.00185605774610982;0.0541970116883665;0.000616837338888736;0.0203049093630436;0.2;4
"1-Multi";24;"C2 LEMA";2.27320261437908;1.27320261437909;1;8;4;4;0.0442067966614656;0.00485825992185311;0.00610006319415004;0.00310449478895896;0.00972842963479402;0.2;4
"1-Multi";25;"C2 PUPA";2.51666666666667;1.51666666666667;1;8;4;4;0.0924326289000612;0.0471679009076282;0.00530564726949686;0.0314019413054231;0.00944216050954609;0.2;4
"1-Multi";26;"C3 CHFU";1.95175438596491;0.951754385964912;1;6;3;3;0.0369109540713704;0.00177605809089473;0.054608103121359;0.000565797297732217;0.0202543726059361;0.2;4
"1-Multi";27;"C3 LEMA";1.31932773109244;0.319327731092437;1;4;2;2;0.0344100556539812;7.11022666157736e-05;0.000296467129836973;2.23798001065449e-05;0.000333868223951449;0.2;4
"1-Multi";28;"C3 PUPA";2;1;1;2;1;1;0.0521135311718518;1.12176046920368e-12;0;0;8.77470501074688e-06;0.2;2
"1-Multi";29;"C4 LEMA";1.41199813258637;0.411998132586368;1;8;4;4;0.0384299948208766;7.06108680805924e-05;0.000188536820965612;3.19546162197031e-05;0.000353028104483747;0.2;4
"1-Multi";30;"C4 PUPA";1.1;0.1;1;2;1;1;0.0342380826858187;5.77235240188061e-05;4.40132746080324e-05;1.07554596709009e-05;6.64958091403859e-05;0.2;2
"1-Multi";31;"C5 CHFU";1.01754385964912;0.0175438596491228;1;2;1;1;0.0253151259764027;0.000846301180252258;0.133916125340789;0.000268605005282761;0.0482444996597647;0.2;2
"1-Multi";32;"C5 LEMA";1.11111111111111;0.111111111111111;1;2;1;1;0.0333356787275034;4.08180312912644e-05;0.00028965565747237;4.65713702084413e-06;0.000216650412583005;0.2;2
"1-Multi";33;"C6 CHFU";1.05263157894737;0.0526315789473684;1;2;1;1;0.027088942448174;0.0025389035406294;0.133916125340789;0.000805815015848238;0.0482444996597647;0.2;2
"1-Multi";34;"C6 LEMA";1.08333333333333;0.0833333333333333;1;2;1;1;0.0265643944194757;4.70457231171777e-07;8.62711207176256e-06;3.11751905273505e-08;1.54119577495892e-05;0.2;2
"1-Multi";35;"D1 CHFU";1.26754385964912;0.267543859649123;1;4;2;2;0.0290307272807413;0.000874113053471675;0.0683252355913533;0.0002744306418275;0.0249192027580099;0.2;4
"1-Multi";36;"D1 CHMI";1.4;0.4;1;2;1;1;0.0380089191581398;2.13854031997374e-05;1.42519764325899e-05;1.37188237204062e-05;0.000135725927584429;0.2;2
"1-Multi";37;"D1 LEMA";1.05555555555556;0.0555555555555556;1;2;1;1;0.0288819482320367;2.04090156040419e-05;0.000289655657472332;2.32856851041247e-06;0.000216650412583005;0.2;2
"1-Multi";38;"D2 CHFU";1.53508771929825;0.535087719298246;1;4;2;2;0.0307650151533449;0.00176072375597549;0.0897949956676732;0.000569454137491426;0.0328889564068186;0.2;4
"1-Multi";39;"D2 LEMA";1.15882352941176;0.158823529411765;1;4;2;2;0.0298760355881173;0.00476582641690734;0.0148860107409445;0.00299584918603561;0.0238411996398388;0.2;4
"1-Multi";40;"D2 ME";2;1;1;2;1;1;0.0541079202173484;0.0485445435812952;0.0272000254771252;0.0311587594816164;0.0485522932499921;0.2;2
"1-Multi";41;"D2 PUPA";1.25;0.25;1;2;1;1;0.0448523879283026;0.000282236121656238;8.12187604737618e-05;6.68596264828525e-05;0.000149886915571107;0.2;2
"1-Multi";42;"D3 CHFU";1.01754385964912;0.0175438596491228;1;2;1;1;0.0253151259766759;0.000846301180258523;0.133916125340789;0.000268605005282763;0.0482444996597647;0.2;2
"1-Multi";43;"D3 CHMI";2;1;1;2;1;1;0.0541079202230778;0.0485445435797461;0.0272000254771252;0.0311587594816164;0.0485522932499921;0.2;2
"1-Multi";44;"D3 LEMA";1.05555555555556;0.0555555555555556;1;2;1;1;0.028881948232742;2.04090156553161e-05;0.000289655657472365;2.32856851042699e-06;0.000216650412583005;0.2;2
"1-Multi";45;"D3 PUPA";1.125;0.125;1;2;1;1;0.0346403028328576;0.000141118060784532;8.121876047374e-05;3.34298132414157e-05;0.000149886915571107;0.2;2
"1-Multi";46;"D4 CHFU";1.01754385964912;0.0175438596491228;1;2;1;1;0.0253151259737479;0.000846301180179601;0.133916125340789;0.000268605005282741;0.0482444996597647;0.2;2
"1-Multi";47;"D4 LEMA";2.1;1.1;1;4;2;2;0.038839646585901;0.00488987273628699;0.0148128244713448;0.00309973357890587;0.0244588705096759;0.2;2
"1-Multi";48;"D5 CHFU";1.01754385964912;0.0175438596491228;1;2;1;1;0.0253151259751473;0.000846301180250036;0.133916125340789;0.00026860500528276;0.0482444996597647;0.2;2
"1-Multi";49;"D5 LEMA";1.55555555555556;0.555555555555556;1;6;3;3;0.0418129884446169;7.2126750760638e-05;0.000110775499684115;1.57793946733646e-05;0.000154651678034307;0.2;4
"1-Multi";50;"D5 PUPA";1.25;0.25;1;2;1;1;0.0448523879277973;0.000282236121659529;8.12187604737635e-05;6.68596264828534e-05;0.000149886915571107;0.2;2
"1-Multi";51;"D6 CHFU";1.05263157894737;0.0526315789473684;1;2;1;1;0.0270889424495406;0.00253890354067311;0.133916125340789;0.00080581501584825;0.0482444996597647;0.2;2
"1-Multi";52;"D6 LEMA";1.6;0.6;1;4;2;2;0.0407608025005673;0.00485017571363603;0.00995046603830608;0.00302142812217799;0.0161755330272556;0.2;4
"1-Multi";53;"E1 CHFU";1.01754385964912;0.0175438596491228;1;2;1;1;0.0253151259742256;0.00084630118019392;0.133916125340789;0.000268605005282744;0.0482444996597647;0.2;2
"1-Multi";54;"E1 LEMA";1.11764705882353;0.117647058823529;1;2;1;1;0.0287487245767463;3.25268598405055e-05;0.000397304376436487;2.27133008060757e-06;0.00017654440659028;0.2;2
"1-Multi";55;"E2 CHFU";2.05263157894737;1.05263157894737;1;4;2;2;0.0338207316553984;0.00257585932381151;0.100650223053313;0.000834073725416395;0.0367121400992467;0.2;2
"1-Multi";56;"E2 LEMA";1.17647058823529;0.176470588235294;1;2;1;1;0.0309089779954516;4.87902897240425e-05;0.000397304376436472;3.4069951208996e-06;0.00017654440659028;0.2;2
"1-Multi";57;"E2 ME";2;1;1;2;1;1;0.0346581435543473;9.634516438591e-05;0.000130464621296854;0.000250385906613786;0.000992480090629128;0.2;2
"1-Multi";58;"E3 CHFU";1.03508771929825;0.0350877192982456;1;2;1;1;0.0262020342127596;0.00169260236046783;0.133916125340789;0.000537210010565507;0.0482444996597647;0.2;2
"1-Multi";59;"E3 LEMA";1.30555555555556;0.305555555555556;1;4;2;2;0.0354044583983821;7.07153789363501e-05;0.000263998081102584;1.5685869101759e-05;0.000363511258461385;0.2;4
"1-Multi";60;"E3 PUPA";2;1;1;2;1;1;0.0430083220126768;6.39213444509737e-05;4.55037223595508e-05;0.000135869491226034;0.000512525926504605;0.2;2
"1-Multi";61;"E4 CHFU";1.03508771929825;0.0350877192982456;1;2;1;1;0.0262020342137267;0.00169260236046843;0.133916125340789;0.000537210010565507;0.0482444996597647;0.2;2
"1-Multi";62;"E4 LEMA";1.13888888888889;0.138888888888889;1;4;2;2;0.0310181249147961;2.08794729196977e-05;0.000149141384772081;2.35974370095928e-06;0.000116031185166297;0.2;4
"1-Multi";63;"E4 PUPA";1.46666666666667;0.466666666666667;1;4;2;2;0.0644170074211875;0.000267291395975798;4.31329771343796e-05;6.20099725117226e-05;7.55947631053294e-05;0.2;4
"1-Multi";64;"E5 CHFU";1.01754385964912;0.0175438596491228;1;2;1;1;0.0253151259741043;0.000846301180200969;0.133916125340789;0.000268605005282746;0.0482444996597647;0.2;2
"1-Multi";65;"E6 CHFU";2;1;1;2;1;1;0.0464179865732695;1.92363133083795e-06;4.15668726271587e-07;1.30562850062354e-06;1.13906522334183e-05;0.2;2
"1-Multi";66;"E6 LEMA";1.55882352941176;0.558823529411765;1;4;2;2;0.0394055312526366;1.90861734964413e-05;6.4152435552455e-05;1.32271618349531e-06;3.8430879012545e-05;0.2;4
"1-Multi";67;"E6 PUPA";1.1;0.1;1;2;1;1;0.0342380826836476;5.77235239915561e-05;4.40132746080211e-05;1.07554596708937e-05;6.64958091403859e-05;0.2;2
"1-Multi";68;"F1 CHFU";1.03508771929825;0.0350877192982456;1;2;1;1;0.0262020342116786;0.00169260236039783;0.133916125340789;0.000537210010565487;0.0482444996597647;0.2;2
"1-Multi";69;"F2 CHFU";2.28508771929825;1.28508771929825;1;6;3;3;0.0372729886445102;0.00174545624722341;0.0677851857435992;0.000562079083053989;0.024879735853677;0.2;4
"1-Multi";70;"F2 LEMA";1.2;0.2;1;2;1;1;0.031003346598632;0.00949912597401621;0.0293747171054526;0.00598942704199062;0.0475058548730873;0.2;2
"1-Multi";71;"F3 CHFU";1.01754385964912;0.0175438596491228;1;2;1;1;0.0253151259746576;0.000846301180216728;0.133916125340789;0.000268605005282751;0.0482444996597647;0.2;2
"1-Multi";72;"F3 LEMA";2.57142857142857;1.57142857142857;1;6;3;3;0.0436946127881564;1.16544044058824e-05;4.91891650017455e-05;9.99129831744405e-06;0.00020415675511197;0.2;4
"1-Multi";73;"F3 PUPA";1.26666666666667;0.266666666666667;1;4;2;2;0.044797277525613;0.000151844347930988;4.22526796607393e-05;4.0499053169926e-05;8.46937170702729e-05;0.2;4
"1-Multi";74;"F4 CHFU";1.05263157894737;0.0526315789473684;1;2;1;1;0.02708894244837;0.00253890354068589;0.133916125340789;0.000805815015848254;0.0482444996597647;0.2;2
"1-Multi";75;"F4 CHMI";2.4;1.4;1;4;2;2;0.0606422324442533;8.93266761165745e-05;1.11132203604057e-05;7.13083229912164e-05;0.000108759694259847;0.2;2
"1-Multi";76;"F4 LEMA";1.57142857142857;0.571428571428571;1;4;2;2;0.0337251998056968;1.14314649589247e-05;7.35059898165552e-05;9.65278963560611e-06;0.000296241610106996;0.2;4
"1-Multi";77;"F4 PUPA";1.16666666666667;0.166666666666667;1;2;1;1;0.0349874125794783;9.41208239255573e-05;4.04920847134738e-05;2.97435934990329e-05;0.00010289162500016;0.2;2
"1-Multi";78;"F5 CHFU";1.01754385964912;0.0175438596491228;1;2;1;1;0.0253151259742275;0.000846301180177641;0.133916125340789;0.000268605005282739;0.0482444996597647;0.2;2
"1-Multi";79;"F5 CHMI";1.2;0.2;1;2;1;1;0.0312185684486469;1.06927016292992e-05;1.42519764326163e-05;6.85941186021246e-06;0.000135725927584429;0.2;2
"1-Multi";80;"F6 PUPA";1.16666666666667;0.166666666666667;1;2;1;1;0.0349874125799599;9.41208239909316e-05;4.04920847135053e-05;2.97435934990508e-05;0.00010289162500016;0.2;2
"1-Multi";81;"Andrena_cinerea";20.0333333333333;11.0333333333333;9;30;15;15;0.219155100179973;0.0013167565309171;0.00227596284303862;0.00406091659227103;0.0103827619936431;0.6;4
"1-Multi";82;"Bombyliidae";6.45;5.45;1;16;8;8;0.134952750001536;0.00240958744383158;0.000774499977982528;0.000180402836786694;0.000249725758573499;0.2;4
"1-Multi";83;"Coleoptera";1.33333333333333;0.333333333333333;1;2;1;1;0.0312712953392275;9.30633780639842e-07;2.43759890019201e-06;2.27696189137663e-06;5.55795124278599e-05;0.2;2
"1-Multi";84;"Colias_croceus";2;1;1;2;1;1;0.0521135311735707;0;0;0;8.77470501074688e-06;0.2;2
"1-Multi";85;"Curculionidae";1.83333333333333;0.833333333333333;1;4;2;2;0.0372989112249967;2.2998801165547e-06;2.3963055484905e-06;7.38084008064077e-06;6.66092203816919e-05;0.2;4
"1-Multi";86;"Dilophus_sp.";75.9416666666667;50.9416666666667;25;118;59;59;1;1;1;1;1;1;4
"1-Multi";87;"Diptera";1.25;0.25;1;2;1;1;0.0274623262008221;0.000154266737991215;0.000203490790798739;0.00349431712618098;0.00880126074938964;0.2;2
"1-Multi";88;"Empididae";2.11666666666667;1.11666666666667;1;8;4;4;0.0370277568092225;0.000464387044114566;0.000167801489241755;0.0112076129538495;0.00662574828316075;0.2;4
"1-Multi";89;"Eucera_sp.";4.9;3.9;1;10;5;5;0.115656316307459;0.00471262024258829;0.00192582300797482;0.000332901719316797;0.000597833703756208;0.2;4
"1-Multi";90;"Eupeodes_corollae";6.75;2.75;4;8;4;4;0.0498823293894865;0.000207905233114236;0.00112876890338397;0.00366173403614251;0.0117045117838762;0.4;2
"1-Multi";91;"Lasiocampa_trifolii";4.45;3.45;1;12;6;6;0.0940780672000401;0.00235736496665206;0.0012851005841692;0.000165970085497497;0.000401656500525217;0.2;4
"1-Multi";92;"Malachius_bipustulatus";1.2;0.2;1;2;1;1;0.0286211355562172;0.000232766718245891;0.000757410382781735;0.000169422816112896;0.00233716964668328;0.2;2
"1-Multi";93;"Melanostoma_sp.";1.5;0.5;1;2;1;1;0.0326294735042383;0.000585703344891436;0.000756248779952937;0.0010285264089264;0.00586592496458902;0.2;2
"1-Multi";94;"Mordellidae";10.0333333333333;6.03333333333333;4;16;8;8;0.155931740545103;0.00106316333378931;0.000631716261397481;0.0010353331025489;0.00263310897991938;0.4;4
"1-Multi";95;"Musca_sp.";16.8666666666667;7.86666666666667;9;20;10;10;0.110718353596987;0.00198467544928736;0.00552330872162634;0.00767466486699763;0.020269831092248;0.6;4
"1-Multi";96;"Odontomyia_sp.";22.1238095238095;13.1238095238095;9;30;15;15;0.263433546792809;3.96261843839749e-05;2.12548798755351e-05;3.89345788631208e-05;5.93614382891658e-05;0.6;4
"1-Multi";97;"Psilothrix_viridicoerulea";11.4761904761905;7.47619047619048;4;26;13;13;0.154321922236253;0.0014377311503329;0.000553726210386583;0.00164830298820326;0.000901874555725726;0.4;4
"1-Multi";98;"Scaeva_sp.";1.25;0.25;1;2;1;1;0.0281959308112502;0.000104534373769197;0.000137131663085287;0.00235332747667887;0.00596674549218764;0.2;2
"1-Multi";99;"Sphaerophoria_scripta";7.96666666666667;6.96666666666667;1;26;13;13;0.113856867036589;0.00153350224139919;0.000301824130945442;0.00118724868269287;0.000876531334148381;0.2;4
"1-Multi";100;"Ulidiidae";1.525;0.525;1;4;2;2;0.0318837245746243;0.00034841620116069;0.000245859755579921;0.00507008424825253;0.00662814051022118;0.2;4
"2-Multi";1;"A1 CHFU";1.01754385964912;0.0175438596491228;1;2;1;1;0.0253151259745374;0.000846301180173297;0.133916125340789;0.000268605005282738;0.0482444996597647;0.2;2
"2-Multi";2;"A4 LEMA";1.16993464052288;0.169934640522876;1;4;2;2;0.0354959321465479;5.70814611853677e-05;0.00032553856379374;5.7928020611383e-06;0.000203281743918763;0.2;4
"2-Multi";3;"A5 CHFU";1.45614035087719;0.456140350877193;1;4;2;2;0.0341332346775689;0.0059519301901511;0.117331229615897;0.00189161586229023;0.0424132470681626;0.2;4
"2-Multi";4;"A5 LEMA";2.05555555555556;1.05555555555556;1;4;2;2;0.0370192947659693;3.07461441563638e-05;0.000149714459615161;0.000129416877426188;0.000392364462571445;0.2;2
"2-Multi";5;"A5 ME";1.5;0.5;1;2;1;1;0.0365517600157088;9.61819497002176e-07;4.56173552021583e-07;6.35964237276435e-07;1.13906522334183e-05;0.2;2
"2-Multi";6;"A6 LEMA";1.1;0.1;1;2;1;1;0.0277157821676222;0.00474956298699465;0.0293747171054526;0.00299471352099531;0.0475058548730873;0.2;2
"2-Multi";7;"A6 PUPA";1.1;0.1;1;2;1;1;0.0342380826850781;5.77235240394635e-05;4.40132746080364e-05;1.07554596709072e-05;6.64958091403859e-05;0.2;2
"2-Multi";8;"B1 CHFU";1.01754385964912;0.0175438596491228;1;2;1;1;0.0253151259739738;0.000846301180232181;0.133916125340789;0.000268605005282755;0.0482444996597647;0.2;2
"2-Multi";9;"B2 CHFU";2.05263157894737;1.05263157894737;1;4;2;2;0.0339223903855294;0.00257837170655093;0.100657991005284;0.000835478530860577;0.036746155300478;0.2;2
"2-Multi";10;"B3 CHFU";1.03508771929825;0.0350877192982456;1;2;1;1;0.0262020342119565;0.00169260236047104;0.133916125340789;0.000537210010565508;0.0482444996597647;0.2;2
"2-Multi";11;"B3 LEMA";1.13025210084034;0.130252100840336;1;4;2;2;0.0283390099863263;2.74194183520725e-05;0.000271257818187104;1.06220675331241e-05;0.000373199178291741;0.2;4
"2-Multi";12;"B3 ME";1.25;0.25;1;2;1;1;0.030489988877187;4.80909770006162e-07;4.56173552041328e-07;3.17982118645157e-07;1.13906522334183e-05;0.2;2
"2-Multi";13;"B4 CHFU";1.01754385964912;0.0175438596491228;1;2;1;1;0.0253151259753904;0.000846301180245374;0.133916125340789;0.000268605005282759;0.0482444996597647;0.2;2
"2-Multi";14;"B4 LEMA";1.28571428571429;0.285714285714286;1;2;1;1;0.0314303730548872;4.4623953760024e-05;0.000145211259937724;3.79456099712878e-05;0.000569853949993203;0.2;2
"2-Multi";15;"B4 PUPA";1.26666666666667;0.266666666666667;1;4;2;2;0.0447972775263557;0.000151844347949603;4.22526796607499e-05;4.04990531699316e-05;8.46937170702729e-05;0.2;4
"2-Multi";16;"B5 CHFU";1.03508771929825;0.0350877192982456;1;2;1;1;0.0262020342127788;0.00169260236043591;0.133916125340789;0.000537210010565498;0.0482444996597647;0.2;2
"2-Multi";17;"B5 LEMA";1.35396825396825;0.353968253968254;1;6;3;3;0.0401243208152846;0.00481269299516649;0.00604889018805456;0.00301834346300179;0.00981577271964794;0.2;4
"2-Multi";18;"B5 ME";1.25;0.25;1;2;1;1;0.0304899888749898;4.80909738391262e-07;4.5617355202869e-07;3.17982118636868e-07;1.13906522334183e-05;0.2;2
"2-Multi";19;"B5 PUPA";1.225;0.225;1;4;2;2;0.044450167781112;0.000198841584856285;6.26160175408976e-05;4.41852729123278e-05;0.000108191362355747;0.2;4
"2-Multi";20;"B6 CHFU";1.33771929824561;0.337719298245614;1;4;2;2;0.0325783602288575;0.0042593177742803;0.11205249542431;0.00134885066295847;0.0404694006925131;0.2;4
"2-Multi";21;"B6 LEMA";1.22875816993464;0.228758169934641;1;4;2;2;0.03765618556545;7.33448911117066e-05;0.000343480016954417;6.92846710144134e-06;0.000196597409586642;0.2;4
"2-Multi";22;"C1 LEMA";2.31111111111111;1.31111111111111;1;6;3;3;0.0491565887310689;0.00978280034591274;0.00995119219708836;0.00644623036579099;0.0164772912875456;0.2;4
"2-Multi";23;"C2 CHFU";2.53508771929825;1.53508771929825;1;6;3;3;0.0470027809853182;0.00185605774610982;0.0541970116883665;0.000616837338888736;0.0203049093630436;0.2;4
"2-Multi";24;"C2 LEMA";2.27320261437908;1.27320261437909;1;8;4;4;0.0442067966614656;0.00485825992185311;0.00610006319415004;0.00310449478895896;0.00972842963479402;0.2;4
"2-Multi";25;"C2 PUPA";2.51666666666667;1.51666666666667;1;8;4;4;0.0924326289000612;0.0471679009076282;0.00530564726949686;0.0314019413054231;0.00944216050954609;0.2;4
"2-Multi";26;"C3 CHFU";1.95175438596491;0.951754385964912;1;6;3;3;0.0369109540713704;0.00177605809089473;0.054608103121359;0.000565797297732217;0.0202543726059361;0.2;4
"2-Multi";27;"C3 LEMA";1.31932773109244;0.319327731092437;1;4;2;2;0.0344100556539812;7.11022666157736e-05;0.000296467129836973;2.23798001065449e-05;0.000333868223951449;0.2;4
"2-Multi";28;"C3 PUPA";2;1;1;2;1;1;0.0521135311718518;1.12176046920368e-12;0;0;8.77470501074688e-06;0.2;2
"2-Multi";29;"C4 LEMA";1.41199813258637;0.411998132586368;1;8;4;4;0.0384299948208766;7.06108680805924e-05;0.000188536820965612;3.19546162197031e-05;0.000353028104483747;0.2;4
"2-Multi";30;"C4 PUPA";1.1;0.1;1;2;1;1;0.0342380826858187;5.77235240188061e-05;4.40132746080324e-05;1.07554596709009e-05;6.64958091403859e-05;0.2;2
"2-Multi";31;"C5 CHFU";1.01754385964912;0.0175438596491228;1;2;1;1;0.0253151259764027;0.000846301180252258;0.133916125340789;0.000268605005282761;0.0482444996597647;0.2;2
"2-Multi";32;"C5 LEMA";1.11111111111111;0.111111111111111;1;2;1;1;0.0333356787275034;4.08180312912644e-05;0.00028965565747237;4.65713702084413e-06;0.000216650412583005;0.2;2
"2-Multi";33;"C6 CHFU";1.05263157894737;0.0526315789473684;1;2;1;1;0.027088942448174;0.0025389035406294;0.133916125340789;0.000805815015848238;0.0482444996597647;0.2;2
"2-Multi";34;"C6 LEMA";1.08333333333333;0.0833333333333333;1;2;1;1;0.0265643944194757;4.70457231171777e-07;8.62711207176256e-06;3.11751905273505e-08;1.54119577495892e-05;0.2;2
"2-Multi";35;"D1 CHFU";1.26754385964912;0.267543859649123;1;4;2;2;0.0290307272807413;0.000874113053471675;0.0683252355913533;0.0002744306418275;0.0249192027580099;0.2;4
"2-Multi";36;"D1 CHMI";1.4;0.4;1;2;1;1;0.0380089191581398;2.13854031997374e-05;1.42519764325899e-05;1.37188237204062e-05;0.000135725927584429;0.2;2
"2-Multi";37;"D1 LEMA";1.05555555555556;0.0555555555555556;1;2;1;1;0.0288819482320367;2.04090156040419e-05;0.000289655657472332;2.32856851041247e-06;0.000216650412583005;0.2;2
"2-Multi";38;"D2 CHFU";1.53508771929825;0.535087719298246;1;4;2;2;0.0307650151533449;0.00176072375597549;0.0897949956676732;0.000569454137491426;0.0328889564068186;0.2;4
"2-Multi";39;"D2 LEMA";1.15882352941176;0.158823529411765;1;4;2;2;0.0298760355881173;0.00476582641690734;0.0148860107409445;0.00299584918603561;0.0238411996398388;0.2;4
"2-Multi";40;"D2 ME";2;1;1;2;1;1;0.0541079202173484;0.0485445435812952;0.0272000254771252;0.0311587594816164;0.0485522932499921;0.2;2
"2-Multi";41;"D2 PUPA";1.25;0.25;1;2;1;1;0.0448523879283026;0.000282236121656238;8.12187604737618e-05;6.68596264828525e-05;0.000149886915571107;0.2;2
"2-Multi";42;"D3 CHFU";1.01754385964912;0.0175438596491228;1;2;1;1;0.0253151259766759;0.000846301180258523;0.133916125340789;0.000268605005282763;0.0482444996597647;0.2;2
"2-Multi";43;"D3 CHMI";2;1;1;2;1;1;0.0541079202230778;0.0485445435797461;0.0272000254771252;0.0311587594816164;0.0485522932499921;0.2;2
"2-Multi";44;"D3 LEMA";1.05555555555556;0.0555555555555556;1;2;1;1;0.028881948232742;2.04090156553161e-05;0.000289655657472365;2.32856851042699e-06;0.000216650412583005;0.2;2
"2-Multi";45;"D3 PUPA";1.125;0.125;1;2;1;1;0.0346403028328576;0.000141118060784532;8.121876047374e-05;3.34298132414157e-05;0.000149886915571107;0.2;2
"2-Multi";46;"D4 CHFU";1.01754385964912;0.0175438596491228;1;2;1;1;0.0253151259737479;0.000846301180179601;0.133916125340789;0.000268605005282741;0.0482444996597647;0.2;2
"2-Multi";47;"D4 LEMA";2.1;1.1;1;4;2;2;0.038839646585901;0.00488987273628699;0.0148128244713448;0.00309973357890587;0.0244588705096759;0.2;2
"2-Multi";48;"D5 CHFU";1.01754385964912;0.0175438596491228;1;2;1;1;0.0253151259751473;0.000846301180250036;0.133916125340789;0.00026860500528276;0.0482444996597647;0.2;2
"2-Multi";49;"D5 LEMA";1.55555555555556;0.555555555555556;1;6;3;3;0.0418129884446169;7.2126750760638e-05;0.000110775499684115;1.57793946733646e-05;0.000154651678034307;0.2;4
"2-Multi";50;"D5 PUPA";1.25;0.25;1;2;1;1;0.0448523879277973;0.000282236121659529;8.12187604737635e-05;6.68596264828534e-05;0.000149886915571107;0.2;2
"2-Multi";51;"D6 CHFU";1.05263157894737;0.0526315789473684;1;2;1;1;0.0270889424495406;0.00253890354067311;0.133916125340789;0.00080581501584825;0.0482444996597647;0.2;2
"2-Multi";52;"D6 LEMA";1.6;0.6;1;4;2;2;0.0407608025005673;0.00485017571363603;0.00995046603830608;0.00302142812217799;0.0161755330272556;0.2;4
"2-Multi";53;"E1 CHFU";1.01754385964912;0.0175438596491228;1;2;1;1;0.0253151259742256;0.00084630118019392;0.133916125340789;0.000268605005282744;0.0482444996597647;0.2;2
"2-Multi";54;"E1 LEMA";1.11764705882353;0.117647058823529;1;2;1;1;0.0287487245767463;3.25268598405055e-05;0.000397304376436487;2.27133008060757e-06;0.00017654440659028;0.2;2
"2-Multi";55;"E2 CHFU";2.05263157894737;1.05263157894737;1;4;2;2;0.0338207316553984;0.00257585932381151;0.100650223053313;0.000834073725416395;0.0367121400992467;0.2;2
"2-Multi";56;"E2 LEMA";1.17647058823529;0.176470588235294;1;2;1;1;0.0309089779954516;4.87902897240425e-05;0.000397304376436472;3.4069951208996e-06;0.00017654440659028;0.2;2
"2-Multi";57;"E2 ME";2;1;1;2;1;1;0.0346581435543473;9.634516438591e-05;0.000130464621296854;0.000250385906613786;0.000992480090629128;0.2;2
"2-Multi";58;"E3 CHFU";1.03508771929825;0.0350877192982456;1;2;1;1;0.0262020342127596;0.00169260236046783;0.133916125340789;0.000537210010565507;0.0482444996597647;0.2;2
"2-Multi";59;"E3 LEMA";1.30555555555556;0.305555555555556;1;4;2;2;0.0354044583983821;7.07153789363501e-05;0.000263998081102584;1.5685869101759e-05;0.000363511258461385;0.2;4
"2-Multi";60;"E3 PUPA";2;1;1;2;1;1;0.0430083220126768;6.39213444509737e-05;4.55037223595508e-05;0.000135869491226034;0.000512525926504605;0.2;2
"2-Multi";61;"E4 CHFU";1.03508771929825;0.0350877192982456;1;2;1;1;0.0262020342137267;0.00169260236046843;0.133916125340789;0.000537210010565507;0.0482444996597647;0.2;2
"2-Multi";62;"E4 LEMA";1.13888888888889;0.138888888888889;1;4;2;2;0.0310181249147961;2.08794729196977e-05;0.000149141384772081;2.35974370095928e-06;0.000116031185166297;0.2;4
"2-Multi";63;"E4 PUPA";1.46666666666667;0.466666666666667;1;4;2;2;0.0644170074211875;0.000267291395975798;4.31329771343796e-05;6.20099725117226e-05;7.55947631053294e-05;0.2;4
"2-Multi";64;"E5 CHFU";1.01754385964912;0.0175438596491228;1;2;1;1;0.0253151259741043;0.000846301180200969;0.133916125340789;0.000268605005282746;0.0482444996597647;0.2;2
"2-Multi";65;"E6 CHFU";2;1;1;2;1;1;0.0464179865732695;1.92363133083795e-06;4.15668726271587e-07;1.30562850062354e-06;1.13906522334183e-05;0.2;2
"2-Multi";66;"E6 LEMA";1.55882352941176;0.558823529411765;1;4;2;2;0.0394055312526366;1.90861734964413e-05;6.4152435552455e-05;1.32271618349531e-06;3.8430879012545e-05;0.2;4
"2-Multi";67;"E6 PUPA";1.1;0.1;1;2;1;1;0.0342380826836476;5.77235239915561e-05;4.40132746080211e-05;1.07554596708937e-05;6.64958091403859e-05;0.2;2
"2-Multi";68;"F1 CHFU";1.03508771929825;0.0350877192982456;1;2;1;1;0.0262020342116786;0.00169260236039783;0.133916125340789;0.000537210010565487;0.0482444996597647;0.2;2
"2-Multi";69;"F2 CHFU";2.28508771929825;1.28508771929825;1;6;3;3;0.0372729886445102;0.00174545624722341;0.0677851857435992;0.000562079083053989;0.024879735853677;0.2;4
"2-Multi";70;"F2 LEMA";1.2;0.2;1;2;1;1;0.031003346598632;0.00949912597401621;0.0293747171054526;0.00598942704199062;0.0475058548730873;0.2;2
"2-Multi";71;"F3 CHFU";1.01754385964912;0.0175438596491228;1;2;1;1;0.0253151259746576;0.000846301180216728;0.133916125340789;0.000268605005282751;0.0482444996597647;0.2;2
"2-Multi";72;"F3 LEMA";2.57142857142857;1.57142857142857;1;6;3;3;0.0436946127881564;1.16544044058824e-05;4.91891650017455e-05;9.99129831744405e-06;0.00020415675511197;0.2;4
"2-Multi";73;"F3 PUPA";1.26666666666667;0.266666666666667;1;4;2;2;0.044797277525613;0.000151844347930988;4.22526796607393e-05;4.0499053169926e-05;8.46937170702729e-05;0.2;4
"2-Multi";74;"F4 CHFU";1.05263157894737;0.0526315789473684;1;2;1;1;0.02708894244837;0.00253890354068589;0.133916125340789;0.000805815015848254;0.0482444996597647;0.2;2
"2-Multi";75;"F4 CHMI";2.4;1.4;1;4;2;2;0.0606422324442533;8.93266761165745e-05;1.11132203604057e-05;7.13083229912164e-05;0.000108759694259847;0.2;2
"2-Multi";76;"F4 LEMA";1.57142857142857;0.571428571428571;1;4;2;2;0.0337251998056968;1.14314649589247e-05;7.35059898165552e-05;9.65278963560611e-06;0.000296241610106996;0.2;4
"2-Multi";77;"F4 PUPA";1.16666666666667;0.166666666666667;1;2;1;1;0.0349874125794783;9.41208239255573e-05;4.04920847134738e-05;2.97435934990329e-05;0.00010289162500016;0.2;2
"2-Multi";78;"F5 CHFU";1.01754385964912;0.0175438596491228;1;2;1;1;0.0253151259742275;0.000846301180177641;0.133916125340789;0.000268605005282739;0.0482444996597647;0.2;2
"2-Multi";79;"F5 CHMI";1.2;0.2;1;2;1;1;0.0312185684486469;1.06927016292992e-05;1.42519764326163e-05;6.85941186021246e-06;0.000135725927584429;0.2;2
"2-Multi";80;"F6 PUPA";1.16666666666667;0.166666666666667;1;2;1;1;0.0349874125799599;9.41208239909316e-05;4.04920847135053e-05;2.97435934990508e-05;0.00010289162500016;0.2;2
"2-Multi";81;"Andrena_cinerea";20.0333333333333;11.0333333333333;9;30;15;15;0.219155100179973;0.0013167565309171;0.00227596284303862;0.00406091659227103;0.0103827619936431;0.6;4
"2-Multi";82;"Bombyliidae";6.45;5.45;1;16;8;8;0.134952750001536;0.00240958744383158;0.000774499977982528;0.000180402836786694;0.000249725758573499;0.2;4
"2-Multi";83;"Coleoptera";1.33333333333333;0.333333333333333;1;2;1;1;0.0312712953392275;9.30633780639842e-07;2.43759890019201e-06;2.27696189137663e-06;5.55795124278599e-05;0.2;2
"2-Multi";84;"Colias_croceus";2;1;1;2;1;1;0.0521135311735707;0;0;0;8.77470501074688e-06;0.2;2
"2-Multi";85;"Curculionidae";1.83333333333333;0.833333333333333;1;4;2;2;0.0372989112249967;2.2998801165547e-06;2.3963055484905e-06;7.38084008064077e-06;6.66092203816919e-05;0.2;4
"2-Multi";86;"Dilophus_sp.";75.9416666666667;50.9416666666667;25;118;59;59;1;1;1;1;1;1;4
"2-Multi";87;"Diptera";1.25;0.25;1;2;1;1;0.0274623262008221;0.000154266737991215;0.000203490790798739;0.00349431712618098;0.00880126074938964;0.2;2
"2-Multi";88;"Empididae";2.11666666666667;1.11666666666667;1;8;4;4;0.0370277568092225;0.000464387044114566;0.000167801489241755;0.0112076129538495;0.00662574828316075;0.2;4
"2-Multi";89;"Eucera_sp.";4.9;3.9;1;10;5;5;0.115656316307459;0.00471262024258829;0.00192582300797482;0.000332901719316797;0.000597833703756208;0.2;4
"2-Multi";90;"Eupeodes_corollae";6.75;2.75;4;8;4;4;0.0498823293894865;0.000207905233114236;0.00112876890338397;0.00366173403614251;0.0117045117838762;0.4;2
"2-Multi";91;"Lasiocampa_trifolii";4.45;3.45;1;12;6;6;0.0940780672000401;0.00235736496665206;0.0012851005841692;0.000165970085497497;0.000401656500525217;0.2;4
"2-Multi";92;"Malachius_bipustulatus";1.2;0.2;1;2;1;1;0.0286211355562172;0.000232766718245891;0.000757410382781735;0.000169422816112896;0.00233716964668328;0.2;2
"2-Multi";93;"Melanostoma_sp.";1.5;0.5;1;2;1;1;0.0326294735042383;0.000585703344891436;0.000756248779952937;0.0010285264089264;0.00586592496458902;0.2;2
"2-Multi";94;"Mordellidae";10.0333333333333;6.03333333333333;4;16;8;8;0.155931740545103;0.00106316333378931;0.000631716261397481;0.0010353331025489;0.00263310897991938;0.4;4
"2-Multi";95;"Musca_sp.";16.8666666666667;7.86666666666667;9;20;10;10;0.110718353596987;0.00198467544928736;0.00552330872162634;0.00767466486699763;0.020269831092248;0.6;4
"2-Multi";96;"Odontomyia_sp.";22.1238095238095;13.1238095238095;9;30;15;15;0.263433546792809;3.96261843839749e-05;2.12548798755351e-05;3.89345788631208e-05;5.93614382891658e-05;0.6;4
"2-Multi";97;"Psilothrix_viridicoerulea";11.4761904761905;7.47619047619048;4;26;13;13;0.154321922236253;0.0014377311503329;0.000553726210386583;0.00164830298820326;0.000901874555725726;0.4;4
"2-Multi";98;"Scaeva_sp.";1.25;0.25;1;2;1;1;0.0281959308112502;0.000104534373769197;0.000137131663085287;0.00235332747667887;0.00596674549218764;0.2;2
"2-Multi";99;"Sphaerophoria_scripta";7.96666666666667;6.96666666666667;1;26;13;13;0.113856867036589;0.00153350224139919;0.000301824130945442;0.00118724868269287;0.000876531334148381;0.2;4
"2-Multi";100;"Ulidiidae";1.525;0.525;1;4;2;2;0.0318837245746243;0.00034841620116069;0.000245859755579921;0.00507008424825253;0.00662814051022118;0.2;4
"3-Multi";1;"A1 CHFU";1.01754385964912;0.0175438596491228;1;2;1;1;0.0253151259745374;0.000846301180173297;0.133916125340789;0.000268605005282738;0.0482444996597647;0.2;2
"3-Multi";2;"A4 LEMA";1.16993464052288;0.169934640522876;1;4;2;2;0.0354959321465479;5.70814611853677e-05;0.00032553856379374;5.7928020611383e-06;0.000203281743918763;0.2;4
"3-Multi";3;"A5 CHFU";1.45614035087719;0.456140350877193;1;4;2;2;0.0341332346775689;0.0059519301901511;0.117331229615897;0.00189161586229023;0.0424132470681626;0.2;4
"3-Multi";4;"A5 LEMA";2.05555555555556;1.05555555555556;1;4;2;2;0.0370192947659693;3.07461441563638e-05;0.000149714459615161;0.000129416877426188;0.000392364462571445;0.2;2
"3-Multi";5;"A5 ME";1.5;0.5;1;2;1;1;0.0365517600157088;9.61819497002176e-07;4.56173552021583e-07;6.35964237276435e-07;1.13906522334183e-05;0.2;2
"3-Multi";6;"A6 LEMA";1.1;0.1;1;2;1;1;0.0277157821676222;0.00474956298699465;0.0293747171054526;0.00299471352099531;0.0475058548730873;0.2;2
"3-Multi";7;"A6 PUPA";1.1;0.1;1;2;1;1;0.0342380826850781;5.77235240394635e-05;4.40132746080364e-05;1.07554596709072e-05;6.64958091403859e-05;0.2;2
"3-Multi";8;"B1 CHFU";1.01754385964912;0.0175438596491228;1;2;1;1;0.0253151259739738;0.000846301180232181;0.133916125340789;0.000268605005282755;0.0482444996597647;0.2;2
"3-Multi";9;"B2 CHFU";2.05263157894737;1.05263157894737;1;4;2;2;0.0339223903855294;0.00257837170655093;0.100657991005284;0.000835478530860577;0.036746155300478;0.2;2
"3-Multi";10;"B3 CHFU";1.03508771929825;0.0350877192982456;1;2;1;1;0.0262020342119565;0.00169260236047104;0.133916125340789;0.000537210010565508;0.0482444996597647;0.2;2
"3-Multi";11;"B3 LEMA";1.13025210084034;0.130252100840336;1;4;2;2;0.0283390099863263;2.74194183520725e-05;0.000271257818187104;1.06220675331241e-05;0.000373199178291741;0.2;4
"3-Multi";12;"B3 ME";1.25;0.25;1;2;1;1;0.030489988877187;4.80909770006162e-07;4.56173552041328e-07;3.17982118645157e-07;1.13906522334183e-05;0.2;2
"3-Multi";13;"B4 CHFU";1.01754385964912;0.0175438596491228;1;2;1;1;0.0253151259753904;0.000846301180245374;0.133916125340789;0.000268605005282759;0.0482444996597647;0.2;2
"3-Multi";14;"B4 LEMA";1.28571428571429;0.285714285714286;1;2;1;1;0.0314303730548872;4.4623953760024e-05;0.000145211259937724;3.79456099712878e-05;0.000569853949993203;0.2;2
"3-Multi";15;"B4 PUPA";1.26666666666667;0.266666666666667;1;4;2;2;0.0447972775263557;0.000151844347949603;4.22526796607499e-05;4.04990531699316e-05;8.46937170702729e-05;0.2;4
"3-Multi";16;"B5 CHFU";1.03508771929825;0.0350877192982456;1;2;1;1;0.0262020342127788;0.00169260236043591;0.133916125340789;0.000537210010565498;0.0482444996597647;0.2;2
"3-Multi";17;"B5 LEMA";1.35396825396825;0.353968253968254;1;6;3;3;0.0401243208152846;0.00481269299516649;0.00604889018805456;0.00301834346300179;0.00981577271964794;0.2;4
"3-Multi";18;"B5 ME";1.25;0.25;1;2;1;1;0.0304899888749898;4.80909738391262e-07;4.5617355202869e-07;3.17982118636868e-07;1.13906522334183e-05;0.2;2
"3-Multi";19;"B5 PUPA";1.225;0.225;1;4;2;2;0.044450167781112;0.000198841584856285;6.26160175408976e-05;4.41852729123278e-05;0.000108191362355747;0.2;4
"3-Multi";20;"B6 CHFU";1.33771929824561;0.337719298245614;1;4;2;2;0.0325783602288575;0.0042593177742803;0.11205249542431;0.00134885066295847;0.0404694006925131;0.2;4
"3-Multi";21;"B6 LEMA";1.22875816993464;0.228758169934641;1;4;2;2;0.03765618556545;7.33448911117066e-05;0.000343480016954417;6.92846710144134e-06;0.000196597409586642;0.2;4
"3-Multi";22;"C1 LEMA";2.31111111111111;1.31111111111111;1;6;3;3;0.0491565887310689;0.00978280034591274;0.00995119219708836;0.00644623036579099;0.0164772912875456;0.2;4
"3-Multi";23;"C2 CHFU";2.53508771929825;1.53508771929825;1;6;3;3;0.0470027809853182;0.00185605774610982;0.0541970116883665;0.000616837338888736;0.0203049093630436;0.2;4
"3-Multi";24;"C2 LEMA";2.27320261437908;1.27320261437909;1;8;4;4;0.0442067966614656;0.00485825992185311;0.00610006319415004;0.00310449478895896;0.00972842963479402;0.2;4
"3-Multi";25;"C2 PUPA";2.51666666666667;1.51666666666667;1;8;4;4;0.0924326289000612;0.0471679009076282;0.00530564726949686;0.0314019413054231;0.00944216050954609;0.2;4
"3-Multi";26;"C3 CHFU";1.95175438596491;0.951754385964912;1;6;3;3;0.0369109540713704;0.00177605809089473;0.054608103121359;0.000565797297732217;0.0202543726059361;0.2;4
"3-Multi";27;"C3 LEMA";1.31932773109244;0.319327731092437;1;4;2;2;0.0344100556539812;7.11022666157736e-05;0.000296467129836973;2.23798001065449e-05;0.000333868223951449;0.2;4
"3-Multi";28;"C3 PUPA";2;1;1;2;1;1;0.0521135311718518;1.12176046920368e-12;0;0;8.77470501074688e-06;0.2;2
"3-Multi";29;"C4 LEMA";1.41199813258637;0.411998132586368;1;8;4;4;0.0384299948208766;7.06108680805924e-05;0.000188536820965612;3.19546162197031e-05;0.000353028104483747;0.2;4
"3-Multi";30;"C4 PUPA";1.1;0.1;1;2;1;1;0.0342380826858187;5.77235240188061e-05;4.40132746080324e-05;1.07554596709009e-05;6.64958091403859e-05;0.2;2
"3-Multi";31;"C5 CHFU";1.01754385964912;0.0175438596491228;1;2;1;1;0.0253151259764027;0.000846301180252258;0.133916125340789;0.000268605005282761;0.0482444996597647;0.2;2
"3-Multi";32;"C5 LEMA";1.11111111111111;0.111111111111111;1;2;1;1;0.0333356787275034;4.08180312912644e-05;0.00028965565747237;4.65713702084413e-06;0.000216650412583005;0.2;2
"3-Multi";33;"C6 CHFU";1.05263157894737;0.0526315789473684;1;2;1;1;0.027088942448174;0.0025389035406294;0.133916125340789;0.000805815015848238;0.0482444996597647;0.2;2
"3-Multi";34;"C6 LEMA";1.08333333333333;0.0833333333333333;1;2;1;1;0.0265643944194757;4.70457231171777e-07;8.62711207176256e-06;3.11751905273505e-08;1.54119577495892e-05;0.2;2
"3-Multi";35;"D1 CHFU";1.26754385964912;0.267543859649123;1;4;2;2;0.0290307272807413;0.000874113053471675;0.0683252355913533;0.0002744306418275;0.0249192027580099;0.2;4
"3-Multi";36;"D1 CHMI";1.4;0.4;1;2;1;1;0.0380089191581398;2.13854031997374e-05;1.42519764325899e-05;1.37188237204062e-05;0.000135725927584429;0.2;2
"3-Multi";37;"D1 LEMA";1.05555555555556;0.0555555555555556;1;2;1;1;0.0288819482320367;2.04090156040419e-05;0.000289655657472332;2.32856851041247e-06;0.000216650412583005;0.2;2
"3-Multi";38;"D2 CHFU";1.53508771929825;0.535087719298246;1;4;2;2;0.0307650151533449;0.00176072375597549;0.0897949956676732;0.000569454137491426;0.0328889564068186;0.2;4
"3-Multi";39;"D2 LEMA";1.15882352941176;0.158823529411765;1;4;2;2;0.0298760355881173;0.00476582641690734;0.0148860107409445;0.00299584918603561;0.0238411996398388;0.2;4
"3-Multi";40;"D2 ME";2;1;1;2;1;1;0.0541079202173484;0.0485445435812952;0.0272000254771252;0.0311587594816164;0.0485522932499921;0.2;2
"3-Multi";41;"D2 PUPA";1.25;0.25;1;2;1;1;0.0448523879283026;0.000282236121656238;8.12187604737618e-05;6.68596264828525e-05;0.000149886915571107;0.2;2
"3-Multi";42;"D3 CHFU";1.01754385964912;0.0175438596491228;1;2;1;1;0.0253151259766759;0.000846301180258523;0.133916125340789;0.000268605005282763;0.0482444996597647;0.2;2
"3-Multi";43;"D3 CHMI";2;1;1;2;1;1;0.0541079202230778;0.0485445435797461;0.0272000254771252;0.0311587594816164;0.0485522932499921;0.2;2
"3-Multi";44;"D3 LEMA";1.05555555555556;0.0555555555555556;1;2;1;1;0.028881948232742;2.04090156553161e-05;0.000289655657472365;2.32856851042699e-06;0.000216650412583005;0.2;2
"3-Multi";45;"D3 PUPA";1.125;0.125;1;2;1;1;0.0346403028328576;0.000141118060784532;8.121876047374e-05;3.34298132414157e-05;0.000149886915571107;0.2;2
"3-Multi";46;"D4 CHFU";1.01754385964912;0.0175438596491228;1;2;1;1;0.0253151259737479;0.000846301180179601;0.133916125340789;0.000268605005282741;0.0482444996597647;0.2;2
"3-Multi";47;"D4 LEMA";2.1;1.1;1;4;2;2;0.038839646585901;0.00488987273628699;0.0148128244713448;0.00309973357890587;0.0244588705096759;0.2;2
"3-Multi";48;"D5 CHFU";1.01754385964912;0.0175438596491228;1;2;1;1;0.0253151259751473;0.000846301180250036;0.133916125340789;0.00026860500528276;0.0482444996597647;0.2;2
"3-Multi";49;"D5 LEMA";1.55555555555556;0.555555555555556;1;6;3;3;0.0418129884446169;7.2126750760638e-05;0.000110775499684115;1.57793946733646e-05;0.000154651678034307;0.2;4
"3-Multi";50;"D5 PUPA";1.25;0.25;1;2;1;1;0.0448523879277973;0.000282236121659529;8.12187604737635e-05;6.68596264828534e-05;0.000149886915571107;0.2;2
"3-Multi";51;"D6 CHFU";1.05263157894737;0.0526315789473684;1;2;1;1;0.0270889424495406;0.00253890354067311;0.133916125340789;0.00080581501584825;0.0482444996597647;0.2;2
"3-Multi";52;"D6 LEMA";1.6;0.6;1;4;2;2;0.0407608025005673;0.00485017571363603;0.00995046603830608;0.00302142812217799;0.0161755330272556;0.2;4
"3-Multi";53;"E1 CHFU";1.01754385964912;0.0175438596491228;1;2;1;1;0.0253151259742256;0.00084630118019392;0.133916125340789;0.000268605005282744;0.0482444996597647;0.2;2
"3-Multi";54;"E1 LEMA";1.11764705882353;0.117647058823529;1;2;1;1;0.0287487245767463;3.25268598405055e-05;0.000397304376436487;2.27133008060757e-06;0.00017654440659028;0.2;2
"3-Multi";55;"E2 CHFU";2.05263157894737;1.05263157894737;1;4;2;2;0.0338207316553984;0.00257585932381151;0.100650223053313;0.000834073725416395;0.0367121400992467;0.2;2
"3-Multi";56;"E2 LEMA";1.17647058823529;0.176470588235294;1;2;1;1;0.0309089779954516;4.87902897240425e-05;0.000397304376436472;3.4069951208996e-06;0.00017654440659028;0.2;2
"3-Multi";57;"E2 ME";2;1;1;2;1;1;0.0346581435543473;9.634516438591e-05;0.000130464621296854;0.000250385906613786;0.000992480090629128;0.2;2
"3-Multi";58;"E3 CHFU";1.03508771929825;0.0350877192982456;1;2;1;1;0.0262020342127596;0.00169260236046783;0.133916125340789;0.000537210010565507;0.0482444996597647;0.2;2
"3-Multi";59;"E3 LEMA";1.30555555555556;0.305555555555556;1;4;2;2;0.0354044583983821;7.07153789363501e-05;0.000263998081102584;1.5685869101759e-05;0.000363511258461385;0.2;4
"3-Multi";60;"E3 PUPA";2;1;1;2;1;1;0.0430083220126768;6.39213444509737e-05;4.55037223595508e-05;0.000135869491226034;0.000512525926504605;0.2;2
"3-Multi";61;"E4 CHFU";1.03508771929825;0.0350877192982456;1;2;1;1;0.0262020342137267;0.00169260236046843;0.133916125340789;0.000537210010565507;0.0482444996597647;0.2;2
"3-Multi";62;"E4 LEMA";1.13888888888889;0.138888888888889;1;4;2;2;0.0310181249147961;2.08794729196977e-05;0.000149141384772081;2.35974370095928e-06;0.000116031185166297;0.2;4
"3-Multi";63;"E4 PUPA";1.46666666666667;0.466666666666667;1;4;2;2;0.0644170074211875;0.000267291395975798;4.31329771343796e-05;6.20099725117226e-05;7.55947631053294e-05;0.2;4
"3-Multi";64;"E5 CHFU";1.01754385964912;0.0175438596491228;1;2;1;1;0.0253151259741043;0.000846301180200969;0.133916125340789;0.000268605005282746;0.0482444996597647;0.2;2
"3-Multi";65;"E6 CHFU";2;1;1;2;1;1;0.0464179865732695;1.92363133083795e-06;4.15668726271587e-07;1.30562850062354e-06;1.13906522334183e-05;0.2;2
"3-Multi";66;"E6 LEMA";1.55882352941176;0.558823529411765;1;4;2;2;0.0394055312526366;1.90861734964413e-05;6.4152435552455e-05;1.32271618349531e-06;3.8430879012545e-05;0.2;4
"3-Multi";67;"E6 PUPA";1.1;0.1;1;2;1;1;0.0342380826836476;5.77235239915561e-05;4.40132746080211e-05;1.07554596708937e-05;6.64958091403859e-05;0.2;2
"3-Multi";68;"F1 CHFU";1.03508771929825;0.0350877192982456;1;2;1;1;0.0262020342116786;0.00169260236039783;0.133916125340789;0.000537210010565487;0.0482444996597647;0.2;2
"3-Multi";69;"F2 CHFU";2.28508771929825;1.28508771929825;1;6;3;3;0.0372729886445102;0.00174545624722341;0.0677851857435992;0.000562079083053989;0.024879735853677;0.2;4
"3-Multi";70;"F2 LEMA";1.2;0.2;1;2;1;1;0.031003346598632;0.00949912597401621;0.0293747171054526;0.00598942704199062;0.0475058548730873;0.2;2
"3-Multi";71;"F3 CHFU";1.01754385964912;0.0175438596491228;1;2;1;1;0.0253151259746576;0.000846301180216728;0.133916125340789;0.000268605005282751;0.0482444996597647;0.2;2
"3-Multi";72;"F3 LEMA";2.57142857142857;1.57142857142857;1;6;3;3;0.0436946127881564;1.16544044058824e-05;4.91891650017455e-05;9.99129831744405e-06;0.00020415675511197;0.2;4
"3-Multi";73;"F3 PUPA";1.26666666666667;0.266666666666667;1;4;2;2;0.044797277525613;0.000151844347930988;4.22526796607393e-05;4.0499053169926e-05;8.46937170702729e-05;0.2;4
"3-Multi";74;"F4 CHFU";1.05263157894737;0.0526315789473684;1;2;1;1;0.02708894244837;0.00253890354068589;0.133916125340789;0.000805815015848254;0.0482444996597647;0.2;2
"3-Multi";75;"F4 CHMI";2.4;1.4;1;4;2;2;0.0606422324442533;8.93266761165745e-05;1.11132203604057e-05;7.13083229912164e-05;0.000108759694259847;0.2;2
"3-Multi";76;"F4 LEMA";1.57142857142857;0.571428571428571;1;4;2;2;0.0337251998056968;1.14314649589247e-05;7.35059898165552e-05;9.65278963560611e-06;0.000296241610106996;0.2;4
"3-Multi";77;"F4 PUPA";1.16666666666667;0.166666666666667;1;2;1;1;0.0349874125794783;9.41208239255573e-05;4.04920847134738e-05;2.97435934990329e-05;0.00010289162500016;0.2;2
"3-Multi";78;"F5 CHFU";1.01754385964912;0.0175438596491228;1;2;1;1;0.0253151259742275;0.000846301180177641;0.133916125340789;0.000268605005282739;0.0482444996597647;0.2;2
"3-Multi";79;"F5 CHMI";1.2;0.2;1;2;1;1;0.0312185684486469;1.06927016292992e-05;1.42519764326163e-05;6.85941186021246e-06;0.000135725927584429;0.2;2
"3-Multi";80;"F6 PUPA";1.16666666666667;0.166666666666667;1;2;1;1;0.0349874125799599;9.41208239909316e-05;4.04920847135053e-05;2.97435934990508e-05;0.00010289162500016;0.2;2
"3-Multi";81;"Andrena_cinerea";20.0333333333333;11.0333333333333;9;30;15;15;0.219155100179973;0.0013167565309171;0.00227596284303862;0.00406091659227103;0.0103827619936431;0.6;4
"3-Multi";82;"Bombyliidae";6.45;5.45;1;16;8;8;0.134952750001536;0.00240958744383158;0.000774499977982528;0.000180402836786694;0.000249725758573499;0.2;4
"3-Multi";83;"Coleoptera";1.33333333333333;0.333333333333333;1;2;1;1;0.0312712953392275;9.30633780639842e-07;2.43759890019201e-06;2.27696189137663e-06;5.55795124278599e-05;0.2;2
"3-Multi";84;"Colias_croceus";2;1;1;2;1;1;0.0521135311735707;0;0;0;8.77470501074688e-06;0.2;2
"3-Multi";85;"Curculionidae";1.83333333333333;0.833333333333333;1;4;2;2;0.0372989112249967;2.2998801165547e-06;2.3963055484905e-06;7.38084008064077e-06;6.66092203816919e-05;0.2;4
"3-Multi";86;"Dilophus_sp.";75.9416666666667;50.9416666666667;25;118;59;59;1;1;1;1;1;1;4
"3-Multi";87;"Diptera";1.25;0.25;1;2;1;1;0.0274623262008221;0.000154266737991215;0.000203490790798739;0.00349431712618098;0.00880126074938964;0.2;2
"3-Multi";88;"Empididae";2.11666666666667;1.11666666666667;1;8;4;4;0.0370277568092225;0.000464387044114566;0.000167801489241755;0.0112076129538495;0.00662574828316075;0.2;4
"3-Multi";89;"Eucera_sp.";4.9;3.9;1;10;5;5;0.115656316307459;0.00471262024258829;0.00192582300797482;0.000332901719316797;0.000597833703756208;0.2;4
"3-Multi";90;"Eupeodes_corollae";6.75;2.75;4;8;4;4;0.0498823293894865;0.000207905233114236;0.00112876890338397;0.00366173403614251;0.0117045117838762;0.4;2
"3-Multi";91;"Lasiocampa_trifolii";4.45;3.45;1;12;6;6;0.0940780672000401;0.00235736496665206;0.0012851005841692;0.000165970085497497;0.000401656500525217;0.2;4
"3-Multi";92;"Malachius_bipustulatus";1.2;0.2;1;2;1;1;0.0286211355562172;0.000232766718245891;0.000757410382781735;0.000169422816112896;0.00233716964668328;0.2;2
"3-Multi";93;"Melanostoma_sp.";1.5;0.5;1;2;1;1;0.0326294735042383;0.000585703344891436;0.000756248779952937;0.0010285264089264;0.00586592496458902;0.2;2
"3-Multi";94;"Mordellidae";10.0333333333333;6.03333333333333;4;16;8;8;0.155931740545103;0.00106316333378931;0.000631716261397481;0.0010353331025489;0.00263310897991938;0.4;4
"3-Multi";95;"Musca_sp.";16.8666666666667;7.86666666666667;9;20;10;10;0.110718353596987;0.00198467544928736;0.00552330872162634;0.00767466486699763;0.020269831092248;0.6;4
"3-Multi";96;"Odontomyia_sp.";22.1238095238095;13.1238095238095;9;30;15;15;0.263433546792809;3.96261843839749e-05;2.12548798755351e-05;3.89345788631208e-05;5.93614382891658e-05;0.6;4
"3-Multi";97;"Psilothrix_viridicoerulea";11.4761904761905;7.47619047619048;4;26;13;13;0.154321922236253;0.0014377311503329;0.000553726210386583;0.00164830298820326;0.000901874555725726;0.4;4
"3-Multi";98;"Scaeva_sp.";1.25;0.25;1;2;1;1;0.0281959308112502;0.000104534373769197;0.000137131663085287;0.00235332747667887;0.00596674549218764;0.2;2
"3-Multi";99;"Sphaerophoria_scripta";7.96666666666667;6.96666666666667;1;26;13;13;0.113856867036589;0.00153350224139919;0.000301824130945442;0.00118724868269287;0.000876531334148381;0.2;4
"3-Multi";100;"Ulidiidae";1.525;0.525;1;4;2;2;0.0318837245746243;0.00034841620116069;0.000245859755579921;0.00507008424825253;0.00662814051022118;0.2;4
"4-Multi";1;"A1 CHFU";1.01754385964912;0.0175438596491228;1;2;1;1;0.0253151259745374;0.000846301180173297;0.133916125340789;0.000268605005282738;0.0482444996597647;0.2;2
"4-Multi";2;"A4 LEMA";1.16993464052288;0.169934640522876;1;4;2;2;0.0354959321465479;5.70814611853677e-05;0.00032553856379374;5.7928020611383e-06;0.000203281743918763;0.2;4
"4-Multi";3;"A5 CHFU";1.45614035087719;0.456140350877193;1;4;2;2;0.0341332346775689;0.0059519301901511;0.117331229615897;0.00189161586229023;0.0424132470681626;0.2;4
"4-Multi";4;"A5 LEMA";2.05555555555556;1.05555555555556;1;4;2;2;0.0370192947659693;3.07461441563638e-05;0.000149714459615161;0.000129416877426188;0.000392364462571445;0.2;2
"4-Multi";5;"A5 ME";1.5;0.5;1;2;1;1;0.0365517600157088;9.61819497002176e-07;4.56173552021583e-07;6.35964237276435e-07;1.13906522334183e-05;0.2;2
"4-Multi";6;"A6 LEMA";1.1;0.1;1;2;1;1;0.0277157821676222;0.00474956298699465;0.0293747171054526;0.00299471352099531;0.0475058548730873;0.2;2
"4-Multi";7;"A6 PUPA";1.1;0.1;1;2;1;1;0.0342380826850781;5.77235240394635e-05;4.40132746080364e-05;1.07554596709072e-05;6.64958091403859e-05;0.2;2
"4-Multi";8;"B1 CHFU";1.01754385964912;0.0175438596491228;1;2;1;1;0.0253151259739738;0.000846301180232181;0.133916125340789;0.000268605005282755;0.0482444996597647;0.2;2
"4-Multi";9;"B2 CHFU";2.05263157894737;1.05263157894737;1;4;2;2;0.0339223903855294;0.00257837170655093;0.100657991005284;0.000835478530860577;0.036746155300478;0.2;2
"4-Multi";10;"B3 CHFU";1.03508771929825;0.0350877192982456;1;2;1;1;0.0262020342119565;0.00169260236047104;0.133916125340789;0.000537210010565508;0.0482444996597647;0.2;2
"4-Multi";11;"B3 LEMA";1.13025210084034;0.130252100840336;1;4;2;2;0.0283390099863263;2.74194183520725e-05;0.000271257818187104;1.06220675331241e-05;0.000373199178291741;0.2;4
"4-Multi";12;"B3 ME";1.25;0.25;1;2;1;1;0.030489988877187;4.80909770006162e-07;4.56173552041328e-07;3.17982118645157e-07;1.13906522334183e-05;0.2;2
"4-Multi";13;"B4 CHFU";1.01754385964912;0.0175438596491228;1;2;1;1;0.0253151259753904;0.000846301180245374;0.133916125340789;0.000268605005282759;0.0482444996597647;0.2;2
"4-Multi";14;"B4 LEMA";1.28571428571429;0.285714285714286;1;2;1;1;0.0314303730548872;4.4623953760024e-05;0.000145211259937724;3.79456099712878e-05;0.000569853949993203;0.2;2
"4-Multi";15;"B4 PUPA";1.26666666666667;0.266666666666667;1;4;2;2;0.0447972775263557;0.000151844347949603;4.22526796607499e-05;4.04990531699316e-05;8.46937170702729e-05;0.2;4
"4-Multi";16;"B5 CHFU";1.03508771929825;0.0350877192982456;1;2;1;1;0.0262020342127788;0.00169260236043591;0.133916125340789;0.000537210010565498;0.0482444996597647;0.2;2
"4-Multi";17;"B5 LEMA";1.35396825396825;0.353968253968254;1;6;3;3;0.0401243208152846;0.00481269299516649;0.00604889018805456;0.00301834346300179;0.00981577271964794;0.2;4
"4-Multi";18;"B5 ME";1.25;0.25;1;2;1;1;0.0304899888749898;4.80909738391262e-07;4.5617355202869e-07;3.17982118636868e-07;1.13906522334183e-05;0.2;2
"4-Multi";19;"B5 PUPA";1.225;0.225;1;4;2;2;0.044450167781112;0.000198841584856285;6.26160175408976e-05;4.41852729123278e-05;0.000108191362355747;0.2;4
"4-Multi";20;"B6 CHFU";1.33771929824561;0.337719298245614;1;4;2;2;0.0325783602288575;0.0042593177742803;0.11205249542431;0.00134885066295847;0.0404694006925131;0.2;4
"4-Multi";21;"B6 LEMA";1.22875816993464;0.228758169934641;1;4;2;2;0.03765618556545;7.33448911117066e-05;0.000343480016954417;6.92846710144134e-06;0.000196597409586642;0.2;4
"4-Multi";22;"C1 LEMA";2.31111111111111;1.31111111111111;1;6;3;3;0.0491565887310689;0.00978280034591274;0.00995119219708836;0.00644623036579099;0.0164772912875456;0.2;4
"4-Multi";23;"C2 CHFU";2.53508771929825;1.53508771929825;1;6;3;3;0.0470027809853182;0.00185605774610982;0.0541970116883665;0.000616837338888736;0.0203049093630436;0.2;4
"4-Multi";24;"C2 LEMA";2.27320261437908;1.27320261437909;1;8;4;4;0.0442067966614656;0.00485825992185311;0.00610006319415004;0.00310449478895896;0.00972842963479402;0.2;4
"4-Multi";25;"C2 PUPA";2.51666666666667;1.51666666666667;1;8;4;4;0.0924326289000612;0.0471679009076282;0.00530564726949686;0.0314019413054231;0.00944216050954609;0.2;4
"4-Multi";26;"C3 CHFU";1.95175438596491;0.951754385964912;1;6;3;3;0.0369109540713704;0.00177605809089473;0.054608103121359;0.000565797297732217;0.0202543726059361;0.2;4
"4-Multi";27;"C3 LEMA";1.31932773109244;0.319327731092437;1;4;2;2;0.0344100556539812;7.11022666157736e-05;0.000296467129836973;2.23798001065449e-05;0.000333868223951449;0.2;4
"4-Multi";28;"C3 PUPA";2;1;1;2;1;1;0.0521135311718518;1.12176046920368e-12;0;0;8.77470501074688e-06;0.2;2
"4-Multi";29;"C4 LEMA";1.41199813258637;0.411998132586368;1;8;4;4;0.0384299948208766;7.06108680805924e-05;0.000188536820965612;3.19546162197031e-05;0.000353028104483747;0.2;4
"4-Multi";30;"C4 PUPA";1.1;0.1;1;2;1;1;0.0342380826858187;5.77235240188061e-05;4.40132746080324e-05;1.07554596709009e-05;6.64958091403859e-05;0.2;2
"4-Multi";31;"C5 CHFU";1.01754385964912;0.0175438596491228;1;2;1;1;0.0253151259764027;0.000846301180252258;0.133916125340789;0.000268605005282761;0.0482444996597647;0.2;2
"4-Multi";32;"C5 LEMA";1.11111111111111;0.111111111111111;1;2;1;1;0.0333356787275034;4.08180312912644e-05;0.00028965565747237;4.65713702084413e-06;0.000216650412583005;0.2;2
"4-Multi";33;"C6 CHFU";1.05263157894737;0.0526315789473684;1;2;1;1;0.027088942448174;0.0025389035406294;0.133916125340789;0.000805815015848238;0.0482444996597647;0.2;2
"4-Multi";34;"C6 LEMA";1.08333333333333;0.0833333333333333;1;2;1;1;0.0265643944194757;4.70457231171777e-07;8.62711207176256e-06;3.11751905273505e-08;1.54119577495892e-05;0.2;2
"4-Multi";35;"D1 CHFU";1.26754385964912;0.267543859649123;1;4;2;2;0.0290307272807413;0.000874113053471675;0.0683252355913533;0.0002744306418275;0.0249192027580099;0.2;4
"4-Multi";36;"D1 CHMI";1.4;0.4;1;2;1;1;0.0380089191581398;2.13854031997374e-05;1.42519764325899e-05;1.37188237204062e-05;0.000135725927584429;0.2;2
"4-Multi";37;"D1 LEMA";1.05555555555556;0.0555555555555556;1;2;1;1;0.0288819482320367;2.04090156040419e-05;0.000289655657472332;2.32856851041247e-06;0.000216650412583005;0.2;2
"4-Multi";38;"D2 CHFU";1.53508771929825;0.535087719298246;1;4;2;2;0.0307650151533449;0.00176072375597549;0.0897949956676732;0.000569454137491426;0.0328889564068186;0.2;4
"4-Multi";39;"D2 LEMA";1.15882352941176;0.158823529411765;1;4;2;2;0.0298760355881173;0.00476582641690734;0.0148860107409445;0.00299584918603561;0.0238411996398388;0.2;4
"4-Multi";40;"D2 ME";2;1;1;2;1;1;0.0541079202173484;0.0485445435812952;0.0272000254771252;0.0311587594816164;0.0485522932499921;0.2;2
"4-Multi";41;"D2 PUPA";1.25;0.25;1;2;1;1;0.0448523879283026;0.000282236121656238;8.12187604737618e-05;6.68596264828525e-05;0.000149886915571107;0.2;2
"4-Multi";42;"D3 CHFU";1.01754385964912;0.0175438596491228;1;2;1;1;0.0253151259766759;0.000846301180258523;0.133916125340789;0.000268605005282763;0.0482444996597647;0.2;2
"4-Multi";43;"D3 CHMI";2;1;1;2;1;1;0.0541079202230778;0.0485445435797461;0.0272000254771252;0.0311587594816164;0.0485522932499921;0.2;2
"4-Multi";44;"D3 LEMA";1.05555555555556;0.0555555555555556;1;2;1;1;0.028881948232742;2.04090156553161e-05;0.000289655657472365;2.32856851042699e-06;0.000216650412583005;0.2;2
"4-Multi";45;"D3 PUPA";1.125;0.125;1;2;1;1;0.0346403028328576;0.000141118060784532;8.121876047374e-05;3.34298132414157e-05;0.000149886915571107;0.2;2
"4-Multi";46;"D4 CHFU";1.01754385964912;0.0175438596491228;1;2;1;1;0.0253151259737479;0.000846301180179601;0.133916125340789;0.000268605005282741;0.0482444996597647;0.2;2
"4-Multi";47;"D4 LEMA";2.1;1.1;1;4;2;2;0.038839646585901;0.00488987273628699;0.0148128244713448;0.00309973357890587;0.0244588705096759;0.2;2
"4-Multi";48;"D5 CHFU";1.01754385964912;0.0175438596491228;1;2;1;1;0.0253151259751473;0.000846301180250036;0.133916125340789;0.00026860500528276;0.0482444996597647;0.2;2
"4-Multi";49;"D5 LEMA";1.55555555555556;0.555555555555556;1;6;3;3;0.0418129884446169;7.2126750760638e-05;0.000110775499684115;1.57793946733646e-05;0.000154651678034307;0.2;4
"4-Multi";50;"D5 PUPA";1.25;0.25;1;2;1;1;0.0448523879277973;0.000282236121659529;8.12187604737635e-05;6.68596264828534e-05;0.000149886915571107;0.2;2
"4-Multi";51;"D6 CHFU";1.05263157894737;0.0526315789473684;1;2;1;1;0.0270889424495406;0.00253890354067311;0.133916125340789;0.00080581501584825;0.0482444996597647;0.2;2
"4-Multi";52;"D6 LEMA";1.6;0.6;1;4;2;2;0.0407608025005673;0.00485017571363603;0.00995046603830608;0.00302142812217799;0.0161755330272556;0.2;4
"4-Multi";53;"E1 CHFU";1.01754385964912;0.0175438596491228;1;2;1;1;0.0253151259742256;0.00084630118019392;0.133916125340789;0.000268605005282744;0.0482444996597647;0.2;2
"4-Multi";54;"E1 LEMA";1.11764705882353;0.117647058823529;1;2;1;1;0.0287487245767463;3.25268598405055e-05;0.000397304376436487;2.27133008060757e-06;0.00017654440659028;0.2;2
"4-Multi";55;"E2 CHFU";2.05263157894737;1.05263157894737;1;4;2;2;0.0338207316553984;0.00257585932381151;0.100650223053313;0.000834073725416395;0.0367121400992467;0.2;2
"4-Multi";56;"E2 LEMA";1.17647058823529;0.176470588235294;1;2;1;1;0.0309089779954516;4.87902897240425e-05;0.000397304376436472;3.4069951208996e-06;0.00017654440659028;0.2;2
"4-Multi";57;"E2 ME";2;1;1;2;1;1;0.0346581435543473;9.634516438591e-05;0.000130464621296854;0.000250385906613786;0.000992480090629128;0.2;2
"4-Multi";58;"E3 CHFU";1.03508771929825;0.0350877192982456;1;2;1;1;0.0262020342127596;0.00169260236046783;0.133916125340789;0.000537210010565507;0.0482444996597647;0.2;2
"4-Multi";59;"E3 LEMA";1.30555555555556;0.305555555555556;1;4;2;2;0.0354044583983821;7.07153789363501e-05;0.000263998081102584;1.5685869101759e-05;0.000363511258461385;0.2;4
"4-Multi";60;"E3 PUPA";2;1;1;2;1;1;0.0430083220126768;6.39213444509737e-05;4.55037223595508e-05;0.000135869491226034;0.000512525926504605;0.2;2
"4-Multi";61;"E4 CHFU";1.03508771929825;0.0350877192982456;1;2;1;1;0.0262020342137267;0.00169260236046843;0.133916125340789;0.000537210010565507;0.0482444996597647;0.2;2
"4-Multi";62;"E4 LEMA";1.13888888888889;0.138888888888889;1;4;2;2;0.0310181249147961;2.08794729196977e-05;0.000149141384772081;2.35974370095928e-06;0.000116031185166297;0.2;4
"4-Multi";63;"E4 PUPA";1.46666666666667;0.466666666666667;1;4;2;2;0.0644170074211875;0.000267291395975798;4.31329771343796e-05;6.20099725117226e-05;7.55947631053294e-05;0.2;4
"4-Multi";64;"E5 CHFU";1.01754385964912;0.0175438596491228;1;2;1;1;0.0253151259741043;0.000846301180200969;0.133916125340789;0.000268605005282746;0.0482444996597647;0.2;2
"4-Multi";65;"E6 CHFU";2;1;1;2;1;1;0.0464179865732695;1.92363133083795e-06;4.15668726271587e-07;1.30562850062354e-06;1.13906522334183e-05;0.2;2
"4-Multi";66;"E6 LEMA";1.55882352941176;0.558823529411765;1;4;2;2;0.0394055312526366;1.90861734964413e-05;6.4152435552455e-05;1.32271618349531e-06;3.8430879012545e-05;0.2;4
"4-Multi";67;"E6 PUPA";1.1;0.1;1;2;1;1;0.0342380826836476;5.77235239915561e-05;4.40132746080211e-05;1.07554596708937e-05;6.64958091403859e-05;0.2;2
"4-Multi";68;"F1 CHFU";1.03508771929825;0.0350877192982456;1;2;1;1;0.0262020342116786;0.00169260236039783;0.133916125340789;0.000537210010565487;0.0482444996597647;0.2;2
"4-Multi";69;"F2 CHFU";2.28508771929825;1.28508771929825;1;6;3;3;0.0372729886445102;0.00174545624722341;0.0677851857435992;0.000562079083053989;0.024879735853677;0.2;4
"4-Multi";70;"F2 LEMA";1.2;0.2;1;2;1;1;0.031003346598632;0.00949912597401621;0.0293747171054526;0.00598942704199062;0.0475058548730873;0.2;2
"4-Multi";71;"F3 CHFU";1.01754385964912;0.0175438596491228;1;2;1;1;0.0253151259746576;0.000846301180216728;0.133916125340789;0.000268605005282751;0.0482444996597647;0.2;2
"4-Multi";72;"F3 LEMA";2.57142857142857;1.57142857142857;1;6;3;3;0.0436946127881564;1.16544044058824e-05;4.91891650017455e-05;9.99129831744405e-06;0.00020415675511197;0.2;4
"4-Multi";73;"F3 PUPA";1.26666666666667;0.266666666666667;1;4;2;2;0.044797277525613;0.000151844347930988;4.22526796607393e-05;4.0499053169926e-05;8.46937170702729e-05;0.2;4
"4-Multi";74;"F4 CHFU";1.05263157894737;0.0526315789473684;1;2;1;1;0.02708894244837;0.00253890354068589;0.133916125340789;0.000805815015848254;0.0482444996597647;0.2;2
"4-Multi";75;"F4 CHMI";2.4;1.4;1;4;2;2;0.0606422324442533;8.93266761165745e-05;1.11132203604057e-05;7.13083229912164e-05;0.000108759694259847;0.2;2
"4-Multi";76;"F4 LEMA";1.57142857142857;0.571428571428571;1;4;2;2;0.0337251998056968;1.14314649589247e-05;7.35059898165552e-05;9.65278963560611e-06;0.000296241610106996;0.2;4
"4-Multi";77;"F4 PUPA";1.16666666666667;0.166666666666667;1;2;1;1;0.0349874125794783;9.41208239255573e-05;4.04920847134738e-05;2.97435934990329e-05;0.00010289162500016;0.2;2
"4-Multi";78;"F5 CHFU";1.01754385964912;0.0175438596491228;1;2;1;1;0.0253151259742275;0.000846301180177641;0.133916125340789;0.000268605005282739;0.0482444996597647;0.2;2
"4-Multi";79;"F5 CHMI";1.2;0.2;1;2;1;1;0.0312185684486469;1.06927016292992e-05;1.42519764326163e-05;6.85941186021246e-06;0.000135725927584429;0.2;2
"4-Multi";80;"F6 PUPA";1.16666666666667;0.166666666666667;1;2;1;1;0.0349874125799599;9.41208239909316e-05;4.04920847135053e-05;2.97435934990508e-05;0.00010289162500016;0.2;2
"4-Multi";81;"Andrena_cinerea";20.0333333333333;11.0333333333333;9;30;15;15;0.219155100179973;0.0013167565309171;0.00227596284303862;0.00406091659227103;0.0103827619936431;0.6;4
"4-Multi";82;"Bombyliidae";6.45;5.45;1;16;8;8;0.134952750001536;0.00240958744383158;0.000774499977982528;0.000180402836786694;0.000249725758573499;0.2;4
"4-Multi";83;"Coleoptera";1.33333333333333;0.333333333333333;1;2;1;1;0.0312712953392275;9.30633780639842e-07;2.43759890019201e-06;2.27696189137663e-06;5.55795124278599e-05;0.2;2
"4-Multi";84;"Colias_croceus";2;1;1;2;1;1;0.0521135311735707;0;0;0;8.77470501074688e-06;0.2;2
"4-Multi";85;"Curculionidae";1.83333333333333;0.833333333333333;1;4;2;2;0.0372989112249967;2.2998801165547e-06;2.3963055484905e-06;7.38084008064077e-06;6.66092203816919e-05;0.2;4
"4-Multi";86;"Dilophus_sp.";75.9416666666667;50.9416666666667;25;118;59;59;1;1;1;1;1;1;4
"4-Multi";87;"Diptera";1.25;0.25;1;2;1;1;0.0274623262008221;0.000154266737991215;0.000203490790798739;0.00349431712618098;0.00880126074938964;0.2;2
"4-Multi";88;"Empididae";2.11666666666667;1.11666666666667;1;8;4;4;0.0370277568092225;0.000464387044114566;0.000167801489241755;0.0112076129538495;0.00662574828316075;0.2;4
"4-Multi";89;"Eucera_sp.";4.9;3.9;1;10;5;5;0.115656316307459;0.00471262024258829;0.00192582300797482;0.000332901719316797;0.000597833703756208;0.2;4
"4-Multi";90;"Eupeodes_corollae";6.75;2.75;4;8;4;4;0.0498823293894865;0.000207905233114236;0.00112876890338397;0.00366173403614251;0.0117045117838762;0.4;2
"4-Multi";91;"Lasiocampa_trifolii";4.45;3.45;1;12;6;6;0.0940780672000401;0.00235736496665206;0.0012851005841692;0.000165970085497497;0.000401656500525217;0.2;4
"4-Multi";92;"Malachius_bipustulatus";1.2;0.2;1;2;1;1;0.0286211355562172;0.000232766718245891;0.000757410382781735;0.000169422816112896;0.00233716964668328;0.2;2
"4-Multi";93;"Melanostoma_sp.";1.5;0.5;1;2;1;1;0.0326294735042383;0.000585703344891436;0.000756248779952937;0.0010285264089264;0.00586592496458902;0.2;2
"4-Multi";94;"Mordellidae";10.0333333333333;6.03333333333333;4;16;8;8;0.155931740545103;0.00106316333378931;0.000631716261397481;0.0010353331025489;0.00263310897991938;0.4;4
"4-Multi";95;"Musca_sp.";16.8666666666667;7.86666666666667;9;20;10;10;0.110718353596987;0.00198467544928736;0.00552330872162634;0.00767466486699763;0.020269831092248;0.6;4
"4-Multi";96;"Odontomyia_sp.";22.1238095238095;13.1238095238095;9;30;15;15;0.263433546792809;3.96261843839749e-05;2.12548798755351e-05;3.89345788631208e-05;5.93614382891658e-05;0.6;4
"4-Multi";97;"Psilothrix_viridicoerulea";11.4761904761905;7.47619047619048;4;26;13;13;0.154321922236253;0.0014377311503329;0.000553726210386583;0.00164830298820326;0.000901874555725726;0.4;4
"4-Multi";98;"Scaeva_sp.";1.25;0.25;1;2;1;1;0.0281959308112502;0.000104534373769197;0.000137131663085287;0.00235332747667887;0.00596674549218764;0.2;2
"4-Multi";99;"Sphaerophoria_scripta";7.96666666666667;6.96666666666667;1;26;13;13;0.113856867036589;0.00153350224139919;0.000301824130945442;0.00118724868269287;0.000876531334148381;0.2;4
"4-Multi";100;"Ulidiidae";1.525;0.525;1;4;2;2;0.0318837245746243;0.00034841620116069;0.000245859755579921;0.00507008424825253;0.00662814051022118;0.2;4
"5-Multi";1;"A1 CHFU";1.01754385964912;0.0175438596491228;1;2;1;1;0.0253151259745374;0.000846301180173297;0.133916125340789;0.000268605005282738;0.0482444996597647;0.2;2
"5-Multi";2;"A4 LEMA";1.16993464052288;0.169934640522876;1;4;2;2;0.0354959321465479;5.70814611853677e-05;0.00032553856379374;5.7928020611383e-06;0.000203281743918763;0.2;4
"5-Multi";3;"A5 CHFU";1.45614035087719;0.456140350877193;1;4;2;2;0.0341332346775689;0.0059519301901511;0.117331229615897;0.00189161586229023;0.0424132470681626;0.2;4
"5-Multi";4;"A5 LEMA";2.05555555555556;1.05555555555556;1;4;2;2;0.0370192947659693;3.07461441563638e-05;0.000149714459615161;0.000129416877426188;0.000392364462571445;0.2;2
"5-Multi";5;"A5 ME";1.5;0.5;1;2;1;1;0.0365517600157088;9.61819497002176e-07;4.56173552021583e-07;6.35964237276435e-07;1.13906522334183e-05;0.2;2
"5-Multi";6;"A6 LEMA";1.1;0.1;1;2;1;1;0.0277157821676222;0.00474956298699465;0.0293747171054526;0.00299471352099531;0.0475058548730873;0.2;2
"5-Multi";7;"A6 PUPA";1.1;0.1;1;2;1;1;0.0342380826850781;5.77235240394635e-05;4.40132746080364e-05;1.07554596709072e-05;6.64958091403859e-05;0.2;2
"5-Multi";8;"B1 CHFU";1.01754385964912;0.0175438596491228;1;2;1;1;0.0253151259739738;0.000846301180232181;0.133916125340789;0.000268605005282755;0.0482444996597647;0.2;2
"5-Multi";9;"B2 CHFU";2.05263157894737;1.05263157894737;1;4;2;2;0.0339223903855294;0.00257837170655093;0.100657991005284;0.000835478530860577;0.036746155300478;0.2;2
"5-Multi";10;"B3 CHFU";1.03508771929825;0.0350877192982456;1;2;1;1;0.0262020342119565;0.00169260236047104;0.133916125340789;0.000537210010565508;0.0482444996597647;0.2;2
"5-Multi";11;"B3 LEMA";1.13025210084034;0.130252100840336;1;4;2;2;0.0283390099863263;2.74194183520725e-05;0.000271257818187104;1.06220675331241e-05;0.000373199178291741;0.2;4
"5-Multi";12;"B3 ME";1.25;0.25;1;2;1;1;0.030489988877187;4.80909770006162e-07;4.56173552041328e-07;3.17982118645157e-07;1.13906522334183e-05;0.2;2
"5-Multi";13;"B4 CHFU";1.01754385964912;0.0175438596491228;1;2;1;1;0.0253151259753904;0.000846301180245374;0.133916125340789;0.000268605005282759;0.0482444996597647;0.2;2
"5-Multi";14;"B4 LEMA";1.28571428571429;0.285714285714286;1;2;1;1;0.0314303730548872;4.4623953760024e-05;0.000145211259937724;3.79456099712878e-05;0.000569853949993203;0.2;2
"5-Multi";15;"B4 PUPA";1.26666666666667;0.266666666666667;1;4;2;2;0.0447972775263557;0.000151844347949603;4.22526796607499e-05;4.04990531699316e-05;8.46937170702729e-05;0.2;4
"5-Multi";16;"B5 CHFU";1.03508771929825;0.0350877192982456;1;2;1;1;0.0262020342127788;0.00169260236043591;0.133916125340789;0.000537210010565498;0.0482444996597647;0.2;2
"5-Multi";17;"B5 LEMA";1.35396825396825;0.353968253968254;1;6;3;3;0.0401243208152846;0.00481269299516649;0.00604889018805456;0.00301834346300179;0.00981577271964794;0.2;4
"5-Multi";18;"B5 ME";1.25;0.25;1;2;1;1;0.0304899888749898;4.80909738391262e-07;4.5617355202869e-07;3.17982118636868e-07;1.13906522334183e-05;0.2;2
"5-Multi";19;"B5 PUPA";1.225;0.225;1;4;2;2;0.044450167781112;0.000198841584856285;6.26160175408976e-05;4.41852729123278e-05;0.000108191362355747;0.2;4
"5-Multi";20;"B6 CHFU";1.33771929824561;0.337719298245614;1;4;2;2;0.0325783602288575;0.0042593177742803;0.11205249542431;0.00134885066295847;0.0404694006925131;0.2;4
"5-Multi";21;"B6 LEMA";1.22875816993464;0.228758169934641;1;4;2;2;0.03765618556545;7.33448911117066e-05;0.000343480016954417;6.92846710144134e-06;0.000196597409586642;0.2;4
"5-Multi";22;"C1 LEMA";2.31111111111111;1.31111111111111;1;6;3;3;0.0491565887310689;0.00978280034591274;0.00995119219708836;0.00644623036579099;0.0164772912875456;0.2;4
"5-Multi";23;"C2 CHFU";2.53508771929825;1.53508771929825;1;6;3;3;0.0470027809853182;0.00185605774610982;0.0541970116883665;0.000616837338888736;0.0203049093630436;0.2;4
"5-Multi";24;"C2 LEMA";2.27320261437908;1.27320261437909;1;8;4;4;0.0442067966614656;0.00485825992185311;0.00610006319415004;0.00310449478895896;0.00972842963479402;0.2;4
"5-Multi";25;"C2 PUPA";2.51666666666667;1.51666666666667;1;8;4;4;0.0924326289000612;0.0471679009076282;0.00530564726949686;0.0314019413054231;0.00944216050954609;0.2;4
"5-Multi";26;"C3 CHFU";1.95175438596491;0.951754385964912;1;6;3;3;0.0369109540713704;0.00177605809089473;0.054608103121359;0.000565797297732217;0.0202543726059361;0.2;4
"5-Multi";27;"C3 LEMA";1.31932773109244;0.319327731092437;1;4;2;2;0.0344100556539812;7.11022666157736e-05;0.000296467129836973;2.23798001065449e-05;0.000333868223951449;0.2;4
"5-Multi";28;"C3 PUPA";2;1;1;2;1;1;0.0521135311718518;1.12176046920368e-12;0;0;8.77470501074688e-06;0.2;2
"5-Multi";29;"C4 LEMA";1.41199813258637;0.411998132586368;1;8;4;4;0.0384299948208766;7.06108680805924e-05;0.000188536820965612;3.19546162197031e-05;0.000353028104483747;0.2;4
"5-Multi";30;"C4 PUPA";1.1;0.1;1;2;1;1;0.0342380826858187;5.77235240188061e-05;4.40132746080324e-05;1.07554596709009e-05;6.64958091403859e-05;0.2;2
"5-Multi";31;"C5 CHFU";1.01754385964912;0.0175438596491228;1;2;1;1;0.0253151259764027;0.000846301180252258;0.133916125340789;0.000268605005282761;0.0482444996597647;0.2;2
"5-Multi";32;"C5 LEMA";1.11111111111111;0.111111111111111;1;2;1;1;0.0333356787275034;4.08180312912644e-05;0.00028965565747237;4.65713702084413e-06;0.000216650412583005;0.2;2
"5-Multi";33;"C6 CHFU";1.05263157894737;0.0526315789473684;1;2;1;1;0.027088942448174;0.0025389035406294;0.133916125340789;0.000805815015848238;0.0482444996597647;0.2;2
"5-Multi";34;"C6 LEMA";1.08333333333333;0.0833333333333333;1;2;1;1;0.0265643944194757;4.70457231171777e-07;8.62711207176256e-06;3.11751905273505e-08;1.54119577495892e-05;0.2;2
"5-Multi";35;"D1 CHFU";1.26754385964912;0.267543859649123;1;4;2;2;0.0290307272807413;0.000874113053471675;0.0683252355913533;0.0002744306418275;0.0249192027580099;0.2;4
"5-Multi";36;"D1 CHMI";1.4;0.4;1;2;1;1;0.0380089191581398;2.13854031997374e-05;1.42519764325899e-05;1.37188237204062e-05;0.000135725927584429;0.2;2
"5-Multi";37;"D1 LEMA";1.05555555555556;0.0555555555555556;1;2;1;1;0.0288819482320367;2.04090156040419e-05;0.000289655657472332;2.32856851041247e-06;0.000216650412583005;0.2;2
"5-Multi";38;"D2 CHFU";1.53508771929825;0.535087719298246;1;4;2;2;0.0307650151533449;0.00176072375597549;0.0897949956676732;0.000569454137491426;0.0328889564068186;0.2;4
"5-Multi";39;"D2 LEMA";1.15882352941176;0.158823529411765;1;4;2;2;0.0298760355881173;0.00476582641690734;0.0148860107409445;0.00299584918603561;0.0238411996398388;0.2;4
"5-Multi";40;"D2 ME";2;1;1;2;1;1;0.0541079202173484;0.0485445435812952;0.0272000254771252;0.0311587594816164;0.0485522932499921;0.2;2
"5-Multi";41;"D2 PUPA";1.25;0.25;1;2;1;1;0.0448523879283026;0.000282236121656238;8.12187604737618e-05;6.68596264828525e-05;0.000149886915571107;0.2;2
"5-Multi";42;"D3 CHFU";1.01754385964912;0.0175438596491228;1;2;1;1;0.0253151259766759;0.000846301180258523;0.133916125340789;0.000268605005282763;0.0482444996597647;0.2;2
"5-Multi";43;"D3 CHMI";2;1;1;2;1;1;0.0541079202230778;0.0485445435797461;0.0272000254771252;0.0311587594816164;0.0485522932499921;0.2;2
"5-Multi";44;"D3 LEMA";1.05555555555556;0.0555555555555556;1;2;1;1;0.028881948232742;2.04090156553161e-05;0.000289655657472365;2.32856851042699e-06;0.000216650412583005;0.2;2
"5-Multi";45;"D3 PUPA";1.125;0.125;1;2;1;1;0.0346403028328576;0.000141118060784532;8.121876047374e-05;3.34298132414157e-05;0.000149886915571107;0.2;2
"5-Multi";46;"D4 CHFU";1.01754385964912;0.0175438596491228;1;2;1;1;0.0253151259737479;0.000846301180179601;0.133916125340789;0.000268605005282741;0.0482444996597647;0.2;2
"5-Multi";47;"D4 LEMA";2.1;1.1;1;4;2;2;0.038839646585901;0.00488987273628699;0.0148128244713448;0.00309973357890587;0.0244588705096759;0.2;2
"5-Multi";48;"D5 CHFU";1.01754385964912;0.0175438596491228;1;2;1;1;0.0253151259751473;0.000846301180250036;0.133916125340789;0.00026860500528276;0.0482444996597647;0.2;2
"5-Multi";49;"D5 LEMA";1.55555555555556;0.555555555555556;1;6;3;3;0.0418129884446169;7.2126750760638e-05;0.000110775499684115;1.57793946733646e-05;0.000154651678034307;0.2;4
"5-Multi";50;"D5 PUPA";1.25;0.25;1;2;1;1;0.0448523879277973;0.000282236121659529;8.12187604737635e-05;6.68596264828534e-05;0.000149886915571107;0.2;2
"5-Multi";51;"D6 CHFU";1.05263157894737;0.0526315789473684;1;2;1;1;0.0270889424495406;0.00253890354067311;0.133916125340789;0.00080581501584825;0.0482444996597647;0.2;2
"5-Multi";52;"D6 LEMA";1.6;0.6;1;4;2;2;0.0407608025005673;0.00485017571363603;0.00995046603830608;0.00302142812217799;0.0161755330272556;0.2;4
"5-Multi";53;"E1 CHFU";1.01754385964912;0.0175438596491228;1;2;1;1;0.0253151259742256;0.00084630118019392;0.133916125340789;0.000268605005282744;0.0482444996597647;0.2;2
"5-Multi";54;"E1 LEMA";1.11764705882353;0.117647058823529;1;2;1;1;0.0287487245767463;3.25268598405055e-05;0.000397304376436487;2.27133008060757e-06;0.00017654440659028;0.2;2
"5-Multi";55;"E2 CHFU";2.05263157894737;1.05263157894737;1;4;2;2;0.0338207316553984;0.00257585932381151;0.100650223053313;0.000834073725416395;0.0367121400992467;0.2;2
"5-Multi";56;"E2 LEMA";1.17647058823529;0.176470588235294;1;2;1;1;0.0309089779954516;4.87902897240425e-05;0.000397304376436472;3.4069951208996e-06;0.00017654440659028;0.2;2
"5-Multi";57;"E2 ME";2;1;1;2;1;1;0.0346581435543473;9.634516438591e-05;0.000130464621296854;0.000250385906613786;0.000992480090629128;0.2;2
"5-Multi";58;"E3 CHFU";1.03508771929825;0.0350877192982456;1;2;1;1;0.0262020342127596;0.00169260236046783;0.133916125340789;0.000537210010565507;0.0482444996597647;0.2;2
"5-Multi";59;"E3 LEMA";1.30555555555556;0.305555555555556;1;4;2;2;0.0354044583983821;7.07153789363501e-05;0.000263998081102584;1.5685869101759e-05;0.000363511258461385;0.2;4
"5-Multi";60;"E3 PUPA";2;1;1;2;1;1;0.0430083220126768;6.39213444509737e-05;4.55037223595508e-05;0.000135869491226034;0.000512525926504605;0.2;2
"5-Multi";61;"E4 CHFU";1.03508771929825;0.0350877192982456;1;2;1;1;0.0262020342137267;0.00169260236046843;0.133916125340789;0.000537210010565507;0.0482444996597647;0.2;2
"5-Multi";62;"E4 LEMA";1.13888888888889;0.138888888888889;1;4;2;2;0.0310181249147961;2.08794729196977e-05;0.000149141384772081;2.35974370095928e-06;0.000116031185166297;0.2;4
"5-Multi";63;"E4 PUPA";1.46666666666667;0.466666666666667;1;4;2;2;0.0644170074211875;0.000267291395975798;4.31329771343796e-05;6.20099725117226e-05;7.55947631053294e-05;0.2;4
"5-Multi";64;"E5 CHFU";1.01754385964912;0.0175438596491228;1;2;1;1;0.0253151259741043;0.000846301180200969;0.133916125340789;0.000268605005282746;0.0482444996597647;0.2;2
"5-Multi";65;"E6 CHFU";2;1;1;2;1;1;0.0464179865732695;1.92363133083795e-06;4.15668726271587e-07;1.30562850062354e-06;1.13906522334183e-05;0.2;2
"5-Multi";66;"E6 LEMA";1.55882352941176;0.558823529411765;1;4;2;2;0.0394055312526366;1.90861734964413e-05;6.4152435552455e-05;1.32271618349531e-06;3.8430879012545e-05;0.2;4
"5-Multi";67;"E6 PUPA";1.1;0.1;1;2;1;1;0.0342380826836476;5.77235239915561e-05;4.40132746080211e-05;1.07554596708937e-05;6.64958091403859e-05;0.2;2
"5-Multi";68;"F1 CHFU";1.03508771929825;0.0350877192982456;1;2;1;1;0.0262020342116786;0.00169260236039783;0.133916125340789;0.000537210010565487;0.0482444996597647;0.2;2
"5-Multi";69;"F2 CHFU";2.28508771929825;1.28508771929825;1;6;3;3;0.0372729886445102;0.00174545624722341;0.0677851857435992;0.000562079083053989;0.024879735853677;0.2;4
"5-Multi";70;"F2 LEMA";1.2;0.2;1;2;1;1;0.031003346598632;0.00949912597401621;0.0293747171054526;0.00598942704199062;0.0475058548730873;0.2;2
"5-Multi";71;"F3 CHFU";1.01754385964912;0.0175438596491228;1;2;1;1;0.0253151259746576;0.000846301180216728;0.133916125340789;0.000268605005282751;0.0482444996597647;0.2;2
"5-Multi";72;"F3 LEMA";2.57142857142857;1.57142857142857;1;6;3;3;0.0436946127881564;1.16544044058824e-05;4.91891650017455e-05;9.99129831744405e-06;0.00020415675511197;0.2;4
"5-Multi";73;"F3 PUPA";1.26666666666667;0.266666666666667;1;4;2;2;0.044797277525613;0.000151844347930988;4.22526796607393e-05;4.0499053169926e-05;8.46937170702729e-05;0.2;4
"5-Multi";74;"F4 CHFU";1.05263157894737;0.0526315789473684;1;2;1;1;0.02708894244837;0.00253890354068589;0.133916125340789;0.000805815015848254;0.0482444996597647;0.2;2
"5-Multi";75;"F4 CHMI";2.4;1.4;1;4;2;2;0.0606422324442533;8.93266761165745e-05;1.11132203604057e-05;7.13083229912164e-05;0.000108759694259847;0.2;2
"5-Multi";76;"F4 LEMA";1.57142857142857;0.571428571428571;1;4;2;2;0.0337251998056968;1.14314649589247e-05;7.35059898165552e-05;9.65278963560611e-06;0.000296241610106996;0.2;4
"5-Multi";77;"F4 PUPA";1.16666666666667;0.166666666666667;1;2;1;1;0.0349874125794783;9.41208239255573e-05;4.04920847134738e-05;2.97435934990329e-05;0.00010289162500016;0.2;2
"5-Multi";78;"F5 CHFU";1.01754385964912;0.0175438596491228;1;2;1;1;0.0253151259742275;0.000846301180177641;0.133916125340789;0.000268605005282739;0.0482444996597647;0.2;2
"5-Multi";79;"F5 CHMI";1.2;0.2;1;2;1;1;0.0312185684486469;1.06927016292992e-05;1.42519764326163e-05;6.85941186021246e-06;0.000135725927584429;0.2;2
"5-Multi";80;"F6 PUPA";1.16666666666667;0.166666666666667;1;2;1;1;0.0349874125799599;9.41208239909316e-05;4.04920847135053e-05;2.97435934990508e-05;0.00010289162500016;0.2;2
"5-Multi";81;"Andrena_cinerea";20.0333333333333;11.0333333333333;9;30;15;15;0.219155100179973;0.0013167565309171;0.00227596284303862;0.00406091659227103;0.0103827619936431;0.6;4
"5-Multi";82;"Bombyliidae";6.45;5.45;1;16;8;8;0.134952750001536;0.00240958744383158;0.000774499977982528;0.000180402836786694;0.000249725758573499;0.2;4
"5-Multi";83;"Coleoptera";1.33333333333333;0.333333333333333;1;2;1;1;0.0312712953392275;9.30633780639842e-07;2.43759890019201e-06;2.27696189137663e-06;5.55795124278599e-05;0.2;2
"5-Multi";84;"Colias_croceus";2;1;1;2;1;1;0.0521135311735707;0;0;0;8.77470501074688e-06;0.2;2
"5-Multi";85;"Curculionidae";1.83333333333333;0.833333333333333;1;4;2;2;0.0372989112249967;2.2998801165547e-06;2.3963055484905e-06;7.38084008064077e-06;6.66092203816919e-05;0.2;4
"5-Multi";86;"Dilophus_sp.";75.9416666666667;50.9416666666667;25;118;59;59;1;1;1;1;1;1;4
"5-Multi";87;"Diptera";1.25;0.25;1;2;1;1;0.0274623262008221;0.000154266737991215;0.000203490790798739;0.00349431712618098;0.00880126074938964;0.2;2
"5-Multi";88;"Empididae";2.11666666666667;1.11666666666667;1;8;4;4;0.0370277568092225;0.000464387044114566;0.000167801489241755;0.0112076129538495;0.00662574828316075;0.2;4
"5-Multi";89;"Eucera_sp.";4.9;3.9;1;10;5;5;0.115656316307459;0.00471262024258829;0.00192582300797482;0.000332901719316797;0.000597833703756208;0.2;4
"5-Multi";90;"Eupeodes_corollae";6.75;2.75;4;8;4;4;0.0498823293894865;0.000207905233114236;0.00112876890338397;0.00366173403614251;0.0117045117838762;0.4;2
"5-Multi";91;"Lasiocampa_trifolii";4.45;3.45;1;12;6;6;0.0940780672000401;0.00235736496665206;0.0012851005841692;0.000165970085497497;0.000401656500525217;0.2;4
"5-Multi";92;"Malachius_bipustulatus";1.2;0.2;1;2;1;1;0.0286211355562172;0.000232766718245891;0.000757410382781735;0.000169422816112896;0.00233716964668328;0.2;2
"5-Multi";93;"Melanostoma_sp.";1.5;0.5;1;2;1;1;0.0326294735042383;0.000585703344891436;0.000756248779952937;0.0010285264089264;0.00586592496458902;0.2;2
"5-Multi";94;"Mordellidae";10.0333333333333;6.03333333333333;4;16;8;8;0.155931740545103;0.00106316333378931;0.000631716261397481;0.0010353331025489;0.00263310897991938;0.4;4
"5-Multi";95;"Musca_sp.";16.8666666666667;7.86666666666667;9;20;10;10;0.110718353596987;0.00198467544928736;0.00552330872162634;0.00767466486699763;0.020269831092248;0.6;4
"5-Multi";96;"Odontomyia_sp.";22.1238095238095;13.1238095238095;9;30;15;15;0.263433546792809;3.96261843839749e-05;2.12548798755351e-05;3.89345788631208e-05;5.93614382891658e-05;0.6;4
"5-Multi";97;"Psilothrix_viridicoerulea";11.4761904761905;7.47619047619048;4;26;13;13;0.154321922236253;0.0014377311503329;0.000553726210386583;0.00164830298820326;0.000901874555725726;0.4;4
"5-Multi";98;"Scaeva_sp.";1.25;0.25;1;2;1;1;0.0281959308112502;0.000104534373769197;0.000137131663085287;0.00235332747667887;0.00596674549218764;0.2;2
"5-Multi";99;"Sphaerophoria_scripta";7.96666666666667;6.96666666666667;1;26;13;13;0.113856867036589;0.00153350224139919;0.000301824130945442;0.00118724868269287;0.000876531334148381;0.2;4
"5-Multi";100;"Ulidiidae";1.525;0.525;1;4;2;2;0.0318837245746243;0.00034841620116069;0.000245859755579921;0.00507008424825253;0.00662814051022118;0.2;4
"Aggr";1;"A1 CHFU";1.01754385964912;0.0175438596491228;1;2;1;1;0.0143041405724506;0.00910410489468949;1;0;0.518933346538933;0;2
"Aggr";2;"A4 LEMA";1.16993464052288;0.169934640522876;1;4;2;2;0.0400851045284498;0.00421021477668987;0.0119718065768542;0;0.0237654880230374;0;4
"Aggr";3;"A5 CHFU";1.45614035087719;0.456140350877193;1;4;2;2;0.0408509898893981;0.0652822759718575;0.876229846397562;0;0.465136380213809;0;4
"Aggr";4;"A5 LEMA";2.05555555555556;1.05555555555556;1;4;2;2;0.0380510294076165;0.0040435857804806;0.00888762960610444;0;0.0780559248722948;0;4
"Aggr";5;"A5 ME";1.5;0.5;1;2;1;1;0.0571551318084676;0.00358719011930297;0.000394631637269341;0;0.0135933292398565;0;2
"Aggr";6;"A6 LEMA";1.1;0.1;1;2;1;1;0.0283216844320489;0.0518933978965478;1;0;0.518933346538933;0;2
"Aggr";7;"A6 PUPA";1.1;0.1;1;2;1;1;0.0408595805475255;0.00410674303058388;0.00180928683322987;0;0.00411601683226388;0;2
"Aggr";8;"B1 CHFU";1.01754385964912;0.0175438596491228;1;2;1;1;0.0143041405723418;0.00910410489384854;1;0;0.518933346538933;0;2
"Aggr";9;"B2 CHFU";2.05263157894737;1.05263157894737;1;4;2;2;0.0351260580404409;0.0298675445370109;0.751734290462908;0;0.422928928471958;0;4
"Aggr";10;"B3 CHFU";1.03508771929825;0.0350877192982456;1;2;1;1;0.0172865967126484;0.0182082097876017;0.999999999999999;0;0.518933346538933;0;2
"Aggr";11;"B3 LEMA";1.13025210084034;0.130252100840336;1;4;2;2;0.0209197611238223;0.00281680258405577;0.0122885365383649;0;0.0955171647935887;0;4
"Aggr";12;"B3 ME";1.25;0.25;1;2;1;1;0.0342384081202448;0.00179359505964772;0.000394631637269339;0;0.0135933292398565;0;2
"Aggr";13;"B4 CHFU";1.01754385964912;0.0175438596491228;1;2;1;1;0.0143041405723175;0.00910410489366012;0.999999999999999;0;0.518933346538933;0;2
"Aggr";14;"B4 LEMA";1.28571428571429;0.285714285714286;1;2;1;1;0.0296390291192117;0.00633319863454252;0.0103378480673225;0;0.162130216465176;0;2
"Aggr";15;"B4 PUPA";1.26666666666667;0.266666666666667;1;4;2;2;0.0733680402370187;0.0102375671911293;0.00173201261518162;0;0.0051280158016328;0;4
"Aggr";16;"B5 CHFU";1.03508771929825;0.0350877192982456;1;2;1;1;0.0172865967127132;0.0182082097881034;1;0;0.518933346538933;0;2
"Aggr";17;"B5 LEMA";1.35396825396825;0.353968253968254;1;6;3;3;0.0612250363518992;0.0580367090637841;0.20847037817116;0;0.177117226083279;0;4
"Aggr";18;"B5 ME";1.25;0.25;1;2;1;1;0.0342384081203267;0.00179359506028162;0.00039463163726946;0;0.0135933292398565;0;2
"Aggr";19;"B5 PUPA";1.225;0.225;1;4;2;2;0.075444390197088;0.013237243927658;0.00256427976399586;0;0.00662778664171885;0;4
"Aggr";20;"B6 CHFU";1.33771929824561;0.337719298245614;1;4;2;2;0.035392453618145;0.0470718369830201;0.836958783978676;0;0.447182881905686;0;4
"Aggr";21;"B6 LEMA";1.22875816993464;0.228758169934641;1;4;2;2;0.0451038450484061;0.0054437177017556;0.0125386611849925;0;0.0250501442977784;0;4
"Aggr";22;"C1 LEMA";2.31111111111111;1.31111111111111;1;6;3;3;0.0963776061149437;0.130294928715383;0.342176823234176;0;0.257207011637495;0;4
"Aggr";23;"C2 CHFU";2.53508771929825;1.53508771929825;1;6;3;3;0.095052924170915;0.0521401155431117;0.407273613695319;0;0.318723727781643;0;4
"Aggr";24;"C2 LEMA";2.27320261437908;1.27320261437909;1;8;4;4;0.0699648591789901;0.0590279142927616;0.208163566043166;0;0.126396313008077;0;4
"Aggr";25;"C2 PUPA";2.51666666666667;1.51666666666667;1;8;4;4;0.312537659535934;0.547432547947125;0.202020514123977;0;0.109493698208909;0;4
"Aggr";26;"C3 CHFU";1.95175438596491;0.951754385964912;1;6;3;3;0.0437493101469955;0.0228666057276066;0.408286049246612;0;0.260682496738642;0;4
"Aggr";27;"C3 LEMA";1.31932773109244;0.319327731092437;1;4;2;2;0.0355365783356518;0.00686710809374834;0.0126786742325734;0;0.0821945544592713;0;4
"Aggr";28;"C3 PUPA";2;1;1;2;1;1;0.0754778962130639;0;0;0;9.47243651628986e-06;0;2
"Aggr";29;"C4 LEMA";1.41199813258637;0.411998132586368;1;8;4;4;0.049589681151632;0.00806962284629583;0.00941424970153691;0;0.091680711205157;0;4
"Aggr";30;"C4 PUPA";1.1;0.1;1;2;1;1;0.0408595805474207;0.00410674302977355;0.00180928683322986;0;0.00411601683226388;0;2
"Aggr";31;"C5 CHFU";1.01754385964912;0.0175438596491228;1;2;1;1;0.0143041405723048;0.00910410489356181;1;0;0.518933346538933;0;2
"Aggr";32;"C5 LEMA";1.11111111111111;0.111111111111111;1;2;1;1;0.0350663640083467;0.00297671185048865;0.0108380973605775;0;0.0211961754735553;0;2
"Aggr";33;"C6 CHFU";1.05263157894737;0.0526315789473684;1;2;1;1;0.0202690528531036;0.0273123146825046;1;0;0.518933346538933;0;2
"Aggr";34;"C6 LEMA";1.08333333333333;0.0833333333333333;1;2;1;1;0.0189605923281704;0.000597865020451174;0.00039463163726942;0;0.0135933292398565;0;2
"Aggr";35;"D1 CHFU";1.26754385964912;0.267543859649123;1;4;2;2;0.0234626290566477;0.0106554174059107;0.51087635193603;0;0.303681952639195;0;4
"Aggr";36;"D1 CHMI";1.4;0.4;1;2;1;1;0.0515437748513292;0.00854860186933394;0.00930970602467241;0;0.041101749305418;0;2
"Aggr";37;"D1 LEMA";1.05555555555556;0.0555555555555556;1;2;1;1;0.0231940242201846;0.00148835592524242;0.0108380973605775;0;0.0211961754735553;0;2
"Aggr";38;"D2 CHFU";1.53508771929825;0.535087719298246;1;4;2;2;0.0309422177659886;0.0299739203240235;0.671897457447317;0;0.42311940199262;0;4
"Aggr";39;"D2 LEMA";1.15882352941176;0.158823529411765;1;4;2;2;0.0333404249519274;0.0531269008210113;0.507119612504703;0;0.273918729830467;0;4
"Aggr";40;"D2 ME";2;1;1;2;1;1;0.181321684431853;0.518933978962163;0.999999999999999;0;0.518933346538933;0;2
"Aggr";41;"D2 PUPA";1.25;0.25;1;2;1;1;0.0804913037312962;0.018261001795295;0.00331927269476187;0;0.00913955645117382;0;2
"Aggr";42;"D3 CHFU";1.01754385964912;0.0175438596491228;1;2;1;1;0.0143041405722932;0.00910410489347234;0.999999999999999;0;0.518933346538933;0;2
"Aggr";43;"D3 CHMI";2;1;1;2;1;1;0.181321684431796;0.518933978961721;1;0;0.518933346538933;0;2
"Aggr";44;"D3 LEMA";1.05555555555556;0.0555555555555556;1;2;1;1;0.0231940242201652;0.00148835592509288;0.0108380973605775;0;0.0211961754735553;0;2
"Aggr";45;"D3 PUPA";1.125;0.125;1;2;1;1;0.0459064940816151;0.00913050089730315;0.00331927269476182;0;0.00913955645117382;0;2
"Aggr";46;"D4 CHFU";1.01754385964912;0.0175438596491228;1;2;1;1;0.0143041405724389;0.00910410489459945;1;0;0.518933346538933;0;2
"Aggr";47;"D4 LEMA";2.1;1.1;1;4;2;2;0.0594052699786731;0.0599678422054611;0.504548526777524;0;0.299841911839961;0;2
"Aggr";48;"D5 CHFU";1.01754385964912;0.0175438596491228;1;2;1;1;0.0143041405723089;0.00910410489359355;1;0;0.518933346538933;0;2
"Aggr";49;"D5 LEMA";1.55555555555556;0.555555555555556;1;6;3;3;0.0712495544205163;0.00862482715356078;0.00426633965941164;0;0.0206155824997086;0;4
"Aggr";50;"D5 PUPA";1.25;0.25;1;2;1;1;0.0804913037312659;0.0182610017950605;0.00331927269476185;0;0.00913955645117382;0;2
"Aggr";51;"D6 CHFU";1.05263157894737;0.0526315789473684;1;2;1;1;0.0202690528530229;0.0273123146818802;0.999999999999999;0;0.518933346538933;0;2
"Aggr";52;"D6 LEMA";1.6;0.6;1;4;2;2;0.0785992974561058;0.0625791502326287;0.339539804016448;0;0.200378948383256;0;4
"Aggr";53;"E1 CHFU";1.01754385964912;0.0175438596491228;1;2;1;1;0.0143041405724125;0.00910410489439495;1;0;0.518933346538933;0;2
"Aggr";54;"E1 LEMA";1.11764705882353;0.117647058823529;1;2;1;1;0.0213591654720632;0.00246700585111877;0.0142392250094075;0;0.0289041131220015;0;2
"Aggr";55;"E2 CHFU";2.05263157894737;1.05263157894737;1;4;2;2;0.0364820559835854;0.0292837908035539;0.751694138788107;0;0.417294763296477;0;2
"Aggr";56;"E2 LEMA";1.17647058823529;0.176470588235294;1;2;1;1;0.0263779059920827;0.00370050877667302;0.0142392250094075;0;0.0289041131220015;0;2
"Aggr";57;"E2 ME";2;1;1;2;1;1;0.0386329265386483;0.0235314210724185;0.0156923723419524;0;0.231491512899996;0;2
"Aggr";58;"E3 CHFU";1.03508771929825;0.0350877192982456;1;2;1;1;0.0172865967126543;0.0182082097876476;1;0;0.518933346538933;0;2
"Aggr";59;"E3 LEMA";1.30555555555556;0.305555555555556;1;4;2;2;0.0483328307321895;0.00683123209310053;0.0100739016926249;0;0.0311489623894866;0;4
"Aggr";60;"E3 PUPA";2;1;1;2;1;1;0.075432390836993;0.0221661952194252;0.0103378480673224;0;0.162130216465176;0;2
"Aggr";61;"E4 CHFU";1.03508771929825;0.0350877192982456;1;2;1;1;0.0172865967126532;0.018208209787639;1;0;0.518933346538933;0;2
"Aggr";62;"E4 LEMA";1.13888888888889;0.138888888888889;1;4;2;2;0.03083293211628;0.00208622094529172;0.00561636449892345;0;0.0173947523567059;0;4
"Aggr";63;"E4 PUPA";1.46666666666667;0.466666666666667;1;4;2;2;0.132443832467805;0.0184510532506016;0.00177064972420566;0;0.00462201631694834;0;4
"Aggr";64;"E5 CHFU";1.01754385964912;0.0175438596491228;1;2;1;1;0.0143041405723995;0.00910410489429428;1;0;0.518933346538933;0;2
"Aggr";65;"E6 CHFU";2;1;1;2;1;1;0.102988579184845;0.00717438023808427;0.000394631637269365;0;0.0135933292398565;0;2
"Aggr";66;"E6 LEMA";1.55882352941176;0.558823529411765;1;4;2;2;0.062173872328476;0.00482069304477098;0.00237243069043187;0;0.0157805840801629;0;4
"Aggr";67;"E6 PUPA";1.1;0.1;1;2;1;1;0.0408595805474904;0.00410674303031247;0.00180928683322986;0;0.00411601683226388;0;2
"Aggr";68;"F1 CHFU";1.03508771929825;0.0350877192982456;1;2;1;1;0.0172865967127836;0.0182082097886472;1;0;0.518933346538933;0;2
"Aggr";69;"F2 CHFU";2.28508771929825;1.28508771929825;1;6;3;3;0.0440195477830422;0.021185817612095;0.506579885859879;0;0.301900521489394;0;4
"Aggr";70;"F2 LEMA";1.2;0.2;1;2;1;1;0.045321684432053;0.103786795792927;1;0;0.518933346538933;0;2
"Aggr";71;"F3 CHFU";1.01754385964912;0.0175438596491228;1;2;1;1;0.0143041405723704;0.00910410489406923;1;0;0.518933346538933;0;2
"Aggr";72;"F3 LEMA";2.57142857142857;1.57142857142857;1;6;3;3;0.057010528180268;0.00196909731975909;0.00350551611814161;0;0.0672172207897247;0;4
"Aggr";73;"F3 PUPA";1.26666666666667;0.266666666666667;1;4;2;2;0.0733680402369829;0.0102375671908523;0.00173201261518159;0;0.0051280158016328;0;4
"Aggr";74;"F4 CHFU";1.05263157894737;0.0526315789473684;1;2;1;1;0.0202690528529993;0.0273123146816977;1;0;0.518933346538933;0;2
"Aggr";75;"F4 CHMI";2.4;1.4;1;4;2;2;0.136862363691333;0.0295181516012238;0.0109528790195841;0;0.0370358705776125;0;4
"Aggr";76;"F4 LEMA";1.57142857142857;0.571428571428571;1;4;2;2;0.0336570608766875;0.00179234295747291;0.00523720592432729;0;0.0917720055203035;0;4
"Aggr";77;"F4 PUPA";1.16666666666667;0.166666666666667;1;2;1;1;0.0438301441214466;0.00613082416000713;0.00165473839713328;0;0.00614001477100173;0;2
"Aggr";78;"F5 CHFU";1.01754385964912;0.0175438596491228;1;2;1;1;0.0143041405724425;0.00910410489462745;1;0;0.518933346538933;0;2
"Aggr";79;"F5 CHMI";1.2;0.2;1;2;1;1;0.0314327296416205;0.00427430093423663;0.00930970602467235;0;0.041101749305418;0;2
"Aggr";80;"F6 PUPA";1.16666666666667;0.166666666666667;1;2;1;1;0.043830144121474;0.00613082416021868;0.0016547383971333;0;0.00614001477100173;0;2
"Aggr";81;"Andrena_cinerea";8.03333333333333;5.03333333333333;3;18;9;9;0.226273081430371;0.0427148657010709;0;0.0103378480673225;0.312423713601701;0;4
"Aggr";82;"Bombyliidae";6.45;5.45;1;16;8;8;0.347504660182085;0.0791380637363806;0;0.00180928683322974;0.00792297517113133;0;4
"Aggr";83;"Coleoptera";1.33333333333333;0.333333333333333;1;2;1;1;0.0274746674161728;0.000340610501267615;0;4.21365057701231e-05;0.0348855079426957;0;2
"Aggr";84;"Colias_croceus";2;1;1;2;1;1;0.0754778962130685;2.77232284102743e-12;0;0;9.47243651628986e-06;0;2
"Aggr";85;"Curculionidae";1.83333333333333;0.833333333333333;1;4;2;2;0.0417789182890732;0.000805664334445848;0;0.000136563781332166;0.0412566003025351;0;4
"Aggr";86;"Dilophus_sp.";35.9416666666667;30.9416666666667;5;78;39;39;1;1;0;1;1;0;4
"Aggr";87;"Diptera";1.25;0.25;1;2;1;1;0.0190741213289582;0.00379908852025297;0;0.00677655515243086;0.21655082334972;0;2
"Aggr";88;"Empididae";2.11666666666667;1.11666666666667;1;8;4;4;0.0430987693390964;0.0119576869156407;0;0.0217527038720608;0.170401033034408;0;4
"Aggr";89;"Eucera_sp.";4.9;3.9;1;10;5;5;0.325504090820481;0.140757803761591;0;0.00331927269476174;0.0176035705039997;0;4
"Aggr";90;"Eupeodes_corollae";2.75;0.75;2;4;2;2;0.0349576592643528;0.00492399796179587;0;0.00693716185163127;0.259980020481605;0;4
"Aggr";91;"Lasiocampa_trifolii";4.45;3.45;1;12;6;6;0.22947148016072;0.0708855971120962;0;0.00165473839713319;0.0118233136746291;0;4
"Aggr";92;"Malachius_bipustulatus";1.2;0.2;1;2;1;1;0.0232157104929582;0.0061263180870142;0;0.00150128283643923;0.0655952426385198;0;2
"Aggr";93;"Melanostoma_sp.";1.5;0.5;1;2;1;1;0.0365689241728677;0.0155596754825836;0;0.0090970535550482;0.155601157305687;0;2
"Aggr";94;"Mordellidae";6.03333333333333;4.03333333333333;2;12;6;6;0.236600531879937;0.0411834752357955;0;0.00930970602467238;0.0791962080554825;0;4
"Aggr";95;"Musca_sp.";4.86666666666667;1.86666666666667;3;8;4;4;0.096392619198917;0.0453456933371327;0;0.0156923723419523;0.446086169456746;0;4
"Aggr";96;"Odontomyia_sp.";10.1238095238095;7.12380952380952;3;18;9;9;0.323530216775331;0.0138252273494535;0;0.000394631637271195;0.0261861985596202;0;4
"Aggr";97;"Psilothrix_viridicoerulea";7.47619047619048;5.47619047619048;2;22;11;11;0.200749620799462;0.0404088970540179;0;0.0142392250094076;0.0556907937725491;0;4
"Aggr";98;"Scaeva_sp.";1.25;0.25;1;2;1;1;0.0206758383361236;0.00274851015782696;0;0.00456683956745509;0.156669429119372;0;2
"Aggr";99;"Sphaerophoria_scripta";7.96666666666667;6.96666666666667;1;26;13;13;0.251414254335033;0.0516258478742303;0;0.0108380973605779;0.0408372381352633;0;4
"Aggr";100;"Ulidiidae";1.525;0.525;1;4;2;2;0.0305368675577721;0.00898115238080678;0;0.00983877118050103;0.170645878186629;0;4
