"Layer";"Node";"Label";"Strength";"StrengthIn";"StrengthOut";"Degree";"DegreeIn";"DegreeOut";"PageRank";"Eigenvector";"Hub";"Authority";"Katz";"Multiplexity";"Kcore"
"1-Multi";1;"A1 LEMA";1.26190476190476;0.261904761904762;1;4;2;2;0.109422184604195;1;0.490388495200587;0;0.0268752421011979;0.333333333333333;4
"1-Multi";2;"A2 CHFU";1.83333333333333;0.833333333333333;1;4;2;2;0.160712650777876;1;0;0.0536345978213;0.0321329074081082;0.333333333333333;4
"1-Multi";3;"A3 CHFU";2.83333333333333;1.83333333333333;1;6;3;3;0.241937999081226;1;0;0.0855778218343962;0.0380345236292873;0.333333333333333;4
"1-Multi";4;"A3 LEMA";1.38095238095238;0.380952380952381;1;4;2;2;0.0748053594491959;1;0.508267415191684;0;0.0598323739609185;0.333333333333333;4
"1-Multi";5;"A4 LEMA";1.19047619047619;0.19047619047619;1;4;2;2;0.0734877475121425;1;0.537110439218253;0;0.0330465344772167;0.333333333333333;4
"1-Multi";6;"A5 CHFU";2;1;1;2;1;1;0.0814542685533668;1;0;0.0017847160253635;0.0518515741127212;0.333333333333333;2
"1-Multi";7;"A6 CHFU";1.33333333333333;0.333333333333333;1;2;1;1;0.105155443750886;1;0;0.0488363896253634;0.0495282702072146;0.333333333333333;2
"1-Multi";8;"A6 LEMA";1.04761904761905;0.0476190476190476;1;2;1;1;0.0553522235122507;1;0.941014450991508;0;0.0505704108982884;0.333333333333333;2
"1-Multi";9;"B1 LEMA";1.48095238095238;0.480952380952381;1;6;3;3;0.08642486596422;1;0.384677900830196;0;0.0573069009414095;0.333333333333333;4
"1-Multi";10;"B2 LEMA";1.1;0.1;1;2;1;1;0.0557492875148073;1;0.137498872107225;0;0.0522559549023915;0.333333333333333;2
"1-Multi";11;"B3 CHFU";3;2;1;4;2;2;0.141833678261067;1;0;0.0152767567537899;0.0514658896448679;0.333333333333333;2
"1-Multi";12;"B3 LEMA";2.25079365079365;1.25079365079365;1;8;4;4;0.147713807324802;1;0.286046480747644;0;0.0260263442541682;0.333333333333333;6
"1-Multi";13;"B4 LEMA";3.39365079365079;2.39365079365079;1;12;6;6;0.166589445373245;1;0.336747513081288;0;0.0355859612167037;0.333333333333333;6
"1-Multi";14;"B5 LEMA";1.04761904761905;0.0476190476190476;1;2;1;1;0.0553522235124621;1;0.941014450991508;0;0.0505704108982884;0.333333333333333;2
"1-Multi";15;"B6 LEMA";1.22222222222222;0.222222222222222;1;2;1;1;0.101259805770936;1;0.189971191339973;0;0.0110784629031375;0.333333333333333;2
"1-Multi";16;"C1 LEMA";2.53968253968254;1.53968253968254;1;8;4;4;0.141838147538729;1;0.383965563354689;0;0.030495221353874;0.333333333333333;4
"1-Multi";17;"C3 LEMA";1.1;0.1;1;2;1;1;0.0557492875148493;1;0.137498872107227;0;0.0522559549023915;0.333333333333333;2
"1-Multi";18;"C4 LEMA";2.0952380952381;1.0952380952381;1;4;2;2;0.105073212698683;1;0.490636943634663;0;0.105716247779937;0.333333333333333;2
"1-Multi";19;"C6 LEMA";1.1984126984127;0.198412698412698;1;4;2;2;0.0765478111921986;1;0.161588809392486;0;0.0133005604796412;0.333333333333333;4
"1-Multi";20;"D1 LEMA";1.29365079365079;0.293650793650794;1;6;3;3;0.0989926962178851;1;0.551301630191995;0;0.0319354856889648;0.333333333333333;6
"1-Multi";21;"D2 LEMA";1.5;0.5;1;2;1;1;0.0691243689634596;1;0.00572304160145012;0;0.306082833667279;0.333333333333333;2
"1-Multi";22;"D3 LEMA";1.7984126984127;0.798412698412698;1;8;4;4;0.113161905671418;1;0.116599883123411;0;0.0962349773822382;0.333333333333333;6
"1-Multi";23;"D4 LEMA";1.04761904761905;0.0476190476190476;1;2;1;1;0.0553522235125756;1;0.941014450991509;0;0.0505704108982884;0.333333333333333;2
"1-Multi";24;"D5 LEMA";1.43650793650794;0.436507936507937;1;6;3;3;0.087450054556489;1;0.38743519393969;0;0.024970967076416;0.333333333333333;4
"1-Multi";25;"D6 LEMA";1.33333333333333;0.333333333333333;1;2;1;1;0.0635829169359203;1;0.0755203793918563;0;0.0690943370235486;0.333333333333333;2
"1-Multi";26;"E1 LEMA";1.53333333333333;0.533333333333333;1;4;2;2;0.0851841188819093;1;0.102105894567347;0;0.0392586457442017;0.333333333333333;4
"1-Multi";27;"E2 LEMA";1.14285714285714;0.142857142857143;1;2;1;1;0.062265304999403;1;0.133206427444996;0;0.015522658056145;0.333333333333333;2
"1-Multi";28;"E3 CHFU";2;1;1;2;1;1;0.0954974207229625;1;0;0.000972562594015742;0.341962330955876;0.333333333333333;2
"1-Multi";29;"E5 ME";2;1;1;2;1;1;0.081742236583372;1;0;0.00134163523381817;0.0605053096843637;0.333333333333333;2
"1-Multi";30;"F2 CHFU";2;1;1;2;1;1;0.0878519922544923;1;0;0.00684161054671113;0.17971960305515;0.333333333333333;2
"1-Multi";31;"F2 LEMA";1.05555555555556;0.0555555555555556;1;2;1;1;0.0584122871920242;1;0.189971191339972;0;0.0110784629031375;0.333333333333333;2
"1-Multi";32;"F3 LEMA";1.04761904761905;0.0476190476190476;1;2;1;1;0.0553522235121683;1;0.941014450991507;0;0.0505704108982884;0.333333333333333;2
"1-Multi";33;"F4 LEMA";1.19047619047619;0.19047619047619;1;4;2;2;0.0734877475120556;1;0.537110439218254;0;0.0330465344772167;0.333333333333333;4
"1-Multi";34;"F5 LEMA";1.21111111111111;0.211111111111111;1;4;2;2;0.0843142999010083;1;0.172480418262392;0;0.0248042935695555;0.333333333333333;4
"1-Multi";35;"F6 LEMA";1.1;0.1;1;2;1;1;0.0557492875149532;1;0.137498872107226;0;0.0522559549023915;0.333333333333333;2
"1-Multi";36;"Andrena_cinerea";7.5;3.5;4;8;4;4;0.208170533888933;1;0.0466974906704118;0.0427830159626241;0.525546743674355;0.666666666666667;2
"1-Multi";37;"Bruchidae";1.83333333333333;0.833333333333333;1;4;2;2;0.160142694069185;1;0.0655004493266899;0;0.0227380185517569;0.333333333333333;4
"1-Multi";38;"Cantharidae";7.16666666666667;3.16666666666667;4;8;4;4;0.170492590117924;1;0.0121815995480769;0.0111604619527191;0.151616870226974;0.666666666666667;2
"1-Multi";39;"Chrysotoxum_sp.";1.14285714285714;0.142857142857143;1;2;1;1;0.0607860885229236;1;0;0.00704808546609045;0.0230634925716132;0.333333333333333;2
"1-Multi";40;"Coleoptera";1.83333333333333;0.833333333333333;1;6;3;3;0.0922974711276018;1;0;0.0332831652633088;0.0204642036847142;0.333333333333333;4
"1-Multi";41;"Dilophus_sp.";16.2690476190476;12.2690476190476;4;40;20;20;1;1;1;1;0.154452437691446;0.666666666666667;6
"1-Multi";42;"Diptera";8.5;4.5;4;12;6;6;0.288796682563391;1;0.089896028261479;0.0802542185322433;0.209057075884563;0.666666666666667;4
"1-Multi";43;"Eristalis_sp.";1.5;0.5;1;2;1;1;0.0944047111619016;1;0;0.0209542160771378;0.0168685028017941;0.333333333333333;2
"1-Multi";44;"Eucera_sp.";8.25;4.25;4;10;5;5;0.253196552064732;1;0.00663823705696286;0.00608177865435715;1;0.666666666666667;2
"1-Multi";45;"Eupeodes_corollae";7.14285714285714;3.14285714285714;4;8;4;4;0.172188512596908;1;0.00915734656138285;0.00838972069990856;0.176923354372501;0.666666666666667;2
"1-Multi";46;"Lomatia_sp.";1.33333333333333;0.333333333333333;1;2;1;1;0.0759803645404797;1;0.0143756488696247;0;0.0333542808472812;0.333333333333333;2
"1-Multi";47;"Meligethes_sp.";11.1845238095238;7.18452380952381;4;24;12;12;0.479228546900458;1;0.218028839137786;0.146117705166324;0.157531009582704;0.666666666666667;6
"1-Multi";48;"Psilothrix_viridicoerulea";6.20119047619048;5.20119047619048;1;22;11;11;0.331872926317739;1;0;0.201879143449728;0.0170916138210992;0.333333333333333;6
"1-Multi";49;"Sphaerophoria_scripta";4.14285714285714;3.14285714285714;1;14;7;7;0.17877122811611;1;0;0.141556197468161;0.0239495433654685;0.333333333333333;6
"2-Multi";1;"A1 LEMA";1.26190476190476;0.261904761904762;1;4;2;2;0.109422184604195;1;0.490388495200587;0;0.0268752421011979;0.333333333333333;4
"2-Multi";2;"A2 CHFU";1.83333333333333;0.833333333333333;1;4;2;2;0.160712650777876;1;0;0.0536345978213;0.0321329074081082;0.333333333333333;4
"2-Multi";3;"A3 CHFU";2.83333333333333;1.83333333333333;1;6;3;3;0.241937999081226;1;0;0.0855778218343962;0.0380345236292873;0.333333333333333;4
"2-Multi";4;"A3 LEMA";1.38095238095238;0.380952380952381;1;4;2;2;0.0748053594491959;1;0.508267415191684;0;0.0598323739609185;0.333333333333333;4
"2-Multi";5;"A4 LEMA";1.19047619047619;0.19047619047619;1;4;2;2;0.0734877475121425;1;0.537110439218253;0;0.0330465344772167;0.333333333333333;4
"2-Multi";6;"A5 CHFU";2;1;1;2;1;1;0.0814542685533668;1;0;0.0017847160253635;0.0518515741127212;0.333333333333333;2
"2-Multi";7;"A6 CHFU";1.33333333333333;0.333333333333333;1;2;1;1;0.105155443750886;1;0;0.0488363896253634;0.0495282702072146;0.333333333333333;2
"2-Multi";8;"A6 LEMA";1.04761904761905;0.0476190476190476;1;2;1;1;0.0553522235122507;1;0.941014450991508;0;0.0505704108982884;0.333333333333333;2
"2-Multi";9;"B1 LEMA";1.48095238095238;0.480952380952381;1;6;3;3;0.08642486596422;1;0.384677900830196;0;0.0573069009414095;0.333333333333333;4
"2-Multi";10;"B2 LEMA";1.1;0.1;1;2;1;1;0.0557492875148073;1;0.137498872107225;0;0.0522559549023915;0.333333333333333;2
"2-Multi";11;"B3 CHFU";3;2;1;4;2;2;0.141833678261067;1;0;0.0152767567537899;0.0514658896448679;0.333333333333333;2
"2-Multi";12;"B3 LEMA";2.25079365079365;1.25079365079365;1;8;4;4;0.147713807324802;1;0.286046480747644;0;0.0260263442541682;0.333333333333333;6
"2-Multi";13;"B4 LEMA";3.39365079365079;2.39365079365079;1;12;6;6;0.166589445373245;1;0.336747513081288;0;0.0355859612167037;0.333333333333333;6
"2-Multi";14;"B5 LEMA";1.04761904761905;0.0476190476190476;1;2;1;1;0.0553522235124621;1;0.941014450991508;0;0.0505704108982884;0.333333333333333;2
"2-Multi";15;"B6 LEMA";1.22222222222222;0.222222222222222;1;2;1;1;0.101259805770936;1;0.189971191339973;0;0.0110784629031375;0.333333333333333;2
"2-Multi";16;"C1 LEMA";2.53968253968254;1.53968253968254;1;8;4;4;0.141838147538729;1;0.383965563354689;0;0.030495221353874;0.333333333333333;4
"2-Multi";17;"C3 LEMA";1.1;0.1;1;2;1;1;0.0557492875148493;1;0.137498872107227;0;0.0522559549023915;0.333333333333333;2
"2-Multi";18;"C4 LEMA";2.0952380952381;1.0952380952381;1;4;2;2;0.105073212698683;1;0.490636943634663;0;0.105716247779937;0.333333333333333;2
"2-Multi";19;"C6 LEMA";1.1984126984127;0.198412698412698;1;4;2;2;0.0765478111921986;1;0.161588809392486;0;0.0133005604796412;0.333333333333333;4
"2-Multi";20;"D1 LEMA";1.29365079365079;0.293650793650794;1;6;3;3;0.0989926962178851;1;0.551301630191995;0;0.0319354856889648;0.333333333333333;6
"2-Multi";21;"D2 LEMA";1.5;0.5;1;2;1;1;0.0691243689634596;1;0.00572304160145012;0;0.306082833667279;0.333333333333333;2
"2-Multi";22;"D3 LEMA";1.7984126984127;0.798412698412698;1;8;4;4;0.113161905671418;1;0.116599883123411;0;0.0962349773822382;0.333333333333333;6
"2-Multi";23;"D4 LEMA";1.04761904761905;0.0476190476190476;1;2;1;1;0.0553522235125756;1;0.941014450991509;0;0.0505704108982884;0.333333333333333;2
"2-Multi";24;"D5 LEMA";1.43650793650794;0.436507936507937;1;6;3;3;0.087450054556489;1;0.38743519393969;0;0.024970967076416;0.333333333333333;4
"2-Multi";25;"D6 LEMA";1.33333333333333;0.333333333333333;1;2;1;1;0.0635829169359203;1;0.0755203793918563;0;0.0690943370235486;0.333333333333333;2
"2-Multi";26;"E1 LEMA";1.53333333333333;0.533333333333333;1;4;2;2;0.0851841188819093;1;0.102105894567347;0;0.0392586457442017;0.333333333333333;4
"2-Multi";27;"E2 LEMA";1.14285714285714;0.142857142857143;1;2;1;1;0.062265304999403;1;0.133206427444996;0;0.015522658056145;0.333333333333333;2
"2-Multi";28;"E3 CHFU";2;1;1;2;1;1;0.0954974207229625;1;0;0.000972562594015742;0.341962330955876;0.333333333333333;2
"2-Multi";29;"E5 ME";2;1;1;2;1;1;0.081742236583372;1;0;0.00134163523381817;0.0605053096843637;0.333333333333333;2
"2-Multi";30;"F2 CHFU";2;1;1;2;1;1;0.0878519922544923;1;0;0.00684161054671113;0.17971960305515;0.333333333333333;2
"2-Multi";31;"F2 LEMA";1.05555555555556;0.0555555555555556;1;2;1;1;0.0584122871920242;1;0.189971191339972;0;0.0110784629031375;0.333333333333333;2
"2-Multi";32;"F3 LEMA";1.04761904761905;0.0476190476190476;1;2;1;1;0.0553522235121683;1;0.941014450991507;0;0.0505704108982884;0.333333333333333;2
"2-Multi";33;"F4 LEMA";1.19047619047619;0.19047619047619;1;4;2;2;0.0734877475120556;1;0.537110439218254;0;0.0330465344772167;0.333333333333333;4
"2-Multi";34;"F5 LEMA";1.21111111111111;0.211111111111111;1;4;2;2;0.0843142999010083;1;0.172480418262392;0;0.0248042935695555;0.333333333333333;4
"2-Multi";35;"F6 LEMA";1.1;0.1;1;2;1;1;0.0557492875149532;1;0.137498872107226;0;0.0522559549023915;0.333333333333333;2
"2-Multi";36;"Andrena_cinerea";7.5;3.5;4;8;4;4;0.208170533888933;1;0.0466974906704118;0.0427830159626241;0.525546743674355;0.666666666666667;2
"2-Multi";37;"Bruchidae";1.83333333333333;0.833333333333333;1;4;2;2;0.160142694069185;1;0.0655004493266899;0;0.0227380185517569;0.333333333333333;4
"2-Multi";38;"Cantharidae";7.16666666666667;3.16666666666667;4;8;4;4;0.170492590117924;1;0.0121815995480769;0.0111604619527191;0.151616870226974;0.666666666666667;2
"2-Multi";39;"Chrysotoxum_sp.";1.14285714285714;0.142857142857143;1;2;1;1;0.0607860885229236;1;0;0.00704808546609045;0.0230634925716132;0.333333333333333;2
"2-Multi";40;"Coleoptera";1.83333333333333;0.833333333333333;1;6;3;3;0.0922974711276018;1;0;0.0332831652633088;0.0204642036847142;0.333333333333333;4
"2-Multi";41;"Dilophus_sp.";16.2690476190476;12.2690476190476;4;40;20;20;1;1;1;1;0.154452437691446;0.666666666666667;6
"2-Multi";42;"Diptera";8.5;4.5;4;12;6;6;0.288796682563391;1;0.089896028261479;0.0802542185322433;0.209057075884563;0.666666666666667;4
"2-Multi";43;"Eristalis_sp.";1.5;0.5;1;2;1;1;0.0944047111619016;1;0;0.0209542160771378;0.0168685028017941;0.333333333333333;2
"2-Multi";44;"Eucera_sp.";8.25;4.25;4;10;5;5;0.253196552064732;1;0.00663823705696286;0.00608177865435715;1;0.666666666666667;2
"2-Multi";45;"Eupeodes_corollae";7.14285714285714;3.14285714285714;4;8;4;4;0.172188512596908;1;0.00915734656138285;0.00838972069990856;0.176923354372501;0.666666666666667;2
"2-Multi";46;"Lomatia_sp.";1.33333333333333;0.333333333333333;1;2;1;1;0.0759803645404797;1;0.0143756488696247;0;0.0333542808472812;0.333333333333333;2
"2-Multi";47;"Meligethes_sp.";11.1845238095238;7.18452380952381;4;24;12;12;0.479228546900458;1;0.218028839137786;0.146117705166324;0.157531009582704;0.666666666666667;6
"2-Multi";48;"Psilothrix_viridicoerulea";6.20119047619048;5.20119047619048;1;22;11;11;0.331872926317739;1;0;0.201879143449728;0.0170916138210992;0.333333333333333;6
"2-Multi";49;"Sphaerophoria_scripta";4.14285714285714;3.14285714285714;1;14;7;7;0.17877122811611;1;0;0.141556197468161;0.0239495433654685;0.333333333333333;6
"3-Multi";1;"A1 LEMA";1.26190476190476;0.261904761904762;1;4;2;2;0.109422184604195;1;0.490388495200587;0;0.0268752421011979;0.333333333333333;4
"3-Multi";2;"A2 CHFU";1.83333333333333;0.833333333333333;1;4;2;2;0.160712650777876;1;0;0.0536345978213;0.0321329074081082;0.333333333333333;4
"3-Multi";3;"A3 CHFU";2.83333333333333;1.83333333333333;1;6;3;3;0.241937999081226;1;0;0.0855778218343962;0.0380345236292873;0.333333333333333;4
"3-Multi";4;"A3 LEMA";1.38095238095238;0.380952380952381;1;4;2;2;0.0748053594491959;1;0.508267415191684;0;0.0598323739609185;0.333333333333333;4
"3-Multi";5;"A4 LEMA";1.19047619047619;0.19047619047619;1;4;2;2;0.0734877475121425;1;0.537110439218253;0;0.0330465344772167;0.333333333333333;4
"3-Multi";6;"A5 CHFU";2;1;1;2;1;1;0.0814542685533668;1;0;0.0017847160253635;0.0518515741127212;0.333333333333333;2
"3-Multi";7;"A6 CHFU";1.33333333333333;0.333333333333333;1;2;1;1;0.105155443750886;1;0;0.0488363896253634;0.0495282702072146;0.333333333333333;2
"3-Multi";8;"A6 LEMA";1.04761904761905;0.0476190476190476;1;2;1;1;0.0553522235122507;1;0.941014450991508;0;0.0505704108982884;0.333333333333333;2
"3-Multi";9;"B1 LEMA";1.48095238095238;0.480952380952381;1;6;3;3;0.08642486596422;1;0.384677900830196;0;0.0573069009414095;0.333333333333333;4
"3-Multi";10;"B2 LEMA";1.1;0.1;1;2;1;1;0.0557492875148073;1;0.137498872107225;0;0.0522559549023915;0.333333333333333;2
"3-Multi";11;"B3 CHFU";3;2;1;4;2;2;0.141833678261067;1;0;0.0152767567537899;0.0514658896448679;0.333333333333333;2
"3-Multi";12;"B3 LEMA";2.25079365079365;1.25079365079365;1;8;4;4;0.147713807324802;1;0.286046480747644;0;0.0260263442541682;0.333333333333333;6
"3-Multi";13;"B4 LEMA";3.39365079365079;2.39365079365079;1;12;6;6;0.166589445373245;1;0.336747513081288;0;0.0355859612167037;0.333333333333333;6
"3-Multi";14;"B5 LEMA";1.04761904761905;0.0476190476190476;1;2;1;1;0.0553522235124621;1;0.941014450991508;0;0.0505704108982884;0.333333333333333;2
"3-Multi";15;"B6 LEMA";1.22222222222222;0.222222222222222;1;2;1;1;0.101259805770936;1;0.189971191339973;0;0.0110784629031375;0.333333333333333;2
"3-Multi";16;"C1 LEMA";2.53968253968254;1.53968253968254;1;8;4;4;0.141838147538729;1;0.383965563354689;0;0.030495221353874;0.333333333333333;4
"3-Multi";17;"C3 LEMA";1.1;0.1;1;2;1;1;0.0557492875148493;1;0.137498872107227;0;0.0522559549023915;0.333333333333333;2
"3-Multi";18;"C4 LEMA";2.0952380952381;1.0952380952381;1;4;2;2;0.105073212698683;1;0.490636943634663;0;0.105716247779937;0.333333333333333;2
"3-Multi";19;"C6 LEMA";1.1984126984127;0.198412698412698;1;4;2;2;0.0765478111921986;1;0.161588809392486;0;0.0133005604796412;0.333333333333333;4
"3-Multi";20;"D1 LEMA";1.29365079365079;0.293650793650794;1;6;3;3;0.0989926962178851;1;0.551301630191995;0;0.0319354856889648;0.333333333333333;6
"3-Multi";21;"D2 LEMA";1.5;0.5;1;2;1;1;0.0691243689634596;1;0.00572304160145012;0;0.306082833667279;0.333333333333333;2
"3-Multi";22;"D3 LEMA";1.7984126984127;0.798412698412698;1;8;4;4;0.113161905671418;1;0.116599883123411;0;0.0962349773822382;0.333333333333333;6
"3-Multi";23;"D4 LEMA";1.04761904761905;0.0476190476190476;1;2;1;1;0.0553522235125756;1;0.941014450991509;0;0.0505704108982884;0.333333333333333;2
"3-Multi";24;"D5 LEMA";1.43650793650794;0.436507936507937;1;6;3;3;0.087450054556489;1;0.38743519393969;0;0.024970967076416;0.333333333333333;4
"3-Multi";25;"D6 LEMA";1.33333333333333;0.333333333333333;1;2;1;1;0.0635829169359203;1;0.0755203793918563;0;0.0690943370235486;0.333333333333333;2
"3-Multi";26;"E1 LEMA";1.53333333333333;0.533333333333333;1;4;2;2;0.0851841188819093;1;0.102105894567347;0;0.0392586457442017;0.333333333333333;4
"3-Multi";27;"E2 LEMA";1.14285714285714;0.142857142857143;1;2;1;1;0.062265304999403;1;0.133206427444996;0;0.015522658056145;0.333333333333333;2
"3-Multi";28;"E3 CHFU";2;1;1;2;1;1;0.0954974207229625;1;0;0.000972562594015742;0.341962330955876;0.333333333333333;2
"3-Multi";29;"E5 ME";2;1;1;2;1;1;0.081742236583372;1;0;0.00134163523381817;0.0605053096843637;0.333333333333333;2
"3-Multi";30;"F2 CHFU";2;1;1;2;1;1;0.0878519922544923;1;0;0.00684161054671113;0.17971960305515;0.333333333333333;2
"3-Multi";31;"F2 LEMA";1.05555555555556;0.0555555555555556;1;2;1;1;0.0584122871920242;1;0.189971191339972;0;0.0110784629031375;0.333333333333333;2
"3-Multi";32;"F3 LEMA";1.04761904761905;0.0476190476190476;1;2;1;1;0.0553522235121683;1;0.941014450991507;0;0.0505704108982884;0.333333333333333;2
"3-Multi";33;"F4 LEMA";1.19047619047619;0.19047619047619;1;4;2;2;0.0734877475120556;1;0.537110439218254;0;0.0330465344772167;0.333333333333333;4
"3-Multi";34;"F5 LEMA";1.21111111111111;0.211111111111111;1;4;2;2;0.0843142999010083;1;0.172480418262392;0;0.0248042935695555;0.333333333333333;4
"3-Multi";35;"F6 LEMA";1.1;0.1;1;2;1;1;0.0557492875149532;1;0.137498872107226;0;0.0522559549023915;0.333333333333333;2
"3-Multi";36;"Andrena_cinerea";7.5;3.5;4;8;4;4;0.208170533888933;1;0.0466974906704118;0.0427830159626241;0.525546743674355;0.666666666666667;2
"3-Multi";37;"Bruchidae";1.83333333333333;0.833333333333333;1;4;2;2;0.160142694069185;1;0.0655004493266899;0;0.0227380185517569;0.333333333333333;4
"3-Multi";38;"Cantharidae";7.16666666666667;3.16666666666667;4;8;4;4;0.170492590117924;1;0.0121815995480769;0.0111604619527191;0.151616870226974;0.666666666666667;2
"3-Multi";39;"Chrysotoxum_sp.";1.14285714285714;0.142857142857143;1;2;1;1;0.0607860885229236;1;0;0.00704808546609045;0.0230634925716132;0.333333333333333;2
"3-Multi";40;"Coleoptera";1.83333333333333;0.833333333333333;1;6;3;3;0.0922974711276018;1;0;0.0332831652633088;0.0204642036847142;0.333333333333333;4
"3-Multi";41;"Dilophus_sp.";16.2690476190476;12.2690476190476;4;40;20;20;1;1;1;1;0.154452437691446;0.666666666666667;6
"3-Multi";42;"Diptera";8.5;4.5;4;12;6;6;0.288796682563391;1;0.089896028261479;0.0802542185322433;0.209057075884563;0.666666666666667;4
"3-Multi";43;"Eristalis_sp.";1.5;0.5;1;2;1;1;0.0944047111619016;1;0;0.0209542160771378;0.0168685028017941;0.333333333333333;2
"3-Multi";44;"Eucera_sp.";8.25;4.25;4;10;5;5;0.253196552064732;1;0.00663823705696286;0.00608177865435715;1;0.666666666666667;2
"3-Multi";45;"Eupeodes_corollae";7.14285714285714;3.14285714285714;4;8;4;4;0.172188512596908;1;0.00915734656138285;0.00838972069990856;0.176923354372501;0.666666666666667;2
"3-Multi";46;"Lomatia_sp.";1.33333333333333;0.333333333333333;1;2;1;1;0.0759803645404797;1;0.0143756488696247;0;0.0333542808472812;0.333333333333333;2
"3-Multi";47;"Meligethes_sp.";11.1845238095238;7.18452380952381;4;24;12;12;0.479228546900458;1;0.218028839137786;0.146117705166324;0.157531009582704;0.666666666666667;6
"3-Multi";48;"Psilothrix_viridicoerulea";6.20119047619048;5.20119047619048;1;22;11;11;0.331872926317739;1;0;0.201879143449728;0.0170916138210992;0.333333333333333;6
"3-Multi";49;"Sphaerophoria_scripta";4.14285714285714;3.14285714285714;1;14;7;7;0.17877122811611;1;0;0.141556197468161;0.0239495433654685;0.333333333333333;6
"Aggr";1;"A1 LEMA";1.26190476190476;0.261904761904762;1;4;2;2;0.131781590757594;0.105058728609023;0.509843605522516;0;0.179981185598224;0;4
"Aggr";2;"A2 CHFU";1.83333333333333;0.833333333333333;1;4;2;2;0.280692985006174;0.373668630124512;0.525930864002208;0;0.221337097330941;0;4
"Aggr";3;"A3 CHFU";2.83333333333333;1.83333333333333;1;6;3;3;0.46643146502941;0.655101390391708;0.385608091687575;0;0.246146847880371;0;4
"Aggr";4;"A3 LEMA";1.38095238095238;0.380952380952381;1;4;2;2;0.0760766495586332;0.0857571963748862;0.532489950736173;0;0.372207482769708;0;4
"Aggr";5;"A4 LEMA";1.19047619047619;0.19047619047619;1;4;2;2;0.0718346572924609;0.0494893401171655;0.56610861881278;0;0.211195256066934;0;4
"Aggr";6;"A5 CHFU";2;1;1;2;1;1;0.0675168106466953;0.0330376189409743;0.0102077569060089;0;0.284238053050862;0;2
"Aggr";7;"A6 CHFU";1.33333333333333;0.333333333333333;1;2;1;1;0.164235105737176;0.2550526531027;1;0;0.305822290783579;0;2
"Aggr";8;"A6 LEMA";1.04761904761905;0.0476190476190476;1;2;1;1;0.0428065343086008;0.0364360933003589;1;0;0.305822290783579;0;2
"Aggr";9;"B1 LEMA";1.48095238095238;0.480952380952381;1;6;3;3;0.094650497560957;0.113900472401589;0.389980816176886;0;0.346727104839549;0;4
"Aggr";10;"B2 LEMA";1.1;0.1;1;2;1;1;0.0411422870728287;0.0281432760266787;0.10496254705831;0;0.295766348979231;0;2
"Aggr";11;"B3 CHFU";3;2;1;4;2;2;0.186470197186195;0.18384088062273;0.0439670749315839;0;0.363294884114937;0;2
"Aggr";12;"B3 LEMA";2.25079365079365;1.25079365079365;1;8;4;4;0.193681363855324;0.157994598184812;0.29580048656224;0;0.177358096902458;0;6
"Aggr";13;"B4 LEMA";3.39365079365079;2.39365079365079;1;12;6;6;0.221230216155179;0.174640371697308;0.347774292060379;0;0.223916402394625;0;6
"Aggr";14;"B5 LEMA";1.04761904761905;0.0476190476190476;1;2;1;1;0.0428065343086001;0.0364360933004298;1;0;0.305822290783579;0;2
"Aggr";15;"B6 LEMA";1.22222222222222;0.222222222222222;1;2;1;1;0.114217720685034;0.0429153893443302;0.183072675870861;0;0.0960871154746536;0;2
"Aggr";16;"C1 LEMA";2.53968253968254;1.53968253968254;1;8;4;4;0.182139855365214;0.140351549133306;0.401100385128686;0;0.201250255019986;0;4
"Aggr";17;"C3 LEMA";1.1;0.1;1;2;1;1;0.0411422870728284;0.0281432760267077;0.10496254705831;0;0.295766348979231;0;2
"Aggr";18;"C4 LEMA";2.0952380952381;1.0952380952381;1;4;2;2;0.126633980555819;0.248012817700659;0.519844585110575;0;0.520383327988028;0;2
"Aggr";19;"C6 LEMA";1.1984126984127;0.198412698412698;1;4;2;2;0.0745088824579974;0.0237820941528736;0.157644956748211;0;0.106327668412471;0;4
"Aggr";20;"D1 LEMA";1.29365079365079;0.293650793650794;1;6;3;3;0.114985072934189;0.0966542807536657;0.578822478374105;0;0.206074979598025;0;6
"Aggr";21;"D2 LEMA";1.5;0.5;1;2;1;1;0.0641016276327168;0.0781640689211218;0.00478739270345272;0;0.765153989480272;0;2
"Aggr";22;"D3 LEMA";1.7984126984127;0.798412698412698;1;8;4;4;0.134615919022534;0.13008943910068;0.106259963314546;0;0.318393918821111;0;6
"Aggr";23;"D4 LEMA";1.04761904761905;0.0476190476190476;1;2;1;1;0.0428065343086007;0.0364360933003688;1;0;0.305822290783579;0;2
"Aggr";24;"D5 LEMA";1.43650793650794;0.436507936507937;1;6;3;3;0.0940410681472955;0.0601489895558698;0.404440625998415;0;0.173784690270274;0;4
"Aggr";25;"D6 LEMA";1.33333333333333;0.333333333333333;1;2;1;1;0.0558385543205378;0.0493211030744651;0.0649799014723469;0;0.438592674755837;0;2
"Aggr";26;"E1 LEMA";1.53333333333333;0.533333333333333;1;4;2;2;0.0880383485102137;0.0692706009729184;0.0800580987470017;0;0.236992454170351;0;4
"Aggr";27;"E2 LEMA";1.14285714285714;0.142857142857143;1;2;1;1;0.0515965620543646;0.0130532468168354;0.132217237625561;0;0.116568221350288;0;2
"Aggr";28;"E3 CHFU";2;1;1;2;1;1;0.105634816194929;0.156328137842209;0.00478739270345268;0;0.765153989480272;0;2
"Aggr";29;"E5 ME";2;1;1;2;1;1;0.0682224423403439;0.0352362259776146;0.00758626353857463;0;0.316249074655962;0;2
"Aggr";30;"F2 CHFU";2;1;1;2;1;1;0.0861577900796276;0.175140631099826;0.0396891702211492;0;0.734944365192477;0;2
"Aggr";31;"F2 LEMA";1.05555555555556;0.0555555555555556;1;2;1;1;0.0454807594741378;0.0107288473360252;0.183072675870861;0;0.0960871154746536;0;2
"Aggr";32;"F3 LEMA";1.04761904761905;0.0476190476190476;1;2;1;1;0.0428065343086009;0.0364360933003498;1;0;0.305822290783579;0;2
"Aggr";33;"F4 LEMA";1.19047619047619;0.19047619047619;1;4;2;2;0.0718346572924606;0.0494893401171952;0.56610861881278;0;0.211195256066934;0;4
"Aggr";34;"F5 LEMA";1.21111111111111;0.211111111111111;1;4;2;2;0.0869669278800928;0.0496009706989168;0.157035966266677;0;0.162646859976179;0;4
"Aggr";35;"F6 LEMA";1.1;0.1;1;2;1;1;0.0411422870728285;0.0281432760267006;0.10496254705831;0;0.295766348979231;0;2
"Aggr";36;"Andrena_cinerea";3.5;1.5;2;4;2;2;0.149622002374409;0.228894738621319;0;0.039689170221149;0.96051805248896;0;2
"Aggr";37;"Bruchidae";1.83333333333333;0.833333333333333;1;4;2;2;0.27401853945647;0.310043110912415;0;0.0518617280044158;0.178851424020005;0;4
"Aggr";38;"Cantharidae";3.16666666666667;1.16666666666667;2;4;2;2;0.10576087429693;0.0431775145760317;0;0.0102077569060086;0.371475210070736;0;2
"Aggr";39;"Chrysotoxum_sp.";1.14285714285714;0.142857142857143;1;2;1;1;0.0494321081750755;0.0190896386314858;0;0.00658132032934331;0.171333385949426;0;2
"Aggr";40;"Coleoptera";1.83333333333333;0.833333333333333;1;6;3;3;0.099960753300221;0.0509073274145447;0;0.0302492021243847;0.156101332763572;0;4
"Aggr";41;"Dilophus_sp.";12.2690476190476;10.2690476190476;2;36;18;18;1;1;0;1;0.399684357364673;0;6
"Aggr";42;"Diptera";4.5;2.5;2;8;4;4;0.234847872353166;0.193376161645162;0;0.0649799014723471;0.573206321129415;0;4
"Aggr";43;"Eristalis_sp.";1.5;0.5;1;2;1;1;0.104883018709022;0.0604454121643404;0;0.0195921673921863;0.135709284174773;0;2
"Aggr";44;"Eucera_sp.";4.25;2.25;2;6;3;3;0.195450299116292;0.204308320838158;0;0.00478739270345266;1;0;2
"Aggr";45;"Eupeodes_corollae";3.14285714285714;1.14285714285714;2;4;2;2;0.107421184164349;0.0460509173942877;0;0.0075862635385745;0.413311462741309;0;2
"Aggr";46;"Lomatia_sp.";1.33333333333333;0.333333333333333;1;2;1;1;0.0754016616065838;0.0468891043516692;0;0.00194142185005763;0.277978874128463;0;2
"Aggr";47;"Meligethes_sp.";7.18452380952381;5.18452380952381;2;20;10;10;0.437031717701757;0.367810014708484;0;0.104962547058311;0.386541917633844;0;6
"Aggr";48;"Psilothrix_viridicoerulea";6.20119047619048;5.20119047619048;1;22;11;11;0.485202079135739;0.252391352268737;0;0.183072675870862;0.125574586786985;0;6
"Aggr";49;"Sphaerophoria_scripta";4.14285714285714;3.14285714285714;1;14;7;7;0.239055130455331;0.119416816627269;0;0.132217237625561;0.15234201492334;0;6
