"Layer";"Node";"Label";"Strength";"StrengthIn";"StrengthOut";"Degree";"DegreeIn";"DegreeOut";"PageRank";"Eigenvector";"Hub";"Authority";"Katz";"Multiplexity";"Kcore"
"1-Multi";1;"A1 CHFU";1.07142857142857;0.0714285714285714;1;2;1;1;0.0444934830787188;0.0236263576798757;0.959885753016509;0;0.325876067667237;0.5;2
"1-Multi";2;"A1 LEMA";2.33333333333333;1.33333333333333;1;6;3;3;0.083786083686788;0.0345062927084121;0;0.00105353544596195;0.238665445088566;0.5;4
"1-Multi";3;"A2 LEMA";2.66666666666667;1.66666666666667;1;4;2;2;0.0941736871097955;0.0421959547736925;0;0.00283964411820197;0.260541934148518;0.5;2
"1-Multi";4;"A3 CHFU";2.14285714285714;1.14285714285714;1;4;2;2;0.110949978428527;0.10538758203376;0.494712740674484;0;0.322926799614388;0.5;2
"1-Multi";5;"A3 LEMA";2;1;1;2;1;1;0.0957464708926138;0.259011546252516;0;5.8874074273994e-06;0.263259450256122;0.5;2
"1-Multi";6;"A4 CHFU";1.14285714285714;0.142857142857143;1;2;1;1;0.0605774976397921;0.0472527153593641;0.959885753016509;0;0.325876067667237;0.5;2
"1-Multi";7;"A4 LEMA";1.16666666666667;0.166666666666667;1;2;1;1;0.0415259800271249;0.0174256106008006;0;0.000233622237450334;0.318779196880724;0.5;2
"1-Multi";8;"A5 CHFU";1.14285714285714;0.142857142857143;1;2;1;1;0.0605774976397769;0.0472527153591163;0.959885753016509;0;0.325876067667237;0.5;2
"1-Multi";9;"A6 LEMA";1.0625;0.0625;1;2;1;1;0.0460531717680471;0.00254542287245794;0;5.99553293638797e-05;0.0495758714759758;0.5;2
"1-Multi";10;"B1 CHFU";1.07142857142857;0.0714285714285714;1;2;1;1;0.0444934830787047;0.0236263576793721;0.959885753016509;0;0.325876067667237;0.5;2
"1-Multi";11;"B2 CHFU";1.57142857142857;0.571428571428571;1;4;2;2;0.0793891430362066;0.0609786917989199;0.496735805495817;0;0.323266882715502;0.5;2
"1-Multi";12;"B2 LEMA";1.29166666666667;0.291666666666667;1;4;2;2;0.0771254462375525;0.0175415987777496;0;0.000829601025336734;0.13343088716141;0.5;4
"1-Multi";13;"B3 CHFU";1.5;0.5;1;2;1;1;0.0633051284751547;0.0373523341190724;0.0335858579751242;0;0.320657697763768;0.5;2
"1-Multi";14;"B4 LEMA";1.125;0.125;1;2;1;1;0.063696875018434;0.00509084574433846;0;0.000119910658727671;0.0495758714759758;0.5;2
"1-Multi";15;"B5 LEMA";1.0625;0.0625;1;2;1;1;0.0460531717680546;0.00254542287227582;0;5.99553293638557e-05;0.0495758714759758;0.5;2
"1-Multi";16;"C1 LEMA";1.29166666666667;0.291666666666667;1;6;3;3;0.0690758292233619;0.0312253321487578;0;0.00750772409266772;0.218767091506411;0.5;4
"1-Multi";17;"C3 CHFU";2;1;1;2;1;1;0.108902962651002;0;0;0;1.39796344014051e-05;0.5;2
"1-Multi";18;"C3 LEMA";1.0625;0.0625;1;2;1;1;0.0460531717680432;0.00254542287201604;0;5.99553293638233e-05;0.0495758714759758;0.5;2
"1-Multi";19;"C4 CHFU";1.07142857142857;0.0714285714285714;1;2;1;1;0.044493483078719;0.0236263576796691;0.959885753016509;0;0.325876067667237;0.5;2
"1-Multi";20;"C4 LEMA";1.125;0.125;1;4;2;2;0.0585421590271226;0.0215255984565468;0;0.00687208527813857;0.178422174336883;0.5;4
"1-Multi";21;"C5 LEMA";1.1875;0.1875;1;2;1;1;0.0658764302948527;0.0569405267526483;0;0.0204363898463241;0.307268477197791;0.5;2
"1-Multi";22;"D1 CHFU";1.33333333333333;0.333333333333333;1;2;1;1;0.0533844002479326;0.0813047607859748;4.83646077768126e-05;0;0.247914723754507;0.5;2
"1-Multi";23;"D1 LEMA";3.72916666666667;2.72916666666667;1;10;5;5;0.206369466042197;0.184167930257968;0;0.06928888086634;0.252481484967141;0.5;4
"1-Multi";24;"D2 CHFU";1.14285714285714;0.142857142857143;1;2;1;1;0.0605774976397666;0.0472527153589807;0.959885753016509;0;0.325876067667237;0.5;2
"1-Multi";25;"D2 LEMA";1.39583333333333;0.395833333333333;1;4;2;2;0.0677555982149723;0.0438816816510322;0;0.00823151068199284;0.303183438087448;0.5;4
"1-Multi";26;"D4 LEMA";1.0625;0.0625;1;2;1;1;0.0460531717680481;0.00254542287239836;0;5.99553293638727e-05;0.0495758714759758;0.5;2
"1-Multi";27;"D5 CHFU";1.07142857142857;0.0714285714285714;1;2;1;1;0.0444934830787156;0.0236263576798262;0.959885753016509;0;0.325876067667237;0.5;2
"1-Multi";28;"D5 LEMA";1.16666666666667;0.166666666666667;1;2;1;1;0.0418380397367802;0.0124507530333976;0;0.000709690366609074;0.301140918532277;0.5;2
"1-Multi";29;"E1 CHFU";2.33333333333333;1.33333333333333;1;4;2;2;0.110209350458044;0.184840954973404;0.000715652500439297;0;0.281797984212889;0.5;2
"1-Multi";30;"E1 LEMA";1.70833333333333;0.708333333333333;1;8;4;4;0.147924497452708;0.0702925293829199;0;0.015209410396143;0.176679785584653;0.5;4
"1-Multi";31;"E5 LEMA";1.16666666666667;0.166666666666667;1;2;1;1;0.0415259800271081;0.0174256106009217;0;0.00023362223745035;0.318779196880724;0.5;2
"1-Multi";32;"F1 LEMA";1.0625;0.0625;1;2;1;1;0.0460531717680293;0.00254542287213734;0;5.99553293638368e-05;0.0495758714759758;0.5;2
"1-Multi";33;"F4 LEMA";1.33333333333333;0.333333333333333;1;2;1;1;0.0546424915365597;0.034851221201213;0;0.0004672444749006;0.318779196880724;0.5;2
"1-Multi";34;"F5 CHFU";1.07142857142857;0.0714285714285714;1;2;1;1;0.044493483078719;0.0236263576798502;0.959885753016509;0;0.325876067667237;0.5;2
"1-Multi";35;"F6 CHFU";2.33333333333333;1.33333333333333;1;4;2;2;0.135658976223505;0.11992264505137;1.03670804540885e-05;0;0.073142859790336;0.5;2
"1-Multi";36;"Coleoptera";1.2;0.2;1;2;1;1;0.0420041905022518;0.00535426003428334;0.00272573393269905;0;0.165304760794001;0.5;2
"1-Multi";37;"Dilophus_sp.";18.0833333333333;14.0833333333333;4;36;18;18;1;1;1;1;0.997925910508729;1;4
"1-Multi";38;"Diptera";8.7;4.7;4;12;6;6;0.334733641332107;0.792693495779849;5.40158462886445e-05;5.03857960438338e-05;0.805678702242818;1;2
"1-Multi";39;"Episyrphus_balteatus";2;1;1;2;1;1;0.108902962650966;0;0;0;1.39796344014051e-05;0.5;2
"1-Multi";40;"Eupeodes_corollae";9.95833333333333;5.95833333333333;4;18;9;9;0.353794699364416;0.235493354212423;0.0390676469004045;0.0349894327211107;0.980042689548654;1;4
"1-Multi";41;"Malachius_bipustulatus";1.08333333333333;0.0833333333333333;1;2;1;1;0.0420211370190112;0.00973713983051682;0.0665094095860583;0;0.160190845305846;0.5;2
"1-Multi";42;"Meligethes_sp.";9.91666666666667;5.91666666666667;4;16;8;8;0.318880045333861;0.327983705400799;0.0128606382589073;0.00144073436735113;1;1;4
"1-Multi";43;"Mordellidae";1.08333333333333;0.0833333333333333;1;2;1;1;0.0420211370189944;0.00973713983042891;0.0665094095860584;0;0.160190845305846;0.5;2
"1-Multi";44;"Nemotelus_sp.";1.33333333333333;0.333333333333333;1;2;1;1;0.048124184188972;0.00729752670082363;0.00101127366487672;0;0.151425321359209;0.5;2
"1-Multi";45;"Psilothrix_viridicoerulea";9.08333333333333;8.08333333333333;1;22;11;11;0.346321501324022;0.0641920550540097;0.00880126037152664;0;0.0781324216476169;0.5;4
"1-Multi";46;"Scaeva_sp.";1.8;0.8;1;2;1;1;0.110998353053549;0.0608681120286206;0;9.03960310230016e-07;0.0464102665466613;0.5;2
"1-Multi";47;"Sphaerophoria_scripta";7.75833333333333;3.75833333333333;4;12;6;6;0.267234122274498;0.183360289520217;0.0349911932451187;0.0307742127014875;0.976316350576892;1;4
"2-Multi";1;"A1 CHFU";1.07142857142857;0.0714285714285714;1;2;1;1;0.0444934830787188;0.0236263576798757;0.959885753016509;0;0.325876067667237;0.5;2
"2-Multi";2;"A1 LEMA";2.33333333333333;1.33333333333333;1;6;3;3;0.083786083686788;0.0345062927084121;0;0.00105353544596195;0.238665445088566;0.5;4
"2-Multi";3;"A2 LEMA";2.66666666666667;1.66666666666667;1;4;2;2;0.0941736871097955;0.0421959547736925;0;0.00283964411820197;0.260541934148518;0.5;2
"2-Multi";4;"A3 CHFU";2.14285714285714;1.14285714285714;1;4;2;2;0.110949978428527;0.10538758203376;0.494712740674484;0;0.322926799614388;0.5;2
"2-Multi";5;"A3 LEMA";2;1;1;2;1;1;0.0957464708926138;0.259011546252516;0;5.8874074273994e-06;0.263259450256122;0.5;2
"2-Multi";6;"A4 CHFU";1.14285714285714;0.142857142857143;1;2;1;1;0.0605774976397921;0.0472527153593641;0.959885753016509;0;0.325876067667237;0.5;2
"2-Multi";7;"A4 LEMA";1.16666666666667;0.166666666666667;1;2;1;1;0.0415259800271249;0.0174256106008006;0;0.000233622237450334;0.318779196880724;0.5;2
"2-Multi";8;"A5 CHFU";1.14285714285714;0.142857142857143;1;2;1;1;0.0605774976397769;0.0472527153591163;0.959885753016509;0;0.325876067667237;0.5;2
"2-Multi";9;"A6 LEMA";1.0625;0.0625;1;2;1;1;0.0460531717680471;0.00254542287245794;0;5.99553293638797e-05;0.0495758714759758;0.5;2
"2-Multi";10;"B1 CHFU";1.07142857142857;0.0714285714285714;1;2;1;1;0.0444934830787047;0.0236263576793721;0.959885753016509;0;0.325876067667237;0.5;2
"2-Multi";11;"B2 CHFU";1.57142857142857;0.571428571428571;1;4;2;2;0.0793891430362066;0.0609786917989199;0.496735805495817;0;0.323266882715502;0.5;2
"2-Multi";12;"B2 LEMA";1.29166666666667;0.291666666666667;1;4;2;2;0.0771254462375525;0.0175415987777496;0;0.000829601025336734;0.13343088716141;0.5;4
"2-Multi";13;"B3 CHFU";1.5;0.5;1;2;1;1;0.0633051284751547;0.0373523341190724;0.0335858579751242;0;0.320657697763768;0.5;2
"2-Multi";14;"B4 LEMA";1.125;0.125;1;2;1;1;0.063696875018434;0.00509084574433846;0;0.000119910658727671;0.0495758714759758;0.5;2
"2-Multi";15;"B5 LEMA";1.0625;0.0625;1;2;1;1;0.0460531717680546;0.00254542287227582;0;5.99553293638557e-05;0.0495758714759758;0.5;2
"2-Multi";16;"C1 LEMA";1.29166666666667;0.291666666666667;1;6;3;3;0.0690758292233619;0.0312253321487578;0;0.00750772409266772;0.218767091506411;0.5;4
"2-Multi";17;"C3 CHFU";2;1;1;2;1;1;0.108902962651002;0;0;0;1.39796344014051e-05;0.5;2
"2-Multi";18;"C3 LEMA";1.0625;0.0625;1;2;1;1;0.0460531717680432;0.00254542287201604;0;5.99553293638233e-05;0.0495758714759758;0.5;2
"2-Multi";19;"C4 CHFU";1.07142857142857;0.0714285714285714;1;2;1;1;0.044493483078719;0.0236263576796691;0.959885753016509;0;0.325876067667237;0.5;2
"2-Multi";20;"C4 LEMA";1.125;0.125;1;4;2;2;0.0585421590271226;0.0215255984565468;0;0.00687208527813857;0.178422174336883;0.5;4
"2-Multi";21;"C5 LEMA";1.1875;0.1875;1;2;1;1;0.0658764302948527;0.0569405267526483;0;0.0204363898463241;0.307268477197791;0.5;2
"2-Multi";22;"D1 CHFU";1.33333333333333;0.333333333333333;1;2;1;1;0.0533844002479326;0.0813047607859748;4.83646077768126e-05;0;0.247914723754507;0.5;2
"2-Multi";23;"D1 LEMA";3.72916666666667;2.72916666666667;1;10;5;5;0.206369466042197;0.184167930257968;0;0.06928888086634;0.252481484967141;0.5;4
"2-Multi";24;"D2 CHFU";1.14285714285714;0.142857142857143;1;2;1;1;0.0605774976397666;0.0472527153589807;0.959885753016509;0;0.325876067667237;0.5;2
"2-Multi";25;"D2 LEMA";1.39583333333333;0.395833333333333;1;4;2;2;0.0677555982149723;0.0438816816510322;0;0.00823151068199284;0.303183438087448;0.5;4
"2-Multi";26;"D4 LEMA";1.0625;0.0625;1;2;1;1;0.0460531717680481;0.00254542287239836;0;5.99553293638727e-05;0.0495758714759758;0.5;2
"2-Multi";27;"D5 CHFU";1.07142857142857;0.0714285714285714;1;2;1;1;0.0444934830787156;0.0236263576798262;0.959885753016509;0;0.325876067667237;0.5;2
"2-Multi";28;"D5 LEMA";1.16666666666667;0.166666666666667;1;2;1;1;0.0418380397367802;0.0124507530333976;0;0.000709690366609074;0.301140918532277;0.5;2
"2-Multi";29;"E1 CHFU";2.33333333333333;1.33333333333333;1;4;2;2;0.110209350458044;0.184840954973404;0.000715652500439297;0;0.281797984212889;0.5;2
"2-Multi";30;"E1 LEMA";1.70833333333333;0.708333333333333;1;8;4;4;0.147924497452708;0.0702925293829199;0;0.015209410396143;0.176679785584653;0.5;4
"2-Multi";31;"E5 LEMA";1.16666666666667;0.166666666666667;1;2;1;1;0.0415259800271081;0.0174256106009217;0;0.00023362223745035;0.318779196880724;0.5;2
"2-Multi";32;"F1 LEMA";1.0625;0.0625;1;2;1;1;0.0460531717680293;0.00254542287213734;0;5.99553293638368e-05;0.0495758714759758;0.5;2
"2-Multi";33;"F4 LEMA";1.33333333333333;0.333333333333333;1;2;1;1;0.0546424915365597;0.034851221201213;0;0.0004672444749006;0.318779196880724;0.5;2
"2-Multi";34;"F5 CHFU";1.07142857142857;0.0714285714285714;1;2;1;1;0.044493483078719;0.0236263576798502;0.959885753016509;0;0.325876067667237;0.5;2
"2-Multi";35;"F6 CHFU";2.33333333333333;1.33333333333333;1;4;2;2;0.135658976223505;0.11992264505137;1.03670804540885e-05;0;0.073142859790336;0.5;2
"2-Multi";36;"Coleoptera";1.2;0.2;1;2;1;1;0.0420041905022518;0.00535426003428334;0.00272573393269905;0;0.165304760794001;0.5;2
"2-Multi";37;"Dilophus_sp.";18.0833333333333;14.0833333333333;4;36;18;18;1;1;1;1;0.997925910508729;1;4
"2-Multi";38;"Diptera";8.7;4.7;4;12;6;6;0.334733641332107;0.792693495779849;5.40158462886445e-05;5.03857960438338e-05;0.805678702242818;1;2
"2-Multi";39;"Episyrphus_balteatus";2;1;1;2;1;1;0.108902962650966;0;0;0;1.39796344014051e-05;0.5;2
"2-Multi";40;"Eupeodes_corollae";9.95833333333333;5.95833333333333;4;18;9;9;0.353794699364416;0.235493354212423;0.0390676469004045;0.0349894327211107;0.980042689548654;1;4
"2-Multi";41;"Malachius_bipustulatus";1.08333333333333;0.0833333333333333;1;2;1;1;0.0420211370190112;0.00973713983051682;0.0665094095860583;0;0.160190845305846;0.5;2
"2-Multi";42;"Meligethes_sp.";9.91666666666667;5.91666666666667;4;16;8;8;0.318880045333861;0.327983705400799;0.0128606382589073;0.00144073436735113;1;1;4
"2-Multi";43;"Mordellidae";1.08333333333333;0.0833333333333333;1;2;1;1;0.0420211370189944;0.00973713983042891;0.0665094095860584;0;0.160190845305846;0.5;2
"2-Multi";44;"Nemotelus_sp.";1.33333333333333;0.333333333333333;1;2;1;1;0.048124184188972;0.00729752670082363;0.00101127366487672;0;0.151425321359209;0.5;2
"2-Multi";45;"Psilothrix_viridicoerulea";9.08333333333333;8.08333333333333;1;22;11;11;0.346321501324022;0.0641920550540097;0.00880126037152664;0;0.0781324216476169;0.5;4
"2-Multi";46;"Scaeva_sp.";1.8;0.8;1;2;1;1;0.110998353053549;0.0608681120286206;0;9.03960310230016e-07;0.0464102665466613;0.5;2
"2-Multi";47;"Sphaerophoria_scripta";7.75833333333333;3.75833333333333;4;12;6;6;0.267234122274498;0.183360289520217;0.0349911932451187;0.0307742127014875;0.976316350576892;1;4
"Aggr";1;"A1 CHFU";1.07142857142857;0.0714285714285714;1;2;1;1;0.051501361891719;1;1;0;0.738351265971944;0;2
"Aggr";2;"A1 LEMA";2.33333333333333;1.33333333333333;1;6;3;3;0.10728762071091;1;0.027148820577716;0;0.585280076965971;0;4
"Aggr";3;"A2 LEMA";2.66666666666667;1.66666666666667;1;4;2;2;0.122329776986509;1;0.0352357180774608;0;0.65667591274598;0;2
"Aggr";4;"A3 CHFU";2.14285714285714;1.14285714285714;1;4;2;2;0.180162983245852;1;0.521939379551292;0;0.734848026702805;0;4
"Aggr";5;"A3 LEMA";2;1;1;2;1;1;0.160734259273626;1;0.000268504127872481;0;0.55145203952721;0;2
"Aggr";6;"A4 CHFU";1.14285714285714;0.142857142857143;1;2;1;1;0.0818585047488619;1;1;0;0.738351265971944;0;2
"Aggr";7;"A4 LEMA";1.16666666666667;0.166666666666667;1;2;1;1;0.0407096679793619;1;0.00894412696347196;0;0.714914991108737;0;2
"Aggr";8;"A5 CHFU";1.14285714285714;0.142857142857143;1;2;1;1;0.0818585047488619;1;1;0;0.738351265971944;0;2
"Aggr";9;"A6 LEMA";1.0625;0.0625;1;2;1;1;0.0496575756381931;1;0.160161054897152;0;0.188630433985718;0;2
"Aggr";10;"B1 CHFU";1.07142857142857;0.0714285714285714;1;2;1;1;0.051501361891719;1;1;0;0.738351265971944;0;2
"Aggr";11;"B2 CHFU";1.57142857142857;0.571428571428571;1;4;2;2;0.119802155584561;1;0.53582511514658;0;0.730098853806127;0;4
"Aggr";12;"B2 LEMA";1.29166666666667;0.291666666666667;1;4;2;2;0.100937863472757;1;0.130657446695821;0;0.366369103203915;0;4
"Aggr";13;"B3 CHFU";1.5;0.5;1;2;1;1;0.0894450127274176;1;0.0716502302931599;0;0.721846441640309;0;2
"Aggr";14;"B4 LEMA";1.125;0.125;1;2;1;1;0.07817093224181;1;0.160161054897152;0;0.188630433985718;0;2
"Aggr";15;"B5 LEMA";1.0625;0.0625;1;2;1;1;0.0496575756381931;1;0.160161054897152;0;0.188630433985718;0;2
"Aggr";16;"C1 LEMA";1.29166666666667;0.291666666666667;1;6;3;3;0.0926041553876915;1;0.401346604666579;0;0.552775495797109;0;4
"Aggr";17;"C3 CHFU";2;1;1;2;1;1;0.140961460230506;1;0;0;2.62101851103291e-05;0;2
"Aggr";18;"C3 LEMA";1.0625;0.0625;1;2;1;1;0.0496575756381931;1;0.160161054897152;0;0.188630433985718;0;2
"Aggr";19;"C4 CHFU";1.07142857142857;0.0714285714285714;1;2;1;1;0.051501361891719;1;1;0;0.738351265971944;0;2
"Aggr";20;"C4 LEMA";1.125;0.125;1;4;2;2;0.0762200756381931;1;0.580080527448576;0;0.463490849978831;0;4
"Aggr";21;"C5 LEMA";1.1875;0.1875;1;2;1;1;0.100831719034576;1;1;0;0.738351265971944;0;2
"Aggr";22;"D1 CHFU";1.33333333333333;0.333333333333333;1;2;1;1;0.0676742324475928;1;0.000268504127872509;0;0.55145203952721;0;2
"Aggr";23;"D1 LEMA";3.72916666666667;2.72916666666667;1;10;5;5;0.361157590080634;1;0.681650205340158;0;0.624250206087502;0;4
"Aggr";24;"D2 CHFU";1.14285714285714;0.142857142857143;1;2;1;1;0.081858504748862;1;1;0;0.738351265971944;0;2
"Aggr";25;"D2 LEMA";1.39583333333333;0.395833333333333;1;4;2;2;0.0932405814964704;1;0.381100153528773;0;0.727348049750854;0;4
"Aggr";26;"D4 LEMA";1.0625;0.0625;1;2;1;1;0.0496575756381931;1;0.160161054897152;0;0.188630433985718;0;2
"Aggr";27;"D5 CHFU";1.07142857142857;0.0714285714285714;1;2;1;1;0.051501361891719;1;0.999999999999999;0;0.738351265971944;0;2
"Aggr";28;"D5 LEMA";1.16666666666667;0.166666666666667;1;2;1;1;0.0439111502655233;1;0.0716502302931599;0;0.721846441640309;0;2
"Aggr";29;"E1 CHFU";2.33333333333333;1.33333333333333;1;4;2;2;0.185066926116308;1;0.00460631554567225;0;0.633183515317974;0;2
"Aggr";30;"E1 LEMA";1.70833333333333;0.708333333333333;1;8;4;4;0.227473656429489;1;0.344521651123044;0;0.460551937120092;0;4
"Aggr";31;"E5 LEMA";1.16666666666667;0.166666666666667;1;2;1;1;0.0407096679793619;1;0.00894412696347212;0;0.714914991108737;0;2
"Aggr";32;"F1 LEMA";1.0625;0.0625;1;2;1;1;0.0496575756381931;1;0.160161054897152;0;0.188630433985718;0;2
"Aggr";33;"F4 LEMA";1.33333333333333;0.333333333333333;1;2;1;1;0.0602751169241477;1;0.00894412696347204;0;0.714914991108737;0;2
"Aggr";34;"F5 CHFU";1.07142857142857;0.0714285714285714;1;2;1;1;0.051501361891719;1;0.999999999999999;0;0.738351265971944;0;2
"Aggr";35;"F6 CHFU";2.33333333333333;1.33333333333333;1;4;2;2;0.202954546509438;1;5.71444616927513e-05;0;0.195609581674354;0;2
"Aggr";36;"Coleoptera";1.2;0.2;1;2;1;1;0.0419402811222826;1;0;0.000663553976964712;0.484859846040115;0;2
"Aggr";37;"Dilophus_sp.";14.0833333333333;12.0833333333333;2;32;16;16;1;1;0;1;1;0;4
"Aggr";38;"Diptera";4.7;2.7;2;8;4;4;0.328447153503648;1;0;0.000268504127872108;0.746867147042385;0;2
"Aggr";39;"Episyrphus_balteatus";2;1;1;2;1;1;0.140961460230506;1;0;0;2.62101851103291e-05;0;2
"Aggr";40;"Eupeodes_corollae";5.95833333333333;3.95833333333333;2;14;7;7;0.32141549973102;1;0;0.0716502302931598;0.977646171414913;0;4
"Aggr";41;"Malachius_bipustulatus";1.08333333333333;0.0833333333333333;1;2;1;1;0.0467262149986209;1;0;0.0053486411106331;0.460918506855636;0;2
"Aggr";42;"Meligethes_sp.";5.91666666666667;3.91666666666667;2;12;6;6;0.276218102749917;1;0;0.00894412696347165;0.968258343109962;0;4
"Aggr";43;"Mordellidae";1.08333333333333;0.0833333333333333;1;2;1;1;0.046726214998621;1;0;0.00534864111063315;0.460918506855636;0;2
"Aggr";44;"Nemotelus_sp.";1.33333333333333;0.333333333333333;1;2;1;1;0.0515423782360003;1;0;0.000852104476516449;0.432145129942426;0;2
"Aggr";45;"Psilothrix_viridicoerulea";9.08333333333333;8.08333333333333;1;22;11;11;0.536722006656321;1;0;0.160161054897152;0.255468280003531;0;4
"Aggr";46;"Scaeva_sp.";1.8;0.8;1;2;1;1;0.159153310660994;1;0;4.30454514768409e-06;0.144434098808375;0;2
"Aggr";47;"Sphaerophoria_scripta";3.75833333333333;1.75833333333333;2;8;4;4;0.231304655287036;1;0;0.0438787591025844;0.990510555151467;0;4
