"Layer";"Node";"Label";"Strength";"StrengthIn";"StrengthOut";"Degree";"DegreeIn";"DegreeOut";"PageRank";"Eigenvector";"Hub";"Authority";"Katz";"Multiplexity";"Kcore"
"1-Multi";1;"A1 LEMA";1.29015151515152;0.290151515151515;1;6;3;3;0.0513888051533883;0.000650955542387167;0.00732003245389165;0.000159486891624489;0.000886885282830426;0.25;6
"1-Multi";2;"A2 CHFU";1.26923076923077;0.269230769230769;1;2;1;1;0.0597193298514243;0.000386947492916522;0.013526287729399;6.69110383086753e-05;0.000580640045593034;0.25;2
"1-Multi";3;"A2 LEMA";1.19166666666667;0.191666666666667;1;4;2;2;0.0472728451733658;0.0007683769979753;0.0100519530685631;0.00021595118170366;0.00116153997996392;0.25;4
"1-Multi";4;"A2 PUPA";1.33333333333333;0.333333333333333;1;2;1;1;0.0524155537307766;4.09614918169129e-06;8.54267144427252e-06;5.97319260178092e-07;8.3459696190323e-06;0.25;2
"1-Multi";5;"A3 CHFU";1.37179487179487;0.371794871794872;1;4;2;2;0.0535073204080916;0.000108395731441711;0.00760444101178626;2.83950306937856e-05;0.000433667209104471;0.25;4
"1-Multi";6;"A3 LEMA";2.13888888888889;1.13888888888889;1;6;3;3;0.0563078681638254;0.0121000129179093;0.0261171998371563;0.00614067125776882;0.0208299823312663;0.25;4
"1-Multi";7;"A4 CHFU";1.09401709401709;0.094017094017094;1;4;2;2;0.0436428190758742;0.00453753294937508;0.0781645825982876;0.00225545556954493;0.0118232798697583;0.25;4
"1-Multi";8;"A4 LEMA";1.16785714285714;0.167857142857143;1;4;2;2;0.0432169575684304;0.00842852885996981;0.013309276962358;0.000734410017207034;0.0384923963412929;0.25;4
"1-Multi";9;"A5 CHFU";1.14957264957265;0.14957264957265;1;4;2;2;0.0473795243060261;0.00901978768547982;0.0997106808879146;0.00450135241932691;0.0155708264778133;0.25;4
"1-Multi";10;"A5 LEMA";1.21666666666667;0.216666666666667;1;4;2;2;0.0506312246955613;0.000869014774872615;0.0119693634151715;0.000221587472309399;0.00104991822097307;0.25;4
"1-Multi";11;"A6 CHFU";1.42735042735043;0.427350427350427;1;6;3;3;0.0572440256382446;0.00459065046754384;0.0526705864969161;0.00227429188047921;0.00797775137071081;0.25;4
"1-Multi";12;"B1 CHFU";1.05555555555556;0.0555555555555556;1;2;1;1;0.0403406164082507;0.00448225473610269;0.142802877467174;0.0022458968497847;0.0230659196939235;0.25;2
"1-Multi";13;"B2 CHFU";1.48717948717949;0.487179487179487;1;4;2;2;0.0626825026235752;0.000223441791804078;0.0108710398673213;3.87164853340932e-05;0.000470012336133502;0.25;4
"1-Multi";14;"B2 LEMA";1.32070707070707;0.320707070707071;1;6;3;3;0.0512409207080085;0.00490608806458729;0.0201734057652849;0.00335907927168597;0.00647143728256115;0.25;6
"1-Multi";15;"B2 PUPA";1.29166666666667;0.291666666666667;1;6;3;3;0.0861054403164585;0.000562186868964013;0.00029509028153039;9.13341528215594e-05;4.90165457209013e-05;0.25;6
"1-Multi";16;"B3 CHFU";1.33333333333333;0.333333333333333;1;2;1;1;0.0502051177404701;5.31175181677364e-05;0.00168259429417512;1.88363109356504e-05;0.000286694372615908;0.25;2
"1-Multi";17;"B3 LEMA";1.38932178932179;0.389321789321789;1;8;4;4;0.0662607150381107;0.00491708053742068;0.0205570045132924;0.00326939950799542;0.00384281016279119;0.25;6
"1-Multi";18;"B3 PUPA";1.62872628726287;0.628726287262873;1;6;3;3;0.0807274205389563;0.00379789866135259;0.000741352692364508;0.0013193332620326;0.00754347939649026;0.25;4
"1-Multi";19;"B4 CHFU";1.05555555555556;0.0555555555555556;1;2;1;1;0.0403406164082516;0.00448225473610224;0.142802877467175;0.0022458968497853;0.0230659196939235;0.25;2
"1-Multi";20;"B4 LEMA";1.30952380952381;0.30952380952381;1;4;2;2;0.0494900632766682;0.021395201980374;0.0540755556428467;0.0103444597385909;0.0363573806418389;0.25;4
"1-Multi";21;"B4 PUPA";1.14244579945799;0.142445799457995;1;6;3;3;0.0652492399716029;0.000138347377384742;0.000218751185880837;2.0827364259416e-05;7.32406337384732e-05;0.25;6
"1-Multi";22;"B5 CHFU";1.70512820512821;0.705128205128205;1;6;3;3;0.0818769631583003;9.91213482046675e-05;0.00399976376797895;2.0158543263392e-05;0.000209917646226285;0.25;4
"1-Multi";23;"B5 LEMA";3.11829004329004;2.11829004329004;1;12;6;6;0.0860895707771125;0.0305437686115814;0.0255919036827504;0.0122365734290024;0.0206941081795687;0.25;6
"1-Multi";24;"B5 ME";3;2;1;4;2;2;0.118471079404812;0.0837305597552838;0.0275382029119035;0.0737105297725632;0.0121976629851409;0.25;2
"1-Multi";25;"B5 PUPA";1.02439024390244;0.024390243902439;1;2;1;1;0.0457847976469768;1.80346179475649e-05;0.000304172723901043;9.57795651165674e-07;0.000128036271595237;0.25;2
"1-Multi";26;"B6 CHFU";1.16666666666667;0.166666666666667;1;2;1;1;0.0511544454468853;2.07570981115693e-05;0.0011113594617492;5.05910860144827e-06;0.000115764520508367;0.25;2
"1-Multi";27;"B6 LEMA";1.025;0.025;1;2;1;1;0.0399622907002925;0.000100637776899456;0.0177215944549907;5.63629060292773e-06;0.000715052944000521;0.25;2
"1-Multi";28;"B6 PUPA";1.0625;0.0625;1;2;1;1;0.0468496865875501;5.60037201010374e-06;3.08172357078705e-05;2.74882687136707e-06;8.70184886693469e-06;0.25;2
"1-Multi";29;"C1 LEMA";1.09090909090909;0.0909090909090909;1;2;1;1;0.0404895297863829;0.000108224077473293;0.00267070149261774;2.43465777377254e-05;0.00072385234468778;0.25;2
"1-Multi";30;"C2 CHFU";1.5;0.5;1;2;1;1;0.0584164785306251;8.03930343975127e-05;0.00127139022005843;4.59757729251134e-05;0.000418652783380595;0.25;2
"1-Multi";31;"C2 LEMA";1.47265512265512;0.472655122655123;1;10;5;5;0.0640434870566409;0.0135283061777789;0.0197257823572763;0.0040860515829684;0.013036481037518;0.25;6
"1-Multi";32;"C2 PUPA";1.07994579945799;0.0799457994579946;1;4;2;2;0.0550034645621446;0.000132747005374993;0.000312718160968341;1.80785373875901e-05;0.000105510026174242;0.25;4
"1-Multi";33;"C3 CHFU";2.55555555555556;1.55555555555556;1;6;3;3;0.0642018629652855;0.0348297450649481;0.0509966138982555;0.0051589599374185;0.0346034308092439;0.25;4
"1-Multi";34;"C3 LEMA";1.15;0.15;1;2;1;1;0.0567541883112754;0.000603826661386802;0.0177215944549935;3.38177436306355e-05;0.000715052944000521;0.25;2
"1-Multi";35;"C3 PUPA";1.47967479674797;0.479674796747967;1;6;3;3;0.14903219784331;0.00110675547623993;0.000368971428733969;0.00016018263513287;0.000102850987250604;0.25;6
"1-Multi";36;"C4 CHFU";1.05555555555556;0.0555555555555556;1;2;1;1;0.0403406164082513;0.00448225473610206;0.142802877467175;0.00224589684978554;0.0230659196939235;0.25;2
"1-Multi";37;"C4 LEMA";1.4754329004329;0.4754329004329;1;8;4;4;0.0634508204515315;0.0218053393885441;0.0340172134286205;0.0103857151881393;0.0185373167180056;0.25;6
"1-Multi";38;"C4 PUPA";1.07994579945799;0.0799457994579946;1;4;2;2;0.055003464562149;0.000132747005373567;0.000312718160970018;1.80785373894756e-05;0.000105510026174242;0.25;4
"1-Multi";39;"C5 ME";2;1;1;2;1;1;0.0516075567241224;0.00768092968143812;0.00260567333227657;0.00266723451449915;0.039431638399815;0.25;2
"1-Multi";40;"C5 PUPA";1.48611111111111;0.486111111111111;1;4;2;2;0.116515897465165;0.000263027006908954;0.0001034288262921;5.07344447096165e-05;2.72723318385131e-05;0.25;4
"1-Multi";41;"C6 CHFU";1.24786324786325;0.247863247863248;1;4;2;2;0.0568516297463431;0.00475864580247161;0.035072386019028;0.00229369044857664;0.00432818665364811;0.25;4
"1-Multi";42;"C6 PUPA";1.02439024390244;0.024390243902439;1;2;1;1;0.0457847976469781;1.80346179464046e-05;0.000304172723902406;9.57795652698895e-07;0.000128036271595237;0.25;2
"1-Multi";43;"D1 CHFU";2;1;1;2;1;1;0.0884594520137287;0;0;0;5.04561140772456e-06;0.25;2
"1-Multi";44;"D1 LEMA";1.27896825396825;0.278968253968254;1;6;3;3;0.0555104529400571;0.00886271342835256;0.0392996586090025;0.00643337272910812;0.0117709802264431;0.25;4
"1-Multi";45;"D2 CHFU";2.55555555555556;1.55555555555556;1;6;3;3;0.0834071570971187;0.00471561058232156;0.0484176053232949;0.00247241838197745;0.00809219467959318;0.25;2
"1-Multi";46;"D2 LEMA";2.5952380952381;1.5952380952381;1;6;3;3;0.0845506218724293;0.00123191040117019;0.00270322057734079;0.000619054508978639;0.000801876840169094;0.25;4
"1-Multi";47;"D2 PUPA";1.23983739837398;0.239837398373984;1;4;2;2;0.0918025713302412;0.000398241016123726;0.000312718160968189;5.4235612164406e-05;0.000105510026174242;0.25;4
"1-Multi";48;"D3 CHFU";1.16666666666667;0.166666666666667;1;2;1;1;0.0511544454468841;2.07570981127612e-05;0.0011113594617478;5.059108599873e-06;0.000115764520508367;0.25;2
"1-Multi";49;"D3 LEMA";1.025;0.025;1;2;1;1;0.0399622907002978;0.000100637776896949;0.0177215944549936;5.63629060624046e-06;0.000715052944000521;0.25;2
"1-Multi";50;"D3 PUPA";2.04878048780488;1.04878048780488;1;8;4;4;0.178131007293957;0.00243718904234698;0.000429204531612789;0.00241511008178771;9.70381000209159e-05;0.25;6
"1-Multi";51;"D4 LEMA";1.10833333333333;0.108333333333333;1;4;2;2;0.0436175679368289;0.000434507387438436;0.011969363415168;0.000110793736151897;0.00104991822097307;0.25;4
"1-Multi";52;"D4 PUPA";1.07317073170732;0.0731707317073171;1;2;1;1;0.0641465705847498;5.41038538378118e-05;0.000304172723904088;2.8733869599235e-06;0.000128036271595237;0.25;2
"1-Multi";53;"D5 CHFU";2.26068376068376;1.26068376068376;1;8;4;4;0.0744628508040678;0.00467194997433258;0.0395405943163868;0.00243859016751574;0.00608987211432224;0.25;4
"1-Multi";54;"D5 LEMA";1.14285714285714;0.142857142857143;1;2;1;1;0.0457310832642359;5.05350532551739e-05;0.00120686457990763;1.72790971747779e-05;0.000262346075925016;0.25;2
"1-Multi";55;"D5 PUPA";1.10433604336043;0.104336043360434;1;4;2;2;0.0648613398180067;0.000254206104650869;0.000384874038969084;3.62734699767598e-05;0.000109473389416389;0.25;4
"1-Multi";56;"D6 CHFU";1.33333333333333;0.333333333333333;1;2;1;1;0.0494736919531052;2.32893870600442e-06;0.000250048419023896;4.81606304423091e-07;2.75014982953723e-05;0.25;2
"1-Multi";57;"D6 LEMA";1.025;0.025;1;2;1;1;0.0399622907002927;0.000100637776899223;0.017721594454991;5.63629060323621e-06;0.000715052944000521;0.25;2
"1-Multi";58;"D6 PUPA";2.87178184281843;1.87178184281843;1;12;6;6;0.176910194995395;0.00143380911752124;0.000203463164418325;0.00303738820020756;0.000104059980250909;0.25;6
"1-Multi";59;"E1 CHFU";1.15384615384615;0.153846153846154;1;2;1;1;0.0498127218485676;0.00022111285309722;0.013526287729396;3.8234879030804e-05;0.000580640045593034;0.25;2
"1-Multi";60;"E1 LEMA";1.025;0.025;1;2;1;1;0.039962290700298;0.000100637776896508;0.0177215944549942;5.6362906068225e-06;0.000715052944000521;0.25;2
"1-Multi";61;"E1 PUPA";1.74661246612466;0.746612466124661;1;6;3;3;0.0873037384544741;0.000244363785069231;0.000216883683973027;3.65103128425683e-05;5.4268958972999e-05;0.25;4
"1-Multi";62;"E2 CHFU";2;1;1;2;1;1;0.0728186928055406;0.0036139356214319;0.00300092909151708;0.0020540972140792;0.00116624359102235;0.25;2
"1-Multi";63;"E2 LEMA";2.08055555555556;1.08055555555556;1;6;3;3;0.0912312649042352;0.00506918454915456;0.0292155659528319;0.00682145054758371;0.00825185915544784;0.25;4
"1-Multi";64;"E2 ME";2;1;1;4;2;2;0.0614071570953329;0.0307451404489143;0.00283449357030353;0.00281357066585049;0.040457080684305;0.25;2
"1-Multi";65;"E2 PUPA";1.54878048780488;0.548780487804878;1;4;2;2;0.0623278671549019;0.0036651516559784;0.00102710904662735;0.00130125472464395;0.0125021256433676;0.25;4
"1-Multi";66;"E3 CHFU";1.05555555555556;0.0555555555555556;1;2;1;1;0.0403406164082573;0.00448225473610261;0.142802877467174;0.00224589684978481;0.0230659196939235;0.25;2
"1-Multi";67;"E3 LEMA";1.025;0.025;1;2;1;1;0.0399622907002972;0.000100637776897779;0.0177215944549927;5.63629060514355e-06;0.000715052944000521;0.25;2
"1-Multi";68;"E3 PUPA";1.12872628726287;0.128726287262873;1;4;2;2;0.0733652374999114;0.000168816241267207;0.000308445442435689;1.99941286937493e-05;0.000116773148884739;0.25;4
"1-Multi";69;"E4 CHFU";1.61111111111111;0.611111111111111;1;4;2;2;0.0539909970448019;0.0380535086642854;0.0981460436304967;0.00699028505898201;0.0410381341144691;0.25;4
"1-Multi";70;"E4 LEMA";1.1984126984127;0.198412698412698;1;4;2;2;0.0430690731230452;0.0126836613821743;0.0390160235851367;0.00393400239726275;0.0496615003407544;0.25;4
"1-Multi";71;"E5 CHFU";2.05555555555556;1.05555555555556;1;4;2;2;0.0537010488287669;0.0120399860183541;0.0740377415002014;0.00442803989232641;0.0309336183189783;0.25;2
"1-Multi";72;"E5 LEMA";1.025;0.025;1;2;1;1;0.0399622907002937;0.000100637776898537;0.0177215944549918;5.63629060414286e-06;0.000715052944000521;0.25;2
"1-Multi";73;"E5 PUPA";2;1;1;2;1;1;0.0578110863104714;0.0608926364652878;0.0053445021733725;0.005777888625526;0.0801200128844621;0.25;2
"1-Multi";74;"E6 LEMA";1.14285714285714;0.142857142857143;1;2;1;1;0.0457310832642361;5.05350532528494e-05;0.00120686457991036;1.72790971778462e-05;0.000262346075925016;0.25;2
"1-Multi";75;"E6 ME";1.5;0.5;1;2;1;1;0.047720433447645;0.0298657460717679;0.00554691580414707;0.00275637899898382;0.078592405230056;0.25;2
"1-Multi";76;"E6 PUPA";1.0625;0.0625;1;2;1;1;0.0468496865875547;5.60037200754925e-06;3.08172357108692e-05;2.74882687474117e-06;8.70184886693469e-06;0.25;2
"1-Multi";77;"F1 LEMA";1.09090909090909;0.0909090909090909;1;2;1;1;0.0404895297863773;0.000108224077474485;0.00267070149261634;2.43465777361506e-05;0.00072385234468778;0.25;2
"1-Multi";78;"F1 PUPA";1.07317073170732;0.0731707317073171;1;2;1;1;0.064146570584748;5.41038538391131e-05;0.000304172723902557;2.87338695820508e-06;0.000128036271595237;0.25;2
"1-Multi";79;"F2 LEMA";1.10833333333333;0.108333333333333;1;4;2;2;0.0436175679368272;0.000434507387438154;0.0119693634151684;0.000110793736152267;0.00104991822097307;0.25;4
"1-Multi";80;"F2 PUPA";2.04878048780488;1.04878048780488;1;4;2;2;0.0763802263012435;0.000604325722738645;0.000216639490590599;3.23683928008558e-05;0.000338815920777733;0.25;2
"1-Multi";81;"F3 CHFU";1.16666666666667;0.166666666666667;1;2;1;1;0.0511544454468854;2.0757098112571e-05;0.00111135946174803;5.05910860012413e-06;0.000115764520508367;0.25;2
"1-Multi";82;"F3 LEMA";1.05555555555556;0.0555555555555556;1;2;1;1;0.0398144062549094;0.00435577029910177;0.0691350877005534;0.00320522867066152;0.0230532609429234;0.25;2
"1-Multi";83;"F3 PUPA";2.16666666666667;1.16666666666667;1;6;3;3;0.107438791935922;0.0761368809988642;0.0134522121312015;0.0658630481796719;0.00553610621088907;0.25;4
"1-Multi";84;"F4 CHFU";1.05555555555556;0.0555555555555556;1;2;1;1;0.0403406164082513;0.00448225473610326;0.142802877467173;0.00224589684978395;0.0230659196939235;0.25;2
"1-Multi";85;"F4 LEMA";1.71590909090909;0.715909090909091;1;6;3;3;0.0650358187733608;0.000751742534140301;0.0130835792110215;0.000281049604054106;0.00076396018040609;0.25;4
"1-Multi";86;"F4 PUPA";1.12872628726287;0.128726287262873;1;4;2;2;0.0740422262868833;0.000272240722598838;0.000364698710200864;3.72312656273792e-05;0.000114114109961101;0.25;4
"1-Multi";87;"F5 ME";1.5;0.5;1;2;1;1;0.0502906348257872;0.000879394377144565;0.000122071336461215;5.71916668691336e-05;0.00232175613855396;0.25;2
"1-Multi";88;"F5 PUPA";1.125;0.125;1;2;1;1;0.0570954619970086;1.1200744016619e-05;3.08172357108497e-05;5.49765374746243e-06;8.70184886693469e-06;0.25;2
"1-Multi";89;"F6 CHFU";1.11111111111111;0.111111111111111;1;2;1;1;0.0440773216384025;0.00896450947220692;0.142802877467172;0.00449179369956735;0.0230659196939235;0.25;2
"1-Multi";90;"F6 LEMA";2;1;1;2;1;1;0.0884594520137248;0;0;0;5.04561140772456e-06;0.25;2
"1-Multi";91;"Andrena_cinerea";32.8484848484848;16.8484848484848;16;46;23;23;0.404942299111575;0.760049953723409;0.0929537167773854;0.0901862598979863;1;1;6
"1-Multi";92;"Bombyliidae";12.15;11.15;1;36;18;18;0.47029569247078;0.00237031581044129;0.000170660133177015;0.00095847233448884;0.000399313934683107;0.25;6
"1-Multi";93;"Bruchidae";1.33333333333333;0.333333333333333;1;2;1;1;0.0524576078969259;0.000490344455250068;0.000784625916534182;0.00371369894506501;0.00252780421059711;0.25;2
"1-Multi";94;"Calliphoridae";1.25;0.25;1;2;1;1;0.046593518629949;0.000364353362822922;0.000773890478677384;0.00227461471533473;0.00190318650820306;0.25;2
"1-Multi";95;"Cantharidae";7.83333333333333;3.83333333333333;4;10;5;5;0.13309722495564;0.00745968067200336;0.000629437023713136;0.00051565633538063;0.0098535275005488;0.5;2
"1-Multi";96;"Dilophus_sp.";43.0822510822511;27.0822510822511;16;80;40;40;1;1;1;1;0.289885039438017;1;6
"1-Multi";97;"Diptera";12.1333333333333;8.13333333333333;4;26;13;13;0.333397834377761;0.00657160412653119;0.0167711473120509;0.0451118055450778;0.00499940257502822;0.5;4
"1-Multi";98;"Empididae";4.75;3.75;1;10;5;5;0.130162587045651;0.000399239313200597;0.000131916953140238;0.00350198165087741;0.000359974665202836;0.25;4
"1-Multi";99;"Episyrphus_balteatus";2;1;1;2;1;1;0.0884594520137261;0;0;0;5.04561140772456e-06;0.25;2
"1-Multi";100;"Eristalis_sp.";2.5;1.5;1;4;2;2;0.083258730628378;3.93923988849286e-05;7.78759082653394e-06;2.69186339954215e-05;1.5625493621517e-05;0.25;2
"1-Multi";101;"Eucera_sp.";3.66666666666667;2.66666666666667;1;16;8;8;0.237007995311222;0.0125868480737501;0.0026876592313955;0.00172136103335762;0.000220794124626284;0.25;6
"1-Multi";102;"Eupeodes_corollae";2.45;1.45;1;6;3;3;0.0728756890601459;2.23972513616315e-05;6.27897427995407e-06;0.000787922364861127;7.70319301847458e-05;0.25;4
"1-Multi";103;"Lasiocampa_trifolii";4.5;3.5;1;24;12;12;0.2226717621753;0.00661908919959467;0.00133927708297333;0.00101232703212498;0.000254890203673215;0.25;6
"1-Multi";104;"Lomatia_sp.";2.33333333333333;1.33333333333333;1;4;2;2;0.078776621271908;0.000515423039314417;0.00039960820073626;0.00400625124004397;0.00133093658507838;0.25;2
"1-Multi";105;"Malachius_bipustulatus";1.23376623376623;0.233766233766234;1;4;2;2;0.0456985601506514;0.000899693550764278;0.00198624381612947;0.000965429871627769;0.0033503573091261;0.25;4
"1-Multi";106;"Meligethes_sp.";9.72662337662338;5.72662337662338;4;24;12;12;0.183467557526056;0.00505140004811505;0.00479849547920972;0.00868808597397675;0.00306002904550608;0.5;6
"1-Multi";107;"Mordellidae";1.09090909090909;0.0909090909090909;1;2;1;1;0.0411349240676037;0.000866192712524994;0.00388329609209093;0.00053534598569364;0.00645892819264055;0.25;2
"1-Multi";108;"Musca_sp.";30.3666666666667;14.3666666666667;16;34;17;17;0.263184135138774;0.0958718588623489;0.0446681923337308;0.0420689235968742;0.492126017523055;1;4
"1-Multi";109;"Nemotelus_sp.";2;1;1;2;1;1;0.0884594520137266;0;0;0;5.04561140772456e-06;0.25;2
"1-Multi";110;"Odontomyia_sp.";6.5;2.5;4;8;4;4;0.0823071582089725;0.00535681582630361;0.00335271534361263;0.00478665703707541;0.0160543781624453;0.5;2
"1-Multi";111;"Oedemeridae";3.89285714285714;2.89285714285714;1;10;5;5;0.10261787997538;0.00113398204502597;0.00052564730682022;0.00380292583941259;0.00082986777732297;0.25;4
"1-Multi";112;"Psilothrix_viridicoerulea";18.7834415584416;14.7834415584416;4;48;24;24;0.501247790303134;0.0170379543978817;0.0195665543175736;0.05608051070297;0.00302192638313713;0.5;6
"1-Multi";113;"Scaeva_sp.";2.83333333333333;1.83333333333333;1;6;3;3;0.0754571918390439;0.000510827701040555;0.00024557969896298;0.00530198783283234;0.000907920550568465;0.25;4
"1-Multi";114;"Sphaerophoria_scripta";19.9583333333333;10.9583333333333;9;34;17;17;0.419691394228924;0.045108436113867;0.0470210165645258;0.035531156826907;0.0144969011135208;0.75;6
"1-Multi";115;"Thymelicus_sp.";5.78333333333333;4.78333333333333;1;14;7;7;0.220314588149707;0.000287244860843214;0.00019113610328071;9.71075497113378e-05;1.67663275201647e-05;0.25;6
"2-Multi";1;"A1 LEMA";1.29015151515152;0.290151515151515;1;6;3;3;0.0513888051533883;0.000650955542387167;0.00732003245389165;0.000159486891624489;0.000886885282830426;0.25;6
"2-Multi";2;"A2 CHFU";1.26923076923077;0.269230769230769;1;2;1;1;0.0597193298514243;0.000386947492916522;0.013526287729399;6.69110383086753e-05;0.000580640045593034;0.25;2
"2-Multi";3;"A2 LEMA";1.19166666666667;0.191666666666667;1;4;2;2;0.0472728451733658;0.0007683769979753;0.0100519530685631;0.00021595118170366;0.00116153997996392;0.25;4
"2-Multi";4;"A2 PUPA";1.33333333333333;0.333333333333333;1;2;1;1;0.0524155537307766;4.09614918169129e-06;8.54267144427252e-06;5.97319260178092e-07;8.3459696190323e-06;0.25;2
"2-Multi";5;"A3 CHFU";1.37179487179487;0.371794871794872;1;4;2;2;0.0535073204080916;0.000108395731441711;0.00760444101178626;2.83950306937856e-05;0.000433667209104471;0.25;4
"2-Multi";6;"A3 LEMA";2.13888888888889;1.13888888888889;1;6;3;3;0.0563078681638254;0.0121000129179093;0.0261171998371563;0.00614067125776882;0.0208299823312663;0.25;4
"2-Multi";7;"A4 CHFU";1.09401709401709;0.094017094017094;1;4;2;2;0.0436428190758742;0.00453753294937508;0.0781645825982876;0.00225545556954493;0.0118232798697583;0.25;4
"2-Multi";8;"A4 LEMA";1.16785714285714;0.167857142857143;1;4;2;2;0.0432169575684304;0.00842852885996981;0.013309276962358;0.000734410017207034;0.0384923963412929;0.25;4
"2-Multi";9;"A5 CHFU";1.14957264957265;0.14957264957265;1;4;2;2;0.0473795243060261;0.00901978768547982;0.0997106808879146;0.00450135241932691;0.0155708264778133;0.25;4
"2-Multi";10;"A5 LEMA";1.21666666666667;0.216666666666667;1;4;2;2;0.0506312246955613;0.000869014774872615;0.0119693634151715;0.000221587472309399;0.00104991822097307;0.25;4
"2-Multi";11;"A6 CHFU";1.42735042735043;0.427350427350427;1;6;3;3;0.0572440256382446;0.00459065046754384;0.0526705864969161;0.00227429188047921;0.00797775137071081;0.25;4
"2-Multi";12;"B1 CHFU";1.05555555555556;0.0555555555555556;1;2;1;1;0.0403406164082507;0.00448225473610269;0.142802877467174;0.0022458968497847;0.0230659196939235;0.25;2
"2-Multi";13;"B2 CHFU";1.48717948717949;0.487179487179487;1;4;2;2;0.0626825026235752;0.000223441791804078;0.0108710398673213;3.87164853340932e-05;0.000470012336133502;0.25;4
"2-Multi";14;"B2 LEMA";1.32070707070707;0.320707070707071;1;6;3;3;0.0512409207080085;0.00490608806458729;0.0201734057652849;0.00335907927168597;0.00647143728256115;0.25;6
"2-Multi";15;"B2 PUPA";1.29166666666667;0.291666666666667;1;6;3;3;0.0861054403164585;0.000562186868964013;0.00029509028153039;9.13341528215594e-05;4.90165457209013e-05;0.25;6
"2-Multi";16;"B3 CHFU";1.33333333333333;0.333333333333333;1;2;1;1;0.0502051177404701;5.31175181677364e-05;0.00168259429417512;1.88363109356504e-05;0.000286694372615908;0.25;2
"2-Multi";17;"B3 LEMA";1.38932178932179;0.389321789321789;1;8;4;4;0.0662607150381107;0.00491708053742068;0.0205570045132924;0.00326939950799542;0.00384281016279119;0.25;6
"2-Multi";18;"B3 PUPA";1.62872628726287;0.628726287262873;1;6;3;3;0.0807274205389563;0.00379789866135259;0.000741352692364508;0.0013193332620326;0.00754347939649026;0.25;4
"2-Multi";19;"B4 CHFU";1.05555555555556;0.0555555555555556;1;2;1;1;0.0403406164082516;0.00448225473610224;0.142802877467175;0.0022458968497853;0.0230659196939235;0.25;2
"2-Multi";20;"B4 LEMA";1.30952380952381;0.30952380952381;1;4;2;2;0.0494900632766682;0.021395201980374;0.0540755556428467;0.0103444597385909;0.0363573806418389;0.25;4
"2-Multi";21;"B4 PUPA";1.14244579945799;0.142445799457995;1;6;3;3;0.0652492399716029;0.000138347377384742;0.000218751185880837;2.0827364259416e-05;7.32406337384732e-05;0.25;6
"2-Multi";22;"B5 CHFU";1.70512820512821;0.705128205128205;1;6;3;3;0.0818769631583003;9.91213482046675e-05;0.00399976376797895;2.0158543263392e-05;0.000209917646226285;0.25;4
"2-Multi";23;"B5 LEMA";3.11829004329004;2.11829004329004;1;12;6;6;0.0860895707771125;0.0305437686115814;0.0255919036827504;0.0122365734290024;0.0206941081795687;0.25;6
"2-Multi";24;"B5 ME";3;2;1;4;2;2;0.118471079404812;0.0837305597552838;0.0275382029119035;0.0737105297725632;0.0121976629851409;0.25;2
"2-Multi";25;"B5 PUPA";1.02439024390244;0.024390243902439;1;2;1;1;0.0457847976469768;1.80346179475649e-05;0.000304172723901043;9.57795651165674e-07;0.000128036271595237;0.25;2
"2-Multi";26;"B6 CHFU";1.16666666666667;0.166666666666667;1;2;1;1;0.0511544454468853;2.07570981115693e-05;0.0011113594617492;5.05910860144827e-06;0.000115764520508367;0.25;2
"2-Multi";27;"B6 LEMA";1.025;0.025;1;2;1;1;0.0399622907002925;0.000100637776899456;0.0177215944549907;5.63629060292773e-06;0.000715052944000521;0.25;2
"2-Multi";28;"B6 PUPA";1.0625;0.0625;1;2;1;1;0.0468496865875501;5.60037201010374e-06;3.08172357078705e-05;2.74882687136707e-06;8.70184886693469e-06;0.25;2
"2-Multi";29;"C1 LEMA";1.09090909090909;0.0909090909090909;1;2;1;1;0.0404895297863829;0.000108224077473293;0.00267070149261774;2.43465777377254e-05;0.00072385234468778;0.25;2
"2-Multi";30;"C2 CHFU";1.5;0.5;1;2;1;1;0.0584164785306251;8.03930343975127e-05;0.00127139022005843;4.59757729251134e-05;0.000418652783380595;0.25;2
"2-Multi";31;"C2 LEMA";1.47265512265512;0.472655122655123;1;10;5;5;0.0640434870566409;0.0135283061777789;0.0197257823572763;0.0040860515829684;0.013036481037518;0.25;6
"2-Multi";32;"C2 PUPA";1.07994579945799;0.0799457994579946;1;4;2;2;0.0550034645621446;0.000132747005374993;0.000312718160968341;1.80785373875901e-05;0.000105510026174242;0.25;4
"2-Multi";33;"C3 CHFU";2.55555555555556;1.55555555555556;1;6;3;3;0.0642018629652855;0.0348297450649481;0.0509966138982555;0.0051589599374185;0.0346034308092439;0.25;4
"2-Multi";34;"C3 LEMA";1.15;0.15;1;2;1;1;0.0567541883112754;0.000603826661386802;0.0177215944549935;3.38177436306355e-05;0.000715052944000521;0.25;2
"2-Multi";35;"C3 PUPA";1.47967479674797;0.479674796747967;1;6;3;3;0.14903219784331;0.00110675547623993;0.000368971428733969;0.00016018263513287;0.000102850987250604;0.25;6
"2-Multi";36;"C4 CHFU";1.05555555555556;0.0555555555555556;1;2;1;1;0.0403406164082513;0.00448225473610206;0.142802877467175;0.00224589684978554;0.0230659196939235;0.25;2
"2-Multi";37;"C4 LEMA";1.4754329004329;0.4754329004329;1;8;4;4;0.0634508204515315;0.0218053393885441;0.0340172134286205;0.0103857151881393;0.0185373167180056;0.25;6
"2-Multi";38;"C4 PUPA";1.07994579945799;0.0799457994579946;1;4;2;2;0.055003464562149;0.000132747005373567;0.000312718160970018;1.80785373894756e-05;0.000105510026174242;0.25;4
"2-Multi";39;"C5 ME";2;1;1;2;1;1;0.0516075567241224;0.00768092968143812;0.00260567333227657;0.00266723451449915;0.039431638399815;0.25;2
"2-Multi";40;"C5 PUPA";1.48611111111111;0.486111111111111;1;4;2;2;0.116515897465165;0.000263027006908954;0.0001034288262921;5.07344447096165e-05;2.72723318385131e-05;0.25;4
"2-Multi";41;"C6 CHFU";1.24786324786325;0.247863247863248;1;4;2;2;0.0568516297463431;0.00475864580247161;0.035072386019028;0.00229369044857664;0.00432818665364811;0.25;4
"2-Multi";42;"C6 PUPA";1.02439024390244;0.024390243902439;1;2;1;1;0.0457847976469781;1.80346179464046e-05;0.000304172723902406;9.57795652698895e-07;0.000128036271595237;0.25;2
"2-Multi";43;"D1 CHFU";2;1;1;2;1;1;0.0884594520137287;0;0;0;5.04561140772456e-06;0.25;2
"2-Multi";44;"D1 LEMA";1.27896825396825;0.278968253968254;1;6;3;3;0.0555104529400571;0.00886271342835256;0.0392996586090025;0.00643337272910812;0.0117709802264431;0.25;4
"2-Multi";45;"D2 CHFU";2.55555555555556;1.55555555555556;1;6;3;3;0.0834071570971187;0.00471561058232156;0.0484176053232949;0.00247241838197745;0.00809219467959318;0.25;2
"2-Multi";46;"D2 LEMA";2.5952380952381;1.5952380952381;1;6;3;3;0.0845506218724293;0.00123191040117019;0.00270322057734079;0.000619054508978639;0.000801876840169094;0.25;4
"2-Multi";47;"D2 PUPA";1.23983739837398;0.239837398373984;1;4;2;2;0.0918025713302412;0.000398241016123726;0.000312718160968189;5.4235612164406e-05;0.000105510026174242;0.25;4
"2-Multi";48;"D3 CHFU";1.16666666666667;0.166666666666667;1;2;1;1;0.0511544454468841;2.07570981127612e-05;0.0011113594617478;5.059108599873e-06;0.000115764520508367;0.25;2
"2-Multi";49;"D3 LEMA";1.025;0.025;1;2;1;1;0.0399622907002978;0.000100637776896949;0.0177215944549936;5.63629060624046e-06;0.000715052944000521;0.25;2
"2-Multi";50;"D3 PUPA";2.04878048780488;1.04878048780488;1;8;4;4;0.178131007293957;0.00243718904234698;0.000429204531612789;0.00241511008178771;9.70381000209159e-05;0.25;6
"2-Multi";51;"D4 LEMA";1.10833333333333;0.108333333333333;1;4;2;2;0.0436175679368289;0.000434507387438436;0.011969363415168;0.000110793736151897;0.00104991822097307;0.25;4
"2-Multi";52;"D4 PUPA";1.07317073170732;0.0731707317073171;1;2;1;1;0.0641465705847498;5.41038538378118e-05;0.000304172723904088;2.8733869599235e-06;0.000128036271595237;0.25;2
"2-Multi";53;"D5 CHFU";2.26068376068376;1.26068376068376;1;8;4;4;0.0744628508040678;0.00467194997433258;0.0395405943163868;0.00243859016751574;0.00608987211432224;0.25;4
"2-Multi";54;"D5 LEMA";1.14285714285714;0.142857142857143;1;2;1;1;0.0457310832642359;5.05350532551739e-05;0.00120686457990763;1.72790971747779e-05;0.000262346075925016;0.25;2
"2-Multi";55;"D5 PUPA";1.10433604336043;0.104336043360434;1;4;2;2;0.0648613398180067;0.000254206104650869;0.000384874038969084;3.62734699767598e-05;0.000109473389416389;0.25;4
"2-Multi";56;"D6 CHFU";1.33333333333333;0.333333333333333;1;2;1;1;0.0494736919531052;2.32893870600442e-06;0.000250048419023896;4.81606304423091e-07;2.75014982953723e-05;0.25;2
"2-Multi";57;"D6 LEMA";1.025;0.025;1;2;1;1;0.0399622907002927;0.000100637776899223;0.017721594454991;5.63629060323621e-06;0.000715052944000521;0.25;2
"2-Multi";58;"D6 PUPA";2.87178184281843;1.87178184281843;1;12;6;6;0.176910194995395;0.00143380911752124;0.000203463164418325;0.00303738820020756;0.000104059980250909;0.25;6
"2-Multi";59;"E1 CHFU";1.15384615384615;0.153846153846154;1;2;1;1;0.0498127218485676;0.00022111285309722;0.013526287729396;3.8234879030804e-05;0.000580640045593034;0.25;2
"2-Multi";60;"E1 LEMA";1.025;0.025;1;2;1;1;0.039962290700298;0.000100637776896508;0.0177215944549942;5.6362906068225e-06;0.000715052944000521;0.25;2
"2-Multi";61;"E1 PUPA";1.74661246612466;0.746612466124661;1;6;3;3;0.0873037384544741;0.000244363785069231;0.000216883683973027;3.65103128425683e-05;5.4268958972999e-05;0.25;4
"2-Multi";62;"E2 CHFU";2;1;1;2;1;1;0.0728186928055406;0.0036139356214319;0.00300092909151708;0.0020540972140792;0.00116624359102235;0.25;2
"2-Multi";63;"E2 LEMA";2.08055555555556;1.08055555555556;1;6;3;3;0.0912312649042352;0.00506918454915456;0.0292155659528319;0.00682145054758371;0.00825185915544784;0.25;4
"2-Multi";64;"E2 ME";2;1;1;4;2;2;0.0614071570953329;0.0307451404489143;0.00283449357030353;0.00281357066585049;0.040457080684305;0.25;2
"2-Multi";65;"E2 PUPA";1.54878048780488;0.548780487804878;1;4;2;2;0.0623278671549019;0.0036651516559784;0.00102710904662735;0.00130125472464395;0.0125021256433676;0.25;4
"2-Multi";66;"E3 CHFU";1.05555555555556;0.0555555555555556;1;2;1;1;0.0403406164082573;0.00448225473610261;0.142802877467174;0.00224589684978481;0.0230659196939235;0.25;2
"2-Multi";67;"E3 LEMA";1.025;0.025;1;2;1;1;0.0399622907002972;0.000100637776897779;0.0177215944549927;5.63629060514355e-06;0.000715052944000521;0.25;2
"2-Multi";68;"E3 PUPA";1.12872628726287;0.128726287262873;1;4;2;2;0.0733652374999114;0.000168816241267207;0.000308445442435689;1.99941286937493e-05;0.000116773148884739;0.25;4
"2-Multi";69;"E4 CHFU";1.61111111111111;0.611111111111111;1;4;2;2;0.0539909970448019;0.0380535086642854;0.0981460436304967;0.00699028505898201;0.0410381341144691;0.25;4
"2-Multi";70;"E4 LEMA";1.1984126984127;0.198412698412698;1;4;2;2;0.0430690731230452;0.0126836613821743;0.0390160235851367;0.00393400239726275;0.0496615003407544;0.25;4
"2-Multi";71;"E5 CHFU";2.05555555555556;1.05555555555556;1;4;2;2;0.0537010488287669;0.0120399860183541;0.0740377415002014;0.00442803989232641;0.0309336183189783;0.25;2
"2-Multi";72;"E5 LEMA";1.025;0.025;1;2;1;1;0.0399622907002937;0.000100637776898537;0.0177215944549918;5.63629060414286e-06;0.000715052944000521;0.25;2
"2-Multi";73;"E5 PUPA";2;1;1;2;1;1;0.0578110863104714;0.0608926364652878;0.0053445021733725;0.005777888625526;0.0801200128844621;0.25;2
"2-Multi";74;"E6 LEMA";1.14285714285714;0.142857142857143;1;2;1;1;0.0457310832642361;5.05350532528494e-05;0.00120686457991036;1.72790971778462e-05;0.000262346075925016;0.25;2
"2-Multi";75;"E6 ME";1.5;0.5;1;2;1;1;0.047720433447645;0.0298657460717679;0.00554691580414707;0.00275637899898382;0.078592405230056;0.25;2
"2-Multi";76;"E6 PUPA";1.0625;0.0625;1;2;1;1;0.0468496865875547;5.60037200754925e-06;3.08172357108692e-05;2.74882687474117e-06;8.70184886693469e-06;0.25;2
"2-Multi";77;"F1 LEMA";1.09090909090909;0.0909090909090909;1;2;1;1;0.0404895297863773;0.000108224077474485;0.00267070149261634;2.43465777361506e-05;0.00072385234468778;0.25;2
"2-Multi";78;"F1 PUPA";1.07317073170732;0.0731707317073171;1;2;1;1;0.064146570584748;5.41038538391131e-05;0.000304172723902557;2.87338695820508e-06;0.000128036271595237;0.25;2
"2-Multi";79;"F2 LEMA";1.10833333333333;0.108333333333333;1;4;2;2;0.0436175679368272;0.000434507387438154;0.0119693634151684;0.000110793736152267;0.00104991822097307;0.25;4
"2-Multi";80;"F2 PUPA";2.04878048780488;1.04878048780488;1;4;2;2;0.0763802263012435;0.000604325722738645;0.000216639490590599;3.23683928008558e-05;0.000338815920777733;0.25;2
"2-Multi";81;"F3 CHFU";1.16666666666667;0.166666666666667;1;2;1;1;0.0511544454468854;2.0757098112571e-05;0.00111135946174803;5.05910860012413e-06;0.000115764520508367;0.25;2
"2-Multi";82;"F3 LEMA";1.05555555555556;0.0555555555555556;1;2;1;1;0.0398144062549094;0.00435577029910177;0.0691350877005534;0.00320522867066152;0.0230532609429234;0.25;2
"2-Multi";83;"F3 PUPA";2.16666666666667;1.16666666666667;1;6;3;3;0.107438791935922;0.0761368809988642;0.0134522121312015;0.0658630481796719;0.00553610621088907;0.25;4
"2-Multi";84;"F4 CHFU";1.05555555555556;0.0555555555555556;1;2;1;1;0.0403406164082513;0.00448225473610326;0.142802877467173;0.00224589684978395;0.0230659196939235;0.25;2
"2-Multi";85;"F4 LEMA";1.71590909090909;0.715909090909091;1;6;3;3;0.0650358187733608;0.000751742534140301;0.0130835792110215;0.000281049604054106;0.00076396018040609;0.25;4
"2-Multi";86;"F4 PUPA";1.12872628726287;0.128726287262873;1;4;2;2;0.0740422262868833;0.000272240722598838;0.000364698710200864;3.72312656273792e-05;0.000114114109961101;0.25;4
"2-Multi";87;"F5 ME";1.5;0.5;1;2;1;1;0.0502906348257872;0.000879394377144565;0.000122071336461215;5.71916668691336e-05;0.00232175613855396;0.25;2
"2-Multi";88;"F5 PUPA";1.125;0.125;1;2;1;1;0.0570954619970086;1.1200744016619e-05;3.08172357108497e-05;5.49765374746243e-06;8.70184886693469e-06;0.25;2
"2-Multi";89;"F6 CHFU";1.11111111111111;0.111111111111111;1;2;1;1;0.0440773216384025;0.00896450947220692;0.142802877467172;0.00449179369956735;0.0230659196939235;0.25;2
"2-Multi";90;"F6 LEMA";2;1;1;2;1;1;0.0884594520137248;0;0;0;5.04561140772456e-06;0.25;2
"2-Multi";91;"Andrena_cinerea";32.8484848484848;16.8484848484848;16;46;23;23;0.404942299111575;0.760049953723409;0.0929537167773854;0.0901862598979863;1;1;6
"2-Multi";92;"Bombyliidae";12.15;11.15;1;36;18;18;0.47029569247078;0.00237031581044129;0.000170660133177015;0.00095847233448884;0.000399313934683107;0.25;6
"2-Multi";93;"Bruchidae";1.33333333333333;0.333333333333333;1;2;1;1;0.0524576078969259;0.000490344455250068;0.000784625916534182;0.00371369894506501;0.00252780421059711;0.25;2
"2-Multi";94;"Calliphoridae";1.25;0.25;1;2;1;1;0.046593518629949;0.000364353362822922;0.000773890478677384;0.00227461471533473;0.00190318650820306;0.25;2
"2-Multi";95;"Cantharidae";7.83333333333333;3.83333333333333;4;10;5;5;0.13309722495564;0.00745968067200336;0.000629437023713136;0.00051565633538063;0.0098535275005488;0.5;2
"2-Multi";96;"Dilophus_sp.";43.0822510822511;27.0822510822511;16;80;40;40;1;1;1;1;0.289885039438017;1;6
"2-Multi";97;"Diptera";12.1333333333333;8.13333333333333;4;26;13;13;0.333397834377761;0.00657160412653119;0.0167711473120509;0.0451118055450778;0.00499940257502822;0.5;4
"2-Multi";98;"Empididae";4.75;3.75;1;10;5;5;0.130162587045651;0.000399239313200597;0.000131916953140238;0.00350198165087741;0.000359974665202836;0.25;4
"2-Multi";99;"Episyrphus_balteatus";2;1;1;2;1;1;0.0884594520137261;0;0;0;5.04561140772456e-06;0.25;2
"2-Multi";100;"Eristalis_sp.";2.5;1.5;1;4;2;2;0.083258730628378;3.93923988849286e-05;7.78759082653394e-06;2.69186339954215e-05;1.5625493621517e-05;0.25;2
"2-Multi";101;"Eucera_sp.";3.66666666666667;2.66666666666667;1;16;8;8;0.237007995311222;0.0125868480737501;0.0026876592313955;0.00172136103335762;0.000220794124626284;0.25;6
"2-Multi";102;"Eupeodes_corollae";2.45;1.45;1;6;3;3;0.0728756890601459;2.23972513616315e-05;6.27897427995407e-06;0.000787922364861127;7.70319301847458e-05;0.25;4
"2-Multi";103;"Lasiocampa_trifolii";4.5;3.5;1;24;12;12;0.2226717621753;0.00661908919959467;0.00133927708297333;0.00101232703212498;0.000254890203673215;0.25;6
"2-Multi";104;"Lomatia_sp.";2.33333333333333;1.33333333333333;1;4;2;2;0.078776621271908;0.000515423039314417;0.00039960820073626;0.00400625124004397;0.00133093658507838;0.25;2
"2-Multi";105;"Malachius_bipustulatus";1.23376623376623;0.233766233766234;1;4;2;2;0.0456985601506514;0.000899693550764278;0.00198624381612947;0.000965429871627769;0.0033503573091261;0.25;4
"2-Multi";106;"Meligethes_sp.";9.72662337662338;5.72662337662338;4;24;12;12;0.183467557526056;0.00505140004811505;0.00479849547920972;0.00868808597397675;0.00306002904550608;0.5;6
"2-Multi";107;"Mordellidae";1.09090909090909;0.0909090909090909;1;2;1;1;0.0411349240676037;0.000866192712524994;0.00388329609209093;0.00053534598569364;0.00645892819264055;0.25;2
"2-Multi";108;"Musca_sp.";30.3666666666667;14.3666666666667;16;34;17;17;0.263184135138774;0.0958718588623489;0.0446681923337308;0.0420689235968742;0.492126017523055;1;4
"2-Multi";109;"Nemotelus_sp.";2;1;1;2;1;1;0.0884594520137266;0;0;0;5.04561140772456e-06;0.25;2
"2-Multi";110;"Odontomyia_sp.";6.5;2.5;4;8;4;4;0.0823071582089725;0.00535681582630361;0.00335271534361263;0.00478665703707541;0.0160543781624453;0.5;2
"2-Multi";111;"Oedemeridae";3.89285714285714;2.89285714285714;1;10;5;5;0.10261787997538;0.00113398204502597;0.00052564730682022;0.00380292583941259;0.00082986777732297;0.25;4
"2-Multi";112;"Psilothrix_viridicoerulea";18.7834415584416;14.7834415584416;4;48;24;24;0.501247790303134;0.0170379543978817;0.0195665543175736;0.05608051070297;0.00302192638313713;0.5;6
"2-Multi";113;"Scaeva_sp.";2.83333333333333;1.83333333333333;1;6;3;3;0.0754571918390439;0.000510827701040555;0.00024557969896298;0.00530198783283234;0.000907920550568465;0.25;4
"2-Multi";114;"Sphaerophoria_scripta";19.9583333333333;10.9583333333333;9;34;17;17;0.419691394228924;0.045108436113867;0.0470210165645258;0.035531156826907;0.0144969011135208;0.75;6
"2-Multi";115;"Thymelicus_sp.";5.78333333333333;4.78333333333333;1;14;7;7;0.220314588149707;0.000287244860843214;0.00019113610328071;9.71075497113378e-05;1.67663275201647e-05;0.25;6
"3-Multi";1;"A1 LEMA";1.29015151515152;0.290151515151515;1;6;3;3;0.0513888051533883;0.000650955542387167;0.00732003245389165;0.000159486891624489;0.000886885282830426;0.25;6
"3-Multi";2;"A2 CHFU";1.26923076923077;0.269230769230769;1;2;1;1;0.0597193298514243;0.000386947492916522;0.013526287729399;6.69110383086753e-05;0.000580640045593034;0.25;2
"3-Multi";3;"A2 LEMA";1.19166666666667;0.191666666666667;1;4;2;2;0.0472728451733658;0.0007683769979753;0.0100519530685631;0.00021595118170366;0.00116153997996392;0.25;4
"3-Multi";4;"A2 PUPA";1.33333333333333;0.333333333333333;1;2;1;1;0.0524155537307766;4.09614918169129e-06;8.54267144427252e-06;5.97319260178092e-07;8.3459696190323e-06;0.25;2
"3-Multi";5;"A3 CHFU";1.37179487179487;0.371794871794872;1;4;2;2;0.0535073204080916;0.000108395731441711;0.00760444101178626;2.83950306937856e-05;0.000433667209104471;0.25;4
"3-Multi";6;"A3 LEMA";2.13888888888889;1.13888888888889;1;6;3;3;0.0563078681638254;0.0121000129179093;0.0261171998371563;0.00614067125776882;0.0208299823312663;0.25;4
"3-Multi";7;"A4 CHFU";1.09401709401709;0.094017094017094;1;4;2;2;0.0436428190758742;0.00453753294937508;0.0781645825982876;0.00225545556954493;0.0118232798697583;0.25;4
"3-Multi";8;"A4 LEMA";1.16785714285714;0.167857142857143;1;4;2;2;0.0432169575684304;0.00842852885996981;0.013309276962358;0.000734410017207034;0.0384923963412929;0.25;4
"3-Multi";9;"A5 CHFU";1.14957264957265;0.14957264957265;1;4;2;2;0.0473795243060261;0.00901978768547982;0.0997106808879146;0.00450135241932691;0.0155708264778133;0.25;4
"3-Multi";10;"A5 LEMA";1.21666666666667;0.216666666666667;1;4;2;2;0.0506312246955613;0.000869014774872615;0.0119693634151715;0.000221587472309399;0.00104991822097307;0.25;4
"3-Multi";11;"A6 CHFU";1.42735042735043;0.427350427350427;1;6;3;3;0.0572440256382446;0.00459065046754384;0.0526705864969161;0.00227429188047921;0.00797775137071081;0.25;4
"3-Multi";12;"B1 CHFU";1.05555555555556;0.0555555555555556;1;2;1;1;0.0403406164082507;0.00448225473610269;0.142802877467174;0.0022458968497847;0.0230659196939235;0.25;2
"3-Multi";13;"B2 CHFU";1.48717948717949;0.487179487179487;1;4;2;2;0.0626825026235752;0.000223441791804078;0.0108710398673213;3.87164853340932e-05;0.000470012336133502;0.25;4
"3-Multi";14;"B2 LEMA";1.32070707070707;0.320707070707071;1;6;3;3;0.0512409207080085;0.00490608806458729;0.0201734057652849;0.00335907927168597;0.00647143728256115;0.25;6
"3-Multi";15;"B2 PUPA";1.29166666666667;0.291666666666667;1;6;3;3;0.0861054403164585;0.000562186868964013;0.00029509028153039;9.13341528215594e-05;4.90165457209013e-05;0.25;6
"3-Multi";16;"B3 CHFU";1.33333333333333;0.333333333333333;1;2;1;1;0.0502051177404701;5.31175181677364e-05;0.00168259429417512;1.88363109356504e-05;0.000286694372615908;0.25;2
"3-Multi";17;"B3 LEMA";1.38932178932179;0.389321789321789;1;8;4;4;0.0662607150381107;0.00491708053742068;0.0205570045132924;0.00326939950799542;0.00384281016279119;0.25;6
"3-Multi";18;"B3 PUPA";1.62872628726287;0.628726287262873;1;6;3;3;0.0807274205389563;0.00379789866135259;0.000741352692364508;0.0013193332620326;0.00754347939649026;0.25;4
"3-Multi";19;"B4 CHFU";1.05555555555556;0.0555555555555556;1;2;1;1;0.0403406164082516;0.00448225473610224;0.142802877467175;0.0022458968497853;0.0230659196939235;0.25;2
"3-Multi";20;"B4 LEMA";1.30952380952381;0.30952380952381;1;4;2;2;0.0494900632766682;0.021395201980374;0.0540755556428467;0.0103444597385909;0.0363573806418389;0.25;4
"3-Multi";21;"B4 PUPA";1.14244579945799;0.142445799457995;1;6;3;3;0.0652492399716029;0.000138347377384742;0.000218751185880837;2.0827364259416e-05;7.32406337384732e-05;0.25;6
"3-Multi";22;"B5 CHFU";1.70512820512821;0.705128205128205;1;6;3;3;0.0818769631583003;9.91213482046675e-05;0.00399976376797895;2.0158543263392e-05;0.000209917646226285;0.25;4
"3-Multi";23;"B5 LEMA";3.11829004329004;2.11829004329004;1;12;6;6;0.0860895707771125;0.0305437686115814;0.0255919036827504;0.0122365734290024;0.0206941081795687;0.25;6
"3-Multi";24;"B5 ME";3;2;1;4;2;2;0.118471079404812;0.0837305597552838;0.0275382029119035;0.0737105297725632;0.0121976629851409;0.25;2
"3-Multi";25;"B5 PUPA";1.02439024390244;0.024390243902439;1;2;1;1;0.0457847976469768;1.80346179475649e-05;0.000304172723901043;9.57795651165674e-07;0.000128036271595237;0.25;2
"3-Multi";26;"B6 CHFU";1.16666666666667;0.166666666666667;1;2;1;1;0.0511544454468853;2.07570981115693e-05;0.0011113594617492;5.05910860144827e-06;0.000115764520508367;0.25;2
"3-Multi";27;"B6 LEMA";1.025;0.025;1;2;1;1;0.0399622907002925;0.000100637776899456;0.0177215944549907;5.63629060292773e-06;0.000715052944000521;0.25;2
"3-Multi";28;"B6 PUPA";1.0625;0.0625;1;2;1;1;0.0468496865875501;5.60037201010374e-06;3.08172357078705e-05;2.74882687136707e-06;8.70184886693469e-06;0.25;2
"3-Multi";29;"C1 LEMA";1.09090909090909;0.0909090909090909;1;2;1;1;0.0404895297863829;0.000108224077473293;0.00267070149261774;2.43465777377254e-05;0.00072385234468778;0.25;2
"3-Multi";30;"C2 CHFU";1.5;0.5;1;2;1;1;0.0584164785306251;8.03930343975127e-05;0.00127139022005843;4.59757729251134e-05;0.000418652783380595;0.25;2
"3-Multi";31;"C2 LEMA";1.47265512265512;0.472655122655123;1;10;5;5;0.0640434870566409;0.0135283061777789;0.0197257823572763;0.0040860515829684;0.013036481037518;0.25;6
"3-Multi";32;"C2 PUPA";1.07994579945799;0.0799457994579946;1;4;2;2;0.0550034645621446;0.000132747005374993;0.000312718160968341;1.80785373875901e-05;0.000105510026174242;0.25;4
"3-Multi";33;"C3 CHFU";2.55555555555556;1.55555555555556;1;6;3;3;0.0642018629652855;0.0348297450649481;0.0509966138982555;0.0051589599374185;0.0346034308092439;0.25;4
"3-Multi";34;"C3 LEMA";1.15;0.15;1;2;1;1;0.0567541883112754;0.000603826661386802;0.0177215944549935;3.38177436306355e-05;0.000715052944000521;0.25;2
"3-Multi";35;"C3 PUPA";1.47967479674797;0.479674796747967;1;6;3;3;0.14903219784331;0.00110675547623993;0.000368971428733969;0.00016018263513287;0.000102850987250604;0.25;6
"3-Multi";36;"C4 CHFU";1.05555555555556;0.0555555555555556;1;2;1;1;0.0403406164082513;0.00448225473610206;0.142802877467175;0.00224589684978554;0.0230659196939235;0.25;2
"3-Multi";37;"C4 LEMA";1.4754329004329;0.4754329004329;1;8;4;4;0.0634508204515315;0.0218053393885441;0.0340172134286205;0.0103857151881393;0.0185373167180056;0.25;6
"3-Multi";38;"C4 PUPA";1.07994579945799;0.0799457994579946;1;4;2;2;0.055003464562149;0.000132747005373567;0.000312718160970018;1.80785373894756e-05;0.000105510026174242;0.25;4
"3-Multi";39;"C5 ME";2;1;1;2;1;1;0.0516075567241224;0.00768092968143812;0.00260567333227657;0.00266723451449915;0.039431638399815;0.25;2
"3-Multi";40;"C5 PUPA";1.48611111111111;0.486111111111111;1;4;2;2;0.116515897465165;0.000263027006908954;0.0001034288262921;5.07344447096165e-05;2.72723318385131e-05;0.25;4
"3-Multi";41;"C6 CHFU";1.24786324786325;0.247863247863248;1;4;2;2;0.0568516297463431;0.00475864580247161;0.035072386019028;0.00229369044857664;0.00432818665364811;0.25;4
"3-Multi";42;"C6 PUPA";1.02439024390244;0.024390243902439;1;2;1;1;0.0457847976469781;1.80346179464046e-05;0.000304172723902406;9.57795652698895e-07;0.000128036271595237;0.25;2
"3-Multi";43;"D1 CHFU";2;1;1;2;1;1;0.0884594520137287;0;0;0;5.04561140772456e-06;0.25;2
"3-Multi";44;"D1 LEMA";1.27896825396825;0.278968253968254;1;6;3;3;0.0555104529400571;0.00886271342835256;0.0392996586090025;0.00643337272910812;0.0117709802264431;0.25;4
"3-Multi";45;"D2 CHFU";2.55555555555556;1.55555555555556;1;6;3;3;0.0834071570971187;0.00471561058232156;0.0484176053232949;0.00247241838197745;0.00809219467959318;0.25;2
"3-Multi";46;"D2 LEMA";2.5952380952381;1.5952380952381;1;6;3;3;0.0845506218724293;0.00123191040117019;0.00270322057734079;0.000619054508978639;0.000801876840169094;0.25;4
"3-Multi";47;"D2 PUPA";1.23983739837398;0.239837398373984;1;4;2;2;0.0918025713302412;0.000398241016123726;0.000312718160968189;5.4235612164406e-05;0.000105510026174242;0.25;4
"3-Multi";48;"D3 CHFU";1.16666666666667;0.166666666666667;1;2;1;1;0.0511544454468841;2.07570981127612e-05;0.0011113594617478;5.059108599873e-06;0.000115764520508367;0.25;2
"3-Multi";49;"D3 LEMA";1.025;0.025;1;2;1;1;0.0399622907002978;0.000100637776896949;0.0177215944549936;5.63629060624046e-06;0.000715052944000521;0.25;2
"3-Multi";50;"D3 PUPA";2.04878048780488;1.04878048780488;1;8;4;4;0.178131007293957;0.00243718904234698;0.000429204531612789;0.00241511008178771;9.70381000209159e-05;0.25;6
"3-Multi";51;"D4 LEMA";1.10833333333333;0.108333333333333;1;4;2;2;0.0436175679368289;0.000434507387438436;0.011969363415168;0.000110793736151897;0.00104991822097307;0.25;4
"3-Multi";52;"D4 PUPA";1.07317073170732;0.0731707317073171;1;2;1;1;0.0641465705847498;5.41038538378118e-05;0.000304172723904088;2.8733869599235e-06;0.000128036271595237;0.25;2
"3-Multi";53;"D5 CHFU";2.26068376068376;1.26068376068376;1;8;4;4;0.0744628508040678;0.00467194997433258;0.0395405943163868;0.00243859016751574;0.00608987211432224;0.25;4
"3-Multi";54;"D5 LEMA";1.14285714285714;0.142857142857143;1;2;1;1;0.0457310832642359;5.05350532551739e-05;0.00120686457990763;1.72790971747779e-05;0.000262346075925016;0.25;2
"3-Multi";55;"D5 PUPA";1.10433604336043;0.104336043360434;1;4;2;2;0.0648613398180067;0.000254206104650869;0.000384874038969084;3.62734699767598e-05;0.000109473389416389;0.25;4
"3-Multi";56;"D6 CHFU";1.33333333333333;0.333333333333333;1;2;1;1;0.0494736919531052;2.32893870600442e-06;0.000250048419023896;4.81606304423091e-07;2.75014982953723e-05;0.25;2
"3-Multi";57;"D6 LEMA";1.025;0.025;1;2;1;1;0.0399622907002927;0.000100637776899223;0.017721594454991;5.63629060323621e-06;0.000715052944000521;0.25;2
"3-Multi";58;"D6 PUPA";2.87178184281843;1.87178184281843;1;12;6;6;0.176910194995395;0.00143380911752124;0.000203463164418325;0.00303738820020756;0.000104059980250909;0.25;6
"3-Multi";59;"E1 CHFU";1.15384615384615;0.153846153846154;1;2;1;1;0.0498127218485676;0.00022111285309722;0.013526287729396;3.8234879030804e-05;0.000580640045593034;0.25;2
"3-Multi";60;"E1 LEMA";1.025;0.025;1;2;1;1;0.039962290700298;0.000100637776896508;0.0177215944549942;5.6362906068225e-06;0.000715052944000521;0.25;2
"3-Multi";61;"E1 PUPA";1.74661246612466;0.746612466124661;1;6;3;3;0.0873037384544741;0.000244363785069231;0.000216883683973027;3.65103128425683e-05;5.4268958972999e-05;0.25;4
"3-Multi";62;"E2 CHFU";2;1;1;2;1;1;0.0728186928055406;0.0036139356214319;0.00300092909151708;0.0020540972140792;0.00116624359102235;0.25;2
"3-Multi";63;"E2 LEMA";2.08055555555556;1.08055555555556;1;6;3;3;0.0912312649042352;0.00506918454915456;0.0292155659528319;0.00682145054758371;0.00825185915544784;0.25;4
"3-Multi";64;"E2 ME";2;1;1;4;2;2;0.0614071570953329;0.0307451404489143;0.00283449357030353;0.00281357066585049;0.040457080684305;0.25;2
"3-Multi";65;"E2 PUPA";1.54878048780488;0.548780487804878;1;4;2;2;0.0623278671549019;0.0036651516559784;0.00102710904662735;0.00130125472464395;0.0125021256433676;0.25;4
"3-Multi";66;"E3 CHFU";1.05555555555556;0.0555555555555556;1;2;1;1;0.0403406164082573;0.00448225473610261;0.142802877467174;0.00224589684978481;0.0230659196939235;0.25;2
"3-Multi";67;"E3 LEMA";1.025;0.025;1;2;1;1;0.0399622907002972;0.000100637776897779;0.0177215944549927;5.63629060514355e-06;0.000715052944000521;0.25;2
"3-Multi";68;"E3 PUPA";1.12872628726287;0.128726287262873;1;4;2;2;0.0733652374999114;0.000168816241267207;0.000308445442435689;1.99941286937493e-05;0.000116773148884739;0.25;4
"3-Multi";69;"E4 CHFU";1.61111111111111;0.611111111111111;1;4;2;2;0.0539909970448019;0.0380535086642854;0.0981460436304967;0.00699028505898201;0.0410381341144691;0.25;4
"3-Multi";70;"E4 LEMA";1.1984126984127;0.198412698412698;1;4;2;2;0.0430690731230452;0.0126836613821743;0.0390160235851367;0.00393400239726275;0.0496615003407544;0.25;4
"3-Multi";71;"E5 CHFU";2.05555555555556;1.05555555555556;1;4;2;2;0.0537010488287669;0.0120399860183541;0.0740377415002014;0.00442803989232641;0.0309336183189783;0.25;2
"3-Multi";72;"E5 LEMA";1.025;0.025;1;2;1;1;0.0399622907002937;0.000100637776898537;0.0177215944549918;5.63629060414286e-06;0.000715052944000521;0.25;2
"3-Multi";73;"E5 PUPA";2;1;1;2;1;1;0.0578110863104714;0.0608926364652878;0.0053445021733725;0.005777888625526;0.0801200128844621;0.25;2
"3-Multi";74;"E6 LEMA";1.14285714285714;0.142857142857143;1;2;1;1;0.0457310832642361;5.05350532528494e-05;0.00120686457991036;1.72790971778462e-05;0.000262346075925016;0.25;2
"3-Multi";75;"E6 ME";1.5;0.5;1;2;1;1;0.047720433447645;0.0298657460717679;0.00554691580414707;0.00275637899898382;0.078592405230056;0.25;2
"3-Multi";76;"E6 PUPA";1.0625;0.0625;1;2;1;1;0.0468496865875547;5.60037200754925e-06;3.08172357108692e-05;2.74882687474117e-06;8.70184886693469e-06;0.25;2
"3-Multi";77;"F1 LEMA";1.09090909090909;0.0909090909090909;1;2;1;1;0.0404895297863773;0.000108224077474485;0.00267070149261634;2.43465777361506e-05;0.00072385234468778;0.25;2
"3-Multi";78;"F1 PUPA";1.07317073170732;0.0731707317073171;1;2;1;1;0.064146570584748;5.41038538391131e-05;0.000304172723902557;2.87338695820508e-06;0.000128036271595237;0.25;2
"3-Multi";79;"F2 LEMA";1.10833333333333;0.108333333333333;1;4;2;2;0.0436175679368272;0.000434507387438154;0.0119693634151684;0.000110793736152267;0.00104991822097307;0.25;4
"3-Multi";80;"F2 PUPA";2.04878048780488;1.04878048780488;1;4;2;2;0.0763802263012435;0.000604325722738645;0.000216639490590599;3.23683928008558e-05;0.000338815920777733;0.25;2
"3-Multi";81;"F3 CHFU";1.16666666666667;0.166666666666667;1;2;1;1;0.0511544454468854;2.0757098112571e-05;0.00111135946174803;5.05910860012413e-06;0.000115764520508367;0.25;2
"3-Multi";82;"F3 LEMA";1.05555555555556;0.0555555555555556;1;2;1;1;0.0398144062549094;0.00435577029910177;0.0691350877005534;0.00320522867066152;0.0230532609429234;0.25;2
"3-Multi";83;"F3 PUPA";2.16666666666667;1.16666666666667;1;6;3;3;0.107438791935922;0.0761368809988642;0.0134522121312015;0.0658630481796719;0.00553610621088907;0.25;4
"3-Multi";84;"F4 CHFU";1.05555555555556;0.0555555555555556;1;2;1;1;0.0403406164082513;0.00448225473610326;0.142802877467173;0.00224589684978395;0.0230659196939235;0.25;2
"3-Multi";85;"F4 LEMA";1.71590909090909;0.715909090909091;1;6;3;3;0.0650358187733608;0.000751742534140301;0.0130835792110215;0.000281049604054106;0.00076396018040609;0.25;4
"3-Multi";86;"F4 PUPA";1.12872628726287;0.128726287262873;1;4;2;2;0.0740422262868833;0.000272240722598838;0.000364698710200864;3.72312656273792e-05;0.000114114109961101;0.25;4
"3-Multi";87;"F5 ME";1.5;0.5;1;2;1;1;0.0502906348257872;0.000879394377144565;0.000122071336461215;5.71916668691336e-05;0.00232175613855396;0.25;2
"3-Multi";88;"F5 PUPA";1.125;0.125;1;2;1;1;0.0570954619970086;1.1200744016619e-05;3.08172357108497e-05;5.49765374746243e-06;8.70184886693469e-06;0.25;2
"3-Multi";89;"F6 CHFU";1.11111111111111;0.111111111111111;1;2;1;1;0.0440773216384025;0.00896450947220692;0.142802877467172;0.00449179369956735;0.0230659196939235;0.25;2
"3-Multi";90;"F6 LEMA";2;1;1;2;1;1;0.0884594520137248;0;0;0;5.04561140772456e-06;0.25;2
"3-Multi";91;"Andrena_cinerea";32.8484848484848;16.8484848484848;16;46;23;23;0.404942299111575;0.760049953723409;0.0929537167773854;0.0901862598979863;1;1;6
"3-Multi";92;"Bombyliidae";12.15;11.15;1;36;18;18;0.47029569247078;0.00237031581044129;0.000170660133177015;0.00095847233448884;0.000399313934683107;0.25;6
"3-Multi";93;"Bruchidae";1.33333333333333;0.333333333333333;1;2;1;1;0.0524576078969259;0.000490344455250068;0.000784625916534182;0.00371369894506501;0.00252780421059711;0.25;2
"3-Multi";94;"Calliphoridae";1.25;0.25;1;2;1;1;0.046593518629949;0.000364353362822922;0.000773890478677384;0.00227461471533473;0.00190318650820306;0.25;2
"3-Multi";95;"Cantharidae";7.83333333333333;3.83333333333333;4;10;5;5;0.13309722495564;0.00745968067200336;0.000629437023713136;0.00051565633538063;0.0098535275005488;0.5;2
"3-Multi";96;"Dilophus_sp.";43.0822510822511;27.0822510822511;16;80;40;40;1;1;1;1;0.289885039438017;1;6
"3-Multi";97;"Diptera";12.1333333333333;8.13333333333333;4;26;13;13;0.333397834377761;0.00657160412653119;0.0167711473120509;0.0451118055450778;0.00499940257502822;0.5;4
"3-Multi";98;"Empididae";4.75;3.75;1;10;5;5;0.130162587045651;0.000399239313200597;0.000131916953140238;0.00350198165087741;0.000359974665202836;0.25;4
"3-Multi";99;"Episyrphus_balteatus";2;1;1;2;1;1;0.0884594520137261;0;0;0;5.04561140772456e-06;0.25;2
"3-Multi";100;"Eristalis_sp.";2.5;1.5;1;4;2;2;0.083258730628378;3.93923988849286e-05;7.78759082653394e-06;2.69186339954215e-05;1.5625493621517e-05;0.25;2
"3-Multi";101;"Eucera_sp.";3.66666666666667;2.66666666666667;1;16;8;8;0.237007995311222;0.0125868480737501;0.0026876592313955;0.00172136103335762;0.000220794124626284;0.25;6
"3-Multi";102;"Eupeodes_corollae";2.45;1.45;1;6;3;3;0.0728756890601459;2.23972513616315e-05;6.27897427995407e-06;0.000787922364861127;7.70319301847458e-05;0.25;4
"3-Multi";103;"Lasiocampa_trifolii";4.5;3.5;1;24;12;12;0.2226717621753;0.00661908919959467;0.00133927708297333;0.00101232703212498;0.000254890203673215;0.25;6
"3-Multi";104;"Lomatia_sp.";2.33333333333333;1.33333333333333;1;4;2;2;0.078776621271908;0.000515423039314417;0.00039960820073626;0.00400625124004397;0.00133093658507838;0.25;2
"3-Multi";105;"Malachius_bipustulatus";1.23376623376623;0.233766233766234;1;4;2;2;0.0456985601506514;0.000899693550764278;0.00198624381612947;0.000965429871627769;0.0033503573091261;0.25;4
"3-Multi";106;"Meligethes_sp.";9.72662337662338;5.72662337662338;4;24;12;12;0.183467557526056;0.00505140004811505;0.00479849547920972;0.00868808597397675;0.00306002904550608;0.5;6
"3-Multi";107;"Mordellidae";1.09090909090909;0.0909090909090909;1;2;1;1;0.0411349240676037;0.000866192712524994;0.00388329609209093;0.00053534598569364;0.00645892819264055;0.25;2
"3-Multi";108;"Musca_sp.";30.3666666666667;14.3666666666667;16;34;17;17;0.263184135138774;0.0958718588623489;0.0446681923337308;0.0420689235968742;0.492126017523055;1;4
"3-Multi";109;"Nemotelus_sp.";2;1;1;2;1;1;0.0884594520137266;0;0;0;5.04561140772456e-06;0.25;2
"3-Multi";110;"Odontomyia_sp.";6.5;2.5;4;8;4;4;0.0823071582089725;0.00535681582630361;0.00335271534361263;0.00478665703707541;0.0160543781624453;0.5;2
"3-Multi";111;"Oedemeridae";3.89285714285714;2.89285714285714;1;10;5;5;0.10261787997538;0.00113398204502597;0.00052564730682022;0.00380292583941259;0.00082986777732297;0.25;4
"3-Multi";112;"Psilothrix_viridicoerulea";18.7834415584416;14.7834415584416;4;48;24;24;0.501247790303134;0.0170379543978817;0.0195665543175736;0.05608051070297;0.00302192638313713;0.5;6
"3-Multi";113;"Scaeva_sp.";2.83333333333333;1.83333333333333;1;6;3;3;0.0754571918390439;0.000510827701040555;0.00024557969896298;0.00530198783283234;0.000907920550568465;0.25;4
"3-Multi";114;"Sphaerophoria_scripta";19.9583333333333;10.9583333333333;9;34;17;17;0.419691394228924;0.045108436113867;0.0470210165645258;0.035531156826907;0.0144969011135208;0.75;6
"3-Multi";115;"Thymelicus_sp.";5.78333333333333;4.78333333333333;1;14;7;7;0.220314588149707;0.000287244860843214;0.00019113610328071;9.71075497113378e-05;1.67663275201647e-05;0.25;6
"4-Multi";1;"A1 LEMA";1.29015151515152;0.290151515151515;1;6;3;3;0.0513888051533883;0.000650955542387167;0.00732003245389165;0.000159486891624489;0.000886885282830426;0.25;6
"4-Multi";2;"A2 CHFU";1.26923076923077;0.269230769230769;1;2;1;1;0.0597193298514243;0.000386947492916522;0.013526287729399;6.69110383086753e-05;0.000580640045593034;0.25;2
"4-Multi";3;"A2 LEMA";1.19166666666667;0.191666666666667;1;4;2;2;0.0472728451733658;0.0007683769979753;0.0100519530685631;0.00021595118170366;0.00116153997996392;0.25;4
"4-Multi";4;"A2 PUPA";1.33333333333333;0.333333333333333;1;2;1;1;0.0524155537307766;4.09614918169129e-06;8.54267144427252e-06;5.97319260178092e-07;8.3459696190323e-06;0.25;2
"4-Multi";5;"A3 CHFU";1.37179487179487;0.371794871794872;1;4;2;2;0.0535073204080916;0.000108395731441711;0.00760444101178626;2.83950306937856e-05;0.000433667209104471;0.25;4
"4-Multi";6;"A3 LEMA";2.13888888888889;1.13888888888889;1;6;3;3;0.0563078681638254;0.0121000129179093;0.0261171998371563;0.00614067125776882;0.0208299823312663;0.25;4
"4-Multi";7;"A4 CHFU";1.09401709401709;0.094017094017094;1;4;2;2;0.0436428190758742;0.00453753294937508;0.0781645825982876;0.00225545556954493;0.0118232798697583;0.25;4
"4-Multi";8;"A4 LEMA";1.16785714285714;0.167857142857143;1;4;2;2;0.0432169575684304;0.00842852885996981;0.013309276962358;0.000734410017207034;0.0384923963412929;0.25;4
"4-Multi";9;"A5 CHFU";1.14957264957265;0.14957264957265;1;4;2;2;0.0473795243060261;0.00901978768547982;0.0997106808879146;0.00450135241932691;0.0155708264778133;0.25;4
"4-Multi";10;"A5 LEMA";1.21666666666667;0.216666666666667;1;4;2;2;0.0506312246955613;0.000869014774872615;0.0119693634151715;0.000221587472309399;0.00104991822097307;0.25;4
"4-Multi";11;"A6 CHFU";1.42735042735043;0.427350427350427;1;6;3;3;0.0572440256382446;0.00459065046754384;0.0526705864969161;0.00227429188047921;0.00797775137071081;0.25;4
"4-Multi";12;"B1 CHFU";1.05555555555556;0.0555555555555556;1;2;1;1;0.0403406164082507;0.00448225473610269;0.142802877467174;0.0022458968497847;0.0230659196939235;0.25;2
"4-Multi";13;"B2 CHFU";1.48717948717949;0.487179487179487;1;4;2;2;0.0626825026235752;0.000223441791804078;0.0108710398673213;3.87164853340932e-05;0.000470012336133502;0.25;4
"4-Multi";14;"B2 LEMA";1.32070707070707;0.320707070707071;1;6;3;3;0.0512409207080085;0.00490608806458729;0.0201734057652849;0.00335907927168597;0.00647143728256115;0.25;6
"4-Multi";15;"B2 PUPA";1.29166666666667;0.291666666666667;1;6;3;3;0.0861054403164585;0.000562186868964013;0.00029509028153039;9.13341528215594e-05;4.90165457209013e-05;0.25;6
"4-Multi";16;"B3 CHFU";1.33333333333333;0.333333333333333;1;2;1;1;0.0502051177404701;5.31175181677364e-05;0.00168259429417512;1.88363109356504e-05;0.000286694372615908;0.25;2
"4-Multi";17;"B3 LEMA";1.38932178932179;0.389321789321789;1;8;4;4;0.0662607150381107;0.00491708053742068;0.0205570045132924;0.00326939950799542;0.00384281016279119;0.25;6
"4-Multi";18;"B3 PUPA";1.62872628726287;0.628726287262873;1;6;3;3;0.0807274205389563;0.00379789866135259;0.000741352692364508;0.0013193332620326;0.00754347939649026;0.25;4
"4-Multi";19;"B4 CHFU";1.05555555555556;0.0555555555555556;1;2;1;1;0.0403406164082516;0.00448225473610224;0.142802877467175;0.0022458968497853;0.0230659196939235;0.25;2
"4-Multi";20;"B4 LEMA";1.30952380952381;0.30952380952381;1;4;2;2;0.0494900632766682;0.021395201980374;0.0540755556428467;0.0103444597385909;0.0363573806418389;0.25;4
"4-Multi";21;"B4 PUPA";1.14244579945799;0.142445799457995;1;6;3;3;0.0652492399716029;0.000138347377384742;0.000218751185880837;2.0827364259416e-05;7.32406337384732e-05;0.25;6
"4-Multi";22;"B5 CHFU";1.70512820512821;0.705128205128205;1;6;3;3;0.0818769631583003;9.91213482046675e-05;0.00399976376797895;2.0158543263392e-05;0.000209917646226285;0.25;4
"4-Multi";23;"B5 LEMA";3.11829004329004;2.11829004329004;1;12;6;6;0.0860895707771125;0.0305437686115814;0.0255919036827504;0.0122365734290024;0.0206941081795687;0.25;6
"4-Multi";24;"B5 ME";3;2;1;4;2;2;0.118471079404812;0.0837305597552838;0.0275382029119035;0.0737105297725632;0.0121976629851409;0.25;2
"4-Multi";25;"B5 PUPA";1.02439024390244;0.024390243902439;1;2;1;1;0.0457847976469768;1.80346179475649e-05;0.000304172723901043;9.57795651165674e-07;0.000128036271595237;0.25;2
"4-Multi";26;"B6 CHFU";1.16666666666667;0.166666666666667;1;2;1;1;0.0511544454468853;2.07570981115693e-05;0.0011113594617492;5.05910860144827e-06;0.000115764520508367;0.25;2
"4-Multi";27;"B6 LEMA";1.025;0.025;1;2;1;1;0.0399622907002925;0.000100637776899456;0.0177215944549907;5.63629060292773e-06;0.000715052944000521;0.25;2
"4-Multi";28;"B6 PUPA";1.0625;0.0625;1;2;1;1;0.0468496865875501;5.60037201010374e-06;3.08172357078705e-05;2.74882687136707e-06;8.70184886693469e-06;0.25;2
"4-Multi";29;"C1 LEMA";1.09090909090909;0.0909090909090909;1;2;1;1;0.0404895297863829;0.000108224077473293;0.00267070149261774;2.43465777377254e-05;0.00072385234468778;0.25;2
"4-Multi";30;"C2 CHFU";1.5;0.5;1;2;1;1;0.0584164785306251;8.03930343975127e-05;0.00127139022005843;4.59757729251134e-05;0.000418652783380595;0.25;2
"4-Multi";31;"C2 LEMA";1.47265512265512;0.472655122655123;1;10;5;5;0.0640434870566409;0.0135283061777789;0.0197257823572763;0.0040860515829684;0.013036481037518;0.25;6
"4-Multi";32;"C2 PUPA";1.07994579945799;0.0799457994579946;1;4;2;2;0.0550034645621446;0.000132747005374993;0.000312718160968341;1.80785373875901e-05;0.000105510026174242;0.25;4
"4-Multi";33;"C3 CHFU";2.55555555555556;1.55555555555556;1;6;3;3;0.0642018629652855;0.0348297450649481;0.0509966138982555;0.0051589599374185;0.0346034308092439;0.25;4
"4-Multi";34;"C3 LEMA";1.15;0.15;1;2;1;1;0.0567541883112754;0.000603826661386802;0.0177215944549935;3.38177436306355e-05;0.000715052944000521;0.25;2
"4-Multi";35;"C3 PUPA";1.47967479674797;0.479674796747967;1;6;3;3;0.14903219784331;0.00110675547623993;0.000368971428733969;0.00016018263513287;0.000102850987250604;0.25;6
"4-Multi";36;"C4 CHFU";1.05555555555556;0.0555555555555556;1;2;1;1;0.0403406164082513;0.00448225473610206;0.142802877467175;0.00224589684978554;0.0230659196939235;0.25;2
"4-Multi";37;"C4 LEMA";1.4754329004329;0.4754329004329;1;8;4;4;0.0634508204515315;0.0218053393885441;0.0340172134286205;0.0103857151881393;0.0185373167180056;0.25;6
"4-Multi";38;"C4 PUPA";1.07994579945799;0.0799457994579946;1;4;2;2;0.055003464562149;0.000132747005373567;0.000312718160970018;1.80785373894756e-05;0.000105510026174242;0.25;4
"4-Multi";39;"C5 ME";2;1;1;2;1;1;0.0516075567241224;0.00768092968143812;0.00260567333227657;0.00266723451449915;0.039431638399815;0.25;2
"4-Multi";40;"C5 PUPA";1.48611111111111;0.486111111111111;1;4;2;2;0.116515897465165;0.000263027006908954;0.0001034288262921;5.07344447096165e-05;2.72723318385131e-05;0.25;4
"4-Multi";41;"C6 CHFU";1.24786324786325;0.247863247863248;1;4;2;2;0.0568516297463431;0.00475864580247161;0.035072386019028;0.00229369044857664;0.00432818665364811;0.25;4
"4-Multi";42;"C6 PUPA";1.02439024390244;0.024390243902439;1;2;1;1;0.0457847976469781;1.80346179464046e-05;0.000304172723902406;9.57795652698895e-07;0.000128036271595237;0.25;2
"4-Multi";43;"D1 CHFU";2;1;1;2;1;1;0.0884594520137287;0;0;0;5.04561140772456e-06;0.25;2
"4-Multi";44;"D1 LEMA";1.27896825396825;0.278968253968254;1;6;3;3;0.0555104529400571;0.00886271342835256;0.0392996586090025;0.00643337272910812;0.0117709802264431;0.25;4
"4-Multi";45;"D2 CHFU";2.55555555555556;1.55555555555556;1;6;3;3;0.0834071570971187;0.00471561058232156;0.0484176053232949;0.00247241838197745;0.00809219467959318;0.25;2
"4-Multi";46;"D2 LEMA";2.5952380952381;1.5952380952381;1;6;3;3;0.0845506218724293;0.00123191040117019;0.00270322057734079;0.000619054508978639;0.000801876840169094;0.25;4
"4-Multi";47;"D2 PUPA";1.23983739837398;0.239837398373984;1;4;2;2;0.0918025713302412;0.000398241016123726;0.000312718160968189;5.4235612164406e-05;0.000105510026174242;0.25;4
"4-Multi";48;"D3 CHFU";1.16666666666667;0.166666666666667;1;2;1;1;0.0511544454468841;2.07570981127612e-05;0.0011113594617478;5.059108599873e-06;0.000115764520508367;0.25;2
"4-Multi";49;"D3 LEMA";1.025;0.025;1;2;1;1;0.0399622907002978;0.000100637776896949;0.0177215944549936;5.63629060624046e-06;0.000715052944000521;0.25;2
"4-Multi";50;"D3 PUPA";2.04878048780488;1.04878048780488;1;8;4;4;0.178131007293957;0.00243718904234698;0.000429204531612789;0.00241511008178771;9.70381000209159e-05;0.25;6
"4-Multi";51;"D4 LEMA";1.10833333333333;0.108333333333333;1;4;2;2;0.0436175679368289;0.000434507387438436;0.011969363415168;0.000110793736151897;0.00104991822097307;0.25;4
"4-Multi";52;"D4 PUPA";1.07317073170732;0.0731707317073171;1;2;1;1;0.0641465705847498;5.41038538378118e-05;0.000304172723904088;2.8733869599235e-06;0.000128036271595237;0.25;2
"4-Multi";53;"D5 CHFU";2.26068376068376;1.26068376068376;1;8;4;4;0.0744628508040678;0.00467194997433258;0.0395405943163868;0.00243859016751574;0.00608987211432224;0.25;4
"4-Multi";54;"D5 LEMA";1.14285714285714;0.142857142857143;1;2;1;1;0.0457310832642359;5.05350532551739e-05;0.00120686457990763;1.72790971747779e-05;0.000262346075925016;0.25;2
"4-Multi";55;"D5 PUPA";1.10433604336043;0.104336043360434;1;4;2;2;0.0648613398180067;0.000254206104650869;0.000384874038969084;3.62734699767598e-05;0.000109473389416389;0.25;4
"4-Multi";56;"D6 CHFU";1.33333333333333;0.333333333333333;1;2;1;1;0.0494736919531052;2.32893870600442e-06;0.000250048419023896;4.81606304423091e-07;2.75014982953723e-05;0.25;2
"4-Multi";57;"D6 LEMA";1.025;0.025;1;2;1;1;0.0399622907002927;0.000100637776899223;0.017721594454991;5.63629060323621e-06;0.000715052944000521;0.25;2
"4-Multi";58;"D6 PUPA";2.87178184281843;1.87178184281843;1;12;6;6;0.176910194995395;0.00143380911752124;0.000203463164418325;0.00303738820020756;0.000104059980250909;0.25;6
"4-Multi";59;"E1 CHFU";1.15384615384615;0.153846153846154;1;2;1;1;0.0498127218485676;0.00022111285309722;0.013526287729396;3.8234879030804e-05;0.000580640045593034;0.25;2
"4-Multi";60;"E1 LEMA";1.025;0.025;1;2;1;1;0.039962290700298;0.000100637776896508;0.0177215944549942;5.6362906068225e-06;0.000715052944000521;0.25;2
"4-Multi";61;"E1 PUPA";1.74661246612466;0.746612466124661;1;6;3;3;0.0873037384544741;0.000244363785069231;0.000216883683973027;3.65103128425683e-05;5.4268958972999e-05;0.25;4
"4-Multi";62;"E2 CHFU";2;1;1;2;1;1;0.0728186928055406;0.0036139356214319;0.00300092909151708;0.0020540972140792;0.00116624359102235;0.25;2
"4-Multi";63;"E2 LEMA";2.08055555555556;1.08055555555556;1;6;3;3;0.0912312649042352;0.00506918454915456;0.0292155659528319;0.00682145054758371;0.00825185915544784;0.25;4
"4-Multi";64;"E2 ME";2;1;1;4;2;2;0.0614071570953329;0.0307451404489143;0.00283449357030353;0.00281357066585049;0.040457080684305;0.25;2
"4-Multi";65;"E2 PUPA";1.54878048780488;0.548780487804878;1;4;2;2;0.0623278671549019;0.0036651516559784;0.00102710904662735;0.00130125472464395;0.0125021256433676;0.25;4
"4-Multi";66;"E3 CHFU";1.05555555555556;0.0555555555555556;1;2;1;1;0.0403406164082573;0.00448225473610261;0.142802877467174;0.00224589684978481;0.0230659196939235;0.25;2
"4-Multi";67;"E3 LEMA";1.025;0.025;1;2;1;1;0.0399622907002972;0.000100637776897779;0.0177215944549927;5.63629060514355e-06;0.000715052944000521;0.25;2
"4-Multi";68;"E3 PUPA";1.12872628726287;0.128726287262873;1;4;2;2;0.0733652374999114;0.000168816241267207;0.000308445442435689;1.99941286937493e-05;0.000116773148884739;0.25;4
"4-Multi";69;"E4 CHFU";1.61111111111111;0.611111111111111;1;4;2;2;0.0539909970448019;0.0380535086642854;0.0981460436304967;0.00699028505898201;0.0410381341144691;0.25;4
"4-Multi";70;"E4 LEMA";1.1984126984127;0.198412698412698;1;4;2;2;0.0430690731230452;0.0126836613821743;0.0390160235851367;0.00393400239726275;0.0496615003407544;0.25;4
"4-Multi";71;"E5 CHFU";2.05555555555556;1.05555555555556;1;4;2;2;0.0537010488287669;0.0120399860183541;0.0740377415002014;0.00442803989232641;0.0309336183189783;0.25;2
"4-Multi";72;"E5 LEMA";1.025;0.025;1;2;1;1;0.0399622907002937;0.000100637776898537;0.0177215944549918;5.63629060414286e-06;0.000715052944000521;0.25;2
"4-Multi";73;"E5 PUPA";2;1;1;2;1;1;0.0578110863104714;0.0608926364652878;0.0053445021733725;0.005777888625526;0.0801200128844621;0.25;2
"4-Multi";74;"E6 LEMA";1.14285714285714;0.142857142857143;1;2;1;1;0.0457310832642361;5.05350532528494e-05;0.00120686457991036;1.72790971778462e-05;0.000262346075925016;0.25;2
"4-Multi";75;"E6 ME";1.5;0.5;1;2;1;1;0.047720433447645;0.0298657460717679;0.00554691580414707;0.00275637899898382;0.078592405230056;0.25;2
"4-Multi";76;"E6 PUPA";1.0625;0.0625;1;2;1;1;0.0468496865875547;5.60037200754925e-06;3.08172357108692e-05;2.74882687474117e-06;8.70184886693469e-06;0.25;2
"4-Multi";77;"F1 LEMA";1.09090909090909;0.0909090909090909;1;2;1;1;0.0404895297863773;0.000108224077474485;0.00267070149261634;2.43465777361506e-05;0.00072385234468778;0.25;2
"4-Multi";78;"F1 PUPA";1.07317073170732;0.0731707317073171;1;2;1;1;0.064146570584748;5.41038538391131e-05;0.000304172723902557;2.87338695820508e-06;0.000128036271595237;0.25;2
"4-Multi";79;"F2 LEMA";1.10833333333333;0.108333333333333;1;4;2;2;0.0436175679368272;0.000434507387438154;0.0119693634151684;0.000110793736152267;0.00104991822097307;0.25;4
"4-Multi";80;"F2 PUPA";2.04878048780488;1.04878048780488;1;4;2;2;0.0763802263012435;0.000604325722738645;0.000216639490590599;3.23683928008558e-05;0.000338815920777733;0.25;2
"4-Multi";81;"F3 CHFU";1.16666666666667;0.166666666666667;1;2;1;1;0.0511544454468854;2.0757098112571e-05;0.00111135946174803;5.05910860012413e-06;0.000115764520508367;0.25;2
"4-Multi";82;"F3 LEMA";1.05555555555556;0.0555555555555556;1;2;1;1;0.0398144062549094;0.00435577029910177;0.0691350877005534;0.00320522867066152;0.0230532609429234;0.25;2
"4-Multi";83;"F3 PUPA";2.16666666666667;1.16666666666667;1;6;3;3;0.107438791935922;0.0761368809988642;0.0134522121312015;0.0658630481796719;0.00553610621088907;0.25;4
"4-Multi";84;"F4 CHFU";1.05555555555556;0.0555555555555556;1;2;1;1;0.0403406164082513;0.00448225473610326;0.142802877467173;0.00224589684978395;0.0230659196939235;0.25;2
"4-Multi";85;"F4 LEMA";1.71590909090909;0.715909090909091;1;6;3;3;0.0650358187733608;0.000751742534140301;0.0130835792110215;0.000281049604054106;0.00076396018040609;0.25;4
"4-Multi";86;"F4 PUPA";1.12872628726287;0.128726287262873;1;4;2;2;0.0740422262868833;0.000272240722598838;0.000364698710200864;3.72312656273792e-05;0.000114114109961101;0.25;4
"4-Multi";87;"F5 ME";1.5;0.5;1;2;1;1;0.0502906348257872;0.000879394377144565;0.000122071336461215;5.71916668691336e-05;0.00232175613855396;0.25;2
"4-Multi";88;"F5 PUPA";1.125;0.125;1;2;1;1;0.0570954619970086;1.1200744016619e-05;3.08172357108497e-05;5.49765374746243e-06;8.70184886693469e-06;0.25;2
"4-Multi";89;"F6 CHFU";1.11111111111111;0.111111111111111;1;2;1;1;0.0440773216384025;0.00896450947220692;0.142802877467172;0.00449179369956735;0.0230659196939235;0.25;2
"4-Multi";90;"F6 LEMA";2;1;1;2;1;1;0.0884594520137248;0;0;0;5.04561140772456e-06;0.25;2
"4-Multi";91;"Andrena_cinerea";32.8484848484848;16.8484848484848;16;46;23;23;0.404942299111575;0.760049953723409;0.0929537167773854;0.0901862598979863;1;1;6
"4-Multi";92;"Bombyliidae";12.15;11.15;1;36;18;18;0.47029569247078;0.00237031581044129;0.000170660133177015;0.00095847233448884;0.000399313934683107;0.25;6
"4-Multi";93;"Bruchidae";1.33333333333333;0.333333333333333;1;2;1;1;0.0524576078969259;0.000490344455250068;0.000784625916534182;0.00371369894506501;0.00252780421059711;0.25;2
"4-Multi";94;"Calliphoridae";1.25;0.25;1;2;1;1;0.046593518629949;0.000364353362822922;0.000773890478677384;0.00227461471533473;0.00190318650820306;0.25;2
"4-Multi";95;"Cantharidae";7.83333333333333;3.83333333333333;4;10;5;5;0.13309722495564;0.00745968067200336;0.000629437023713136;0.00051565633538063;0.0098535275005488;0.5;2
"4-Multi";96;"Dilophus_sp.";43.0822510822511;27.0822510822511;16;80;40;40;1;1;1;1;0.289885039438017;1;6
"4-Multi";97;"Diptera";12.1333333333333;8.13333333333333;4;26;13;13;0.333397834377761;0.00657160412653119;0.0167711473120509;0.0451118055450778;0.00499940257502822;0.5;4
"4-Multi";98;"Empididae";4.75;3.75;1;10;5;5;0.130162587045651;0.000399239313200597;0.000131916953140238;0.00350198165087741;0.000359974665202836;0.25;4
"4-Multi";99;"Episyrphus_balteatus";2;1;1;2;1;1;0.0884594520137261;0;0;0;5.04561140772456e-06;0.25;2
"4-Multi";100;"Eristalis_sp.";2.5;1.5;1;4;2;2;0.083258730628378;3.93923988849286e-05;7.78759082653394e-06;2.69186339954215e-05;1.5625493621517e-05;0.25;2
"4-Multi";101;"Eucera_sp.";3.66666666666667;2.66666666666667;1;16;8;8;0.237007995311222;0.0125868480737501;0.0026876592313955;0.00172136103335762;0.000220794124626284;0.25;6
"4-Multi";102;"Eupeodes_corollae";2.45;1.45;1;6;3;3;0.0728756890601459;2.23972513616315e-05;6.27897427995407e-06;0.000787922364861127;7.70319301847458e-05;0.25;4
"4-Multi";103;"Lasiocampa_trifolii";4.5;3.5;1;24;12;12;0.2226717621753;0.00661908919959467;0.00133927708297333;0.00101232703212498;0.000254890203673215;0.25;6
"4-Multi";104;"Lomatia_sp.";2.33333333333333;1.33333333333333;1;4;2;2;0.078776621271908;0.000515423039314417;0.00039960820073626;0.00400625124004397;0.00133093658507838;0.25;2
"4-Multi";105;"Malachius_bipustulatus";1.23376623376623;0.233766233766234;1;4;2;2;0.0456985601506514;0.000899693550764278;0.00198624381612947;0.000965429871627769;0.0033503573091261;0.25;4
"4-Multi";106;"Meligethes_sp.";9.72662337662338;5.72662337662338;4;24;12;12;0.183467557526056;0.00505140004811505;0.00479849547920972;0.00868808597397675;0.00306002904550608;0.5;6
"4-Multi";107;"Mordellidae";1.09090909090909;0.0909090909090909;1;2;1;1;0.0411349240676037;0.000866192712524994;0.00388329609209093;0.00053534598569364;0.00645892819264055;0.25;2
"4-Multi";108;"Musca_sp.";30.3666666666667;14.3666666666667;16;34;17;17;0.263184135138774;0.0958718588623489;0.0446681923337308;0.0420689235968742;0.492126017523055;1;4
"4-Multi";109;"Nemotelus_sp.";2;1;1;2;1;1;0.0884594520137266;0;0;0;5.04561140772456e-06;0.25;2
"4-Multi";110;"Odontomyia_sp.";6.5;2.5;4;8;4;4;0.0823071582089725;0.00535681582630361;0.00335271534361263;0.00478665703707541;0.0160543781624453;0.5;2
"4-Multi";111;"Oedemeridae";3.89285714285714;2.89285714285714;1;10;5;5;0.10261787997538;0.00113398204502597;0.00052564730682022;0.00380292583941259;0.00082986777732297;0.25;4
"4-Multi";112;"Psilothrix_viridicoerulea";18.7834415584416;14.7834415584416;4;48;24;24;0.501247790303134;0.0170379543978817;0.0195665543175736;0.05608051070297;0.00302192638313713;0.5;6
"4-Multi";113;"Scaeva_sp.";2.83333333333333;1.83333333333333;1;6;3;3;0.0754571918390439;0.000510827701040555;0.00024557969896298;0.00530198783283234;0.000907920550568465;0.25;4
"4-Multi";114;"Sphaerophoria_scripta";19.9583333333333;10.9583333333333;9;34;17;17;0.419691394228924;0.045108436113867;0.0470210165645258;0.035531156826907;0.0144969011135208;0.75;6
"4-Multi";115;"Thymelicus_sp.";5.78333333333333;4.78333333333333;1;14;7;7;0.220314588149707;0.000287244860843214;0.00019113610328071;9.71075497113378e-05;1.67663275201647e-05;0.25;6
"Aggr";1;"A1 LEMA";1.29015151515152;0.290151515151515;1;6;3;3;0.0467129990274609;1;0.180572907773172;0;0.0834116402791069;0;6
"Aggr";2;"A2 CHFU";1.26923076923077;0.269230769230769;1;2;1;1;0.0555271697825046;1;0.136007857336569;0;0.078178908332478;0;2
"Aggr";3;"A2 LEMA";1.19166666666667;0.191666666666667;1;4;2;2;0.0428456218397096;1;0.242333015260504;0;0.151641891530556;0;4
"Aggr";4;"A2 PUPA";1.33333333333333;0.333333333333333;1;2;1;1;0.049929925863418;1;0.000459198840534698;0;0.000941115498795085;0;2
"Aggr";5;"A3 CHFU";1.37179487179487;0.371794871794872;1;4;2;2;0.048886175404519;1;0.0760266395945975;0;0.0508046413916334;0;4
"Aggr";6;"A3 LEMA";2.13888888888889;1.13888888888889;1;6;3;3;0.0666415281210512;1;0.385497802563317;0;0.296640004090649;0;4
"Aggr";7;"A4 CHFU";1.09401709401709;0.094017094017094;1;4;2;2;0.0321869520404243;1;0.568003928668284;0;0.177684874909621;0;4
"Aggr";8;"A4 LEMA";1.16785714285714;0.167857142857143;1;4;2;2;0.0313279665211558;1;0.311938613510946;0;0.316095602197269;0;4
"Aggr";9;"A5 CHFU";1.14957264957265;0.14957264957265;1;4;2;2;0.0414599181999075;1;0.712002619112189;0;0.210853530435336;0;4
"Aggr";10;"A5 LEMA";1.21666666666667;0.216666666666667;1;4;2;2;0.0487127783571623;1;0.304650545971229;0;0.123768639533705;0;4
"Aggr";11;"A6 CHFU";1.42735042735043;0.427350427350427;1;6;3;3;0.0581591415642555;1;0.384017759729732;0;0.12626670809001;0;4
"Aggr";12;"B1 CHFU";1.05555555555556;0.0555555555555556;1;2;1;1;0.0267514213899719;1;0.999999999999999;0;0.277190841486765;0;2
"Aggr";13;"B2 CHFU";1.48717948717949;0.487179487179487;1;4;2;2;0.063452870538661;1;0.109424053616227;0;0.0650099002607016;0;4
"Aggr";14;"B2 LEMA";1.32070707070707;0.320707070707071;1;6;3;3;0.0501188086696271;1;0.307672123247321;0;0.142672129765011;0;6
"Aggr";15;"B2 PUPA";1.29166666666667;0.291666666666667;1;6;3;3;0.13699367505456;1;0.0104869643540473;0;0.00361252588381653;0;6
"Aggr";16;"B3 CHFU";1.33333333333333;0.333333333333333;1;2;1;1;0.0434506447542207;1;0.0160454218526264;0;0.0234303744507888;0;2
"Aggr";17;"B3 LEMA";1.38932178932179;0.389321789321789;1;8;4;4;0.0750639164076621;1;0.435616455344188;0;0.0731732550220466;0;6
"Aggr";18;"B3 PUPA";1.62872628726287;0.628726287262873;1;6;3;3;0.116769624806398;1;0.0220759133354374;0;0.0864059611425894;0;4
"Aggr";19;"B4 CHFU";1.05555555555556;0.0555555555555556;1;2;1;1;0.026751421390016;1;0.999999999999999;0;0.277190841486765;0;2
"Aggr";20;"B4 LEMA";1.30952380952381;0.30952380952381;1;4;2;2;0.0532797084829077;1;0.783068522229622;0;0.355903711327921;0;4
"Aggr";21;"B4 PUPA";1.14244579945799;0.142445799457995;1;6;3;3;0.0835863216767666;1;0.0116704616764824;0;0.00457323948031235;0;6
"Aggr";22;"B5 CHFU";1.70512820512821;0.705128205128205;1;6;3;3;0.102617223521513;1;0.040299504644934;0;0.0281836686567032;0;4
"Aggr";23;"B5 LEMA";3.11829004329004;2.11829004329004;1;12;6;6;0.123686329770113;1;0.43703570852694;0;0.20873768816701;0;6
"Aggr";24;"B5 ME";3;2;1;4;2;2;0.301391906656487;1;0.558848976919527;0;0.242289618505512;0;4
"Aggr";25;"B5 PUPA";1.02439024390244;0.024390243902439;1;2;1;1;0.0382101625471563;1;0.0201870718129945;0;0.00722925046725692;0;2
"Aggr";26;"B6 CHFU";1.16666666666667;0.166666666666667;1;2;1;1;0.0452139276971329;1;0.0110506612541547;0;0.0111109491603693;0;2
"Aggr";27;"B6 LEMA";1.025;0.025;1;2;1;1;0.023345611747933;1;0.491603138103403;0;0.0401488835431496;0;2
"Aggr";28;"B6 PUPA";1.0625;0.0625;1;2;1;1;0.0408286175771913;1;0.00380141582914633;0;0.00148918892342538;0;2
"Aggr";29;"C1 LEMA";1.09090909090909;0.0909090909090909;1;2;1;1;0.0242871463470684;1;0.0564952695751151;0;0.0430546410245093;0;2
"Aggr";30;"C2 CHFU";1.5;0.5;1;2;1;1;0.0598462589952971;1;0.0109637590006022;0;0.0241761357543568;0;2
"Aggr";31;"C2 LEMA";1.47265512265512;0.472655122655123;1;10;5;5;0.0747610983960481;1;0.409109983093284;0;0.16003396663244;0;6
"Aggr";32;"C2 PUPA";1.07994579945799;0.0799457994579946;1;4;2;2;0.0602361593297039;1;0.0156049846001504;0;0.00611526475875584;0;4
"Aggr";33;"C3 CHFU";2.55555555555556;1.55555555555556;1;6;3;3;0.0784857346952953;1;0.381426252854442;0;0.342807936167123;0;4
"Aggr";34;"C3 LEMA";1.15;0.15;1;2;1;1;0.0526813943355011;1;0.491603138103403;0;0.0401488835431496;0;2
"Aggr";35;"C3 PUPA";1.47967479674797;0.479674796747967;1;6;3;3;0.284130037001199;1;0.0170753968439035;0;0.00612531656143929;0;6
"Aggr";36;"C4 CHFU";1.05555555555556;0.0555555555555556;1;2;1;1;0.0267514213900338;1;1;0;0.277190841486765;0;2
"Aggr";37;"C4 LEMA";1.4754329004329;0.4754329004329;1;8;4;4;0.0776898691520078;1;0.582947346600476;0;0.198389517120705;0;6
"Aggr";38;"C4 PUPA";1.07994579945799;0.0799457994579946;1;4;2;2;0.0602361593297057;1;0.0156049846001504;0;0.00611526475875584;0;4
"Aggr";39;"C5 ME";2;1;1;2;1;1;0.0476185569151171;1;0.0387954538508977;0;0.405340775260921;0;2
"Aggr";40;"C5 PUPA";1.48611111111111;0.486111111111111;1;4;2;2;0.201631422877081;1;0.00560678621868636;0;0.00236721145513273;0;4
"Aggr";41;"C6 CHFU";1.24786324786325;0.247863247863248;1;4;2;2;0.0539290746415567;1;0.280006547780474;0;0.111347563858192;0;4
"Aggr";42;"C6 PUPA";1.02439024390244;0.024390243902439;1;2;1;1;0.0382101625471121;1;0.0201870718129944;0;0.00722925046725692;0;2
"Aggr";43;"D1 CHFU";2;1;1;2;1;1;0.11652303486856;1;0;0;6.71851883342011e-06;0;2
"Aggr";44;"D1 LEMA";1.27896825396825;0.278968253968254;1;6;3;3;0.0599267218980402;1;0.629502625880997;0;0.156475583746783;0;4
"Aggr";45;"D2 CHFU";2.55555555555556;1.55555555555556;1;6;3;3;0.110615910560862;1;0.340320426037624;0;0.113746962302525;0;2
"Aggr";46;"D2 LEMA";2.5952380952381;1.5952380952381;1;6;3;3;0.114880070413551;1;0.0544371122641176;0;0.111347123770516;0;4
"Aggr";47;"D2 PUPA";1.23983739837398;0.239837398373984;1;4;2;2;0.145751567528744;1;0.0156049846001505;0;0.00611526475875584;0;4
"Aggr";48;"D3 CHFU";1.16666666666667;0.166666666666667;1;2;1;1;0.045213927697017;1;0.0110506612541546;0;0.0111109491603693;0;2
"Aggr";49;"D3 LEMA";1.025;0.025;1;2;1;1;0.0233456117478744;1;0.491603138103402;0;0.0401488835431496;0;2
"Aggr";50;"D3 PUPA";2.04878048780488;1.04878048780488;1;8;4;4;0.398098137996483;1;0.0560295750866863;0;0.00832502886709108;0;6
"Aggr";51;"D4 LEMA";1.10833333333333;0.108333333333333;1;4;2;2;0.0330956167937103;1;0.304650545971229;0;0.123768639533705;0;4
"Aggr";52;"D4 PUPA";1.07317073170732;0.0731707317073171;1;2;1;1;0.0796735771812325;1;0.0201870718129944;0;0.00722925046725692;0;2
"Aggr";53;"D5 CHFU";2.26068376068376;1.26068376068376;1;8;4;4;0.0912635990267368;1;0.288352919833129;0;0.10042092165549;0;4
"Aggr";54;"D5 LEMA";1.14285714285714;0.142857142857143;1;2;1;1;0.0355136330613082;1;0.0264073654205872;0;0.0313717684704541;0;2
"Aggr";55;"D5 PUPA";1.10433604336043;0.104336043360434;1;4;2;2;0.0843363190381439;1;0.0190928966627692;0;0.00649999573183413;0;4
"Aggr";56;"D6 CHFU";1.33333333333333;0.333333333333333;1;2;1;1;0.041710747937679;1;0.00308883873485834;0;0.0123338679735962;0;2
"Aggr";57;"D6 LEMA";1.025;0.025;1;2;1;1;0.0233456117478051;1;0.491603138103402;0;0.0401488835431496;0;2
"Aggr";58;"D6 PUPA";2.87178184281843;1.87178184281843;1;12;6;6;0.389383242812799;1;0.0647991314354565;0;0.0119401608050949;0;6
"Aggr";59;"E1 CHFU";1.15384615384615;0.153846153846154;1;2;1;1;0.0392205778313547;1;0.136007857336569;0;0.078178908332478;0;2
"Aggr";60;"E1 LEMA";1.025;0.025;1;2;1;1;0.0233456117479432;1;0.491603138103403;0;0.0401488835431496;0;2
"Aggr";61;"E1 PUPA";1.74661246612466;0.746612466124661;1;6;3;3;0.128507552987218;1;0.00950250396409562;0;0.00353824193145891;0;4
"Aggr";62;"E2 CHFU";2;1;1;2;1;1;0.134478515782239;1;0.117697953839054;0;0.207388395524259;0;2
"Aggr";63;"E2 LEMA";2.08055555555556;1.08055555555556;1;6;3;3;0.173942374815266;1;0.54253699847999;0;0.131839544454131;0;4
"Aggr";64;"E2 ME";2;1;1;4;2;2;0.069275736312017;1;0.0680174569528828;0;0.339205670728626;0;4
"Aggr";65;"E2 PUPA";1.54878048780488;0.548780487804878;1;4;2;2;0.0740119207065823;1;0.026389865825629;0;0.139933092065145;0;4
"Aggr";66;"E3 CHFU";1.05555555555556;0.0555555555555556;1;2;1;1;0.0267514213899801;1;1;0;0.277190841486765;0;2
"Aggr";67;"E3 LEMA";1.025;0.025;1;2;1;1;0.0233456117478766;1;0.491603138103403;0;0.0401488835431496;0;2
"Aggr";68;"E3 PUPA";1.12872628726287;0.128726287262873;1;4;2;2;0.101699573963878;1;0.0178960282065725;0;0.00667225761300638;0;4
"Aggr";69;"E4 CHFU";1.61111111111111;0.611111111111111;1;4;2;2;0.0639626292564665;1;0.710758029639497;0;0.382141334608306;0;4
"Aggr";70;"E4 LEMA";1.1984126984127;0.198412698412698;1;4;2;2;0.0347337761635292;1;0.566137044459245;0;0.434616581169076;0;4
"Aggr";71;"E5 CHFU";2.05555555555556;1.05555555555556;1;4;2;2;0.0568915230749641;1;0.519397726925449;0;0.341265808373843;0;4
"Aggr";72;"E5 LEMA";1.025;0.025;1;2;1;1;0.0233456117478383;1;0.491603138103403;0;0.0401488835431496;0;2
"Aggr";73;"E5 PUPA";2;1;1;2;1;1;0.0733549386442528;1;0.13227408891849;0;0.592042320851388;0;2
"Aggr";74;"E6 LEMA";1.14285714285714;0.142857142857143;1;2;1;1;0.0355136330611012;1;0.0264073654205872;0;0.0313717684704541;0;2
"Aggr";75;"E6 ME";1.5;0.5;1;2;1;1;0.0454166969372257;1;0.13227408891849;0;0.592042320851388;0;2
"Aggr";76;"E6 PUPA";1.0625;0.0625;1;2;1;1;0.0408286175772526;1;0.00380141582914632;0;0.00148918892342538;0;2
"Aggr";77;"F1 LEMA";1.09090909090909;0.0909090909090909;1;2;1;1;0.0242871463468983;1;0.0564952695751151;0;0.0430546410245093;0;2
"Aggr";78;"F1 PUPA";1.07317073170732;0.0731707317073171;1;2;1;1;0.0796735771813711;1;0.0201870718129944;0;0.00722925046725692;0;2
"Aggr";79;"F2 LEMA";1.10833333333333;0.108333333333333;1;4;2;2;0.0330956167937119;1;0.304650545971228;0;0.123768639533705;0;4
"Aggr";80;"F2 PUPA";2.04878048780488;1.04878048780488;1;4;2;2;0.106659948613605;1;0.0147116562044215;0;0.0336091738467924;0;4
"Aggr";81;"F3 CHFU";1.16666666666667;0.166666666666667;1;2;1;1;0.0452139276970355;1;0.0110506612541546;0;0.0111109491603693;0;2
"Aggr";82;"F3 LEMA";1.05555555555556;0.0555555555555556;1;2;1;1;0.0267514213900996;1;1;0;0.277190841486765;0;2
"Aggr";83;"F3 PUPA";2.16666666666667;1.16666666666667;1;6;3;3;0.257206741235056;1;0.261207997527986;0;0.0730687732647492;0;6
"Aggr";84;"F4 CHFU";1.05555555555556;0.0555555555555556;1;2;1;1;0.0267514213899171;1;1;0;0.277190841486765;0;2
"Aggr";85;"F4 LEMA";1.71590909090909;0.715909090909091;1;6;3;3;0.0686564048089889;1;0.360364203961778;0;0.0410837113823186;0;4
"Aggr";86;"F4 PUPA";1.12872628726287;0.128726287262873;1;4;2;2;0.105068026355035;1;0.0193664404503254;0;0.00668230941568983;0;4
"Aggr";87;"F5 ME";1.5;0.5;1;2;1;1;0.0413374946049365;1;0.00376082498727565;0;0.0863690206058633;0;2
"Aggr";88;"F5 PUPA";1.125;0.125;1;2;1;1;0.0641787799241192;1;0.00380141582914631;0;0.00148918892342538;0;2
"Aggr";89;"F6 CHFU";1.11111111111111;0.111111111111111;1;2;1;1;0.0360243875495045;1;1;0;0.277190841486765;0;2
"Aggr";90;"F6 LEMA";2;1;1;2;1;1;0.116523034868283;1;0;0;6.71851883342011e-06;0;2
"Aggr";91;"Andrena_cinerea";8.84848484848485;4.84848484848485;4;22;11;11;0.262948157243596;1;0;0.13227408891849;1;0;6
"Aggr";92;"Bombyliidae";12.15;11.15;1;36;18;18;1;1;0;0.0201870718129924;0.0122061257761855;0;6
"Aggr";93;"Bruchidae";1.33333333333333;0.333333333333333;1;2;1;1;0.0488196298892961;1;0;0.00999751911226814;0.0673454446732625;0;2
"Aggr";94;"Calliphoridae";1.25;0.25;1;2;1;1;0.0368719700238;1;0;0.00635316074179303;0.0594559011660406;0;2
"Aggr";95;"Cantharidae";3.83333333333333;1.83333333333333;2;6;3;3;0.112277832351355;1;0;0.00376082498727653;0.145879232806861;0;4
"Aggr";96;"Dilophus_sp.";19.0822510822511;15.0822510822511;4;56;28;28;0.785474780582758;1;0;1;0.46819184051;0;6
"Aggr";97;"Diptera";8.13333333333333;6.13333333333333;2;22;11;11;0.33252658095976;1;0;0.136007857336569;0.132045508592146;0;4
"Aggr";98;"Empididae";4.75;3.75;1;10;5;5;0.195779805646771;1;0;0.0110506612541532;0.0187626108905152;0;4
"Aggr";99;"Episyrphus_balteatus";2;1;1;2;1;1;0.11652303486869;1;0;0;6.71851883342011e-06;0;2
"Aggr";100;"Eristalis_sp.";2.5;1.5;1;4;2;2;0.114534602233697;1;0;0.000459198840535068;0.00158498627590168;0;2
"Aggr";101;"Eucera_sp.";3.66666666666667;2.66666666666667;1;16;8;8;0.53776480603646;1;0;0.0169045463623166;0.00851082519102839;0;6
"Aggr";102;"Eupeodes_corollae";2.45;1.45;1;6;3;3;0.0855257389669675;1;0;0.00308883873485807;0.0208282140268903;0;4
"Aggr";103;"Lasiocampa_trifolii";4.5;3.5;1;24;12;12;0.466432873036069;1;0;0.0110228973873071;0.00844291214586272;0;6
"Aggr";104;"Lomatia_sp.";2.33333333333333;1.33333333333333;1;4;2;2;0.0996889500354422;1;0;0.0109637590006023;0.0408307074100662;0;2
"Aggr";105;"Malachius_bipustulatus";1.23376623376623;0.233766233766234;1;4;2;2;0.0353728844125473;1;0;0.00803846764032936;0.0739548191170698;0;4
"Aggr";106;"Meligethes_sp.";5.72662337662338;3.72662337662338;2;20;10;10;0.176224946551155;1;0;0.0564952695751155;0.0727179425023149;0;6
"Aggr";107;"Mordellidae";1.09090909090909;0.0909090909090909;1;2;1;1;0.0270360352586962;1;0;0.00350146443371852;0.123583714114322;0;2
"Aggr";108;"Musca_sp.";6.36666666666667;2.36666666666667;4;10;5;5;0.141835772634686;1;0;0.0387954538508967;0.684646851478124;0;4
"Aggr";109;"Nemotelus_sp.";2;1;1;2;1;1;0.116523034868385;1;0;0;6.71851883342011e-06;0;2
"Aggr";110;"Odontomyia_sp.";2.5;0.5;2;4;2;2;0.0559907567024537;1;0;0.0120046696448365;0.268880511812691;0;4
"Aggr";111;"Oedemeridae";3.89285714285714;2.89285714285714;1;10;5;5;0.148524993899324;1;0;0.0264073654205866;0.0529846798126608;0;4
"Aggr";112;"Psilothrix_viridicoerulea";14.7834415584416;12.7834415584416;2;44;22;22;0.552202966352285;1;0;0.491603138103403;0.0678098965207472;0;6
"Aggr";113;"Scaeva_sp.";2.83333333333333;1.83333333333333;1;6;3;3;0.0916665512620897;1;0;0.0160454218526265;0.0395710596959449;0;4
"Aggr";114;"Sphaerophoria_scripta";7.95833333333333;4.95833333333333;3;22;11;11;0.412941390184721;1;0;0.117697953839054;0.350290186085088;0;6
"Aggr";115;"Thymelicus_sp.";5.78333333333333;4.78333333333333;1;14;7;7;0.439532467708613;1;0;0.00380141582914584;0.00251072408665045;0;6
