"Layer";"Node";"Label";"Strength";"StrengthIn";"StrengthOut";"Degree";"DegreeIn";"DegreeOut";"PageRank";"Eigenvector";"Hub";"Authority";"Katz";"Multiplexity";"Kcore"
"1-Multi";1;"A1 LEMA";2.26641414141414;1.26641414141414;1;8;4;4;0.155066922480683;0.138299370118177;0.268026787481753;0.00291685740221161;0.0572694586098898;0.333333333333333;4
"1-Multi";2;"A3 CHFU";1.2;0.2;1;2;1;1;0.0953902032001191;7.16311062675422e-05;2.7961287136024e-06;0.00293769099702978;8.69946105817378e-05;0.333333333333333;2
"1-Multi";3;"A3 LEMA";1.06060606060606;0.0606060606060606;1;2;1;1;0.0900715294596904;0.000394898014814306;1;7.54195911711119e-07;0.000551134424081583;0.333333333333333;2
"1-Multi";4;"A4 CHFU";1.4;0.4;1;2;1;1;0.135231513698253;0.000143262212537838;2.79612871360608e-06;0.00587538199405952;8.69946105817378e-05;0.333333333333333;2
"1-Multi";5;"A4 LEMA";1.22222222222222;0.222222222222222;1;2;1;1;0.0794822123523143;0.00196316533690037;0.18212287839218;2.24422910751176e-05;0.0108003442859539;0.333333333333333;2
"1-Multi";6;"A5 LEMA";2;1;1;2;1;1;0.16047457891614;0;0;0;9.23050686823888e-06;0.333333333333333;2
"1-Multi";7;"A5 ME";2;1;1;2;1;1;0.157402076025589;0.00394005511258093;6.59717301417746e-05;0.0163400253744632;0.00111758353258316;0.333333333333333;2
"1-Multi";8;"B1 CHFU";1.2;0.2;1;2;1;1;0.095390203200175;7.16311062697111e-05;2.79612871356263e-06;0.00293769099702977;8.69946105817378e-05;0.333333333333333;2
"1-Multi";9;"B1 LEMA";1.39393939393939;0.393939393939394;1;4;2;2;0.111037589781715;0.000725328413540767;0.683313623146037;1.02084995042311e-05;0.00108518126137619;0.333333333333333;4
"1-Multi";10;"B1 ME";1.71428571428571;0.714285714285714;1;2;1;1;0.109404498634783;0.103678694029808;0.00979499690118799;0.00384459798490494;0.144905545303831;0.333333333333333;2
"1-Multi";11;"B2 LEMA";1.14285714285714;0.142857142857143;1;2;1;1;0.0789361785805231;1.45386833539399e-05;0.0918716916903595;3.09714235494093e-08;4.82718955935717e-05;0.333333333333333;2
"1-Multi";12;"B3 LEMA";1.03030303030303;0.0303030303030303;1;2;1;1;0.0728102110814172;0.000197449007409792;1;3.77097955856371e-07;0.000551134424081583;0.333333333333333;2
"1-Multi";13;"B4 LEMA";1.53030303030303;0.53030303030303;1;4;2;2;0.105800384122865;0.000208757447889551;0.517939498178122;3.93484175009207e-07;0.00029634073404346;0.333333333333333;4
"1-Multi";14;"B5 ME";1.83333333333333;0.833333333333333;1;4;2;2;0.142943879642801;0.000713105165413704;7.33057227556876e-05;0.00236800956997922;0.00164220452637231;0.333333333333333;2
"1-Multi";15;"B6 LEMA";1.03030303030303;0.0303030303030303;1;2;1;1;0.0728102110798974;0.000197449007407563;1;3.77097955865599e-07;0.000551134424081583;0.333333333333333;2
"1-Multi";16;"C1 LEMA";1.57598039215686;0.575980392156863;1;6;3;3;0.117006097225445;0.00134559697756714;0.0940264518042068;1.67833028806004e-05;0.00114381815840916;0.333333333333333;4
"1-Multi";17;"C1 ME";1.33333333333333;0.333333333333333;1;2;1;1;0.0802191725559322;0.000664800401917008;0.000205267271121305;0.00228824406962811;0.00457631363151314;0.333333333333333;2
"1-Multi";18;"C3 LEMA";1.17171717171717;0.171717171717172;1;4;2;2;0.102038189285277;0.00137648068326634;0.727374292797394;1.19753414492506e-05;0.00396753771137237;0.333333333333333;4
"1-Multi";19;"C5 LEMA";1.15530303030303;0.15530303030303;1;4;2;2;0.087663235163286;0.00113260889714589;0.554508567939388;7.54865580426582e-06;0.00133152854701553;0.333333333333333;4
"1-Multi";20;"C6 LEMA";1.17316017316017;0.173160173160173;1;4;2;2;0.0961974969611262;0.000211987690765328;0.54593584584518;4.08069379376516e-07;0.000299703159837577;0.333333333333333;4
"1-Multi";21;"D1 CHFU";2;1;1;2;1;1;0.117163172546379;0.148166746276913;0.00952165062590652;0.00513984766729274;0.148172446753923;0.333333333333333;2
"1-Multi";22;"D1 LEMA";2.61207664884135;1.61207664884135;1;10;5;5;0.189879627627159;0.00151900634343428;0.30741464252122;9.88935676871425e-06;0.000498387903959471;0.333333333333333;4
"1-Multi";23;"D2 ME";2;1;1;2;1;1;0.114719296516876;7.40249513242199e-05;1.51256643007402e-06;0.00711766930135323;0.000109788549023436;0.333333333333333;2
"1-Multi";24;"D3 ME";1.5;0.5;1;2;1;1;0.118273599790232;4.83047634978572e-05;7.32494857276211e-06;7.97655003511311e-05;0.000175149973801902;0.333333333333333;2
"1-Multi";25;"D4 LEMA";1.25252525252525;0.252525252525252;1;4;2;2;0.0967435307315703;0.00216061434430689;0.454748585594787;2.28193890309609e-05;0.00738394099866315;0.333333333333333;4
"1-Multi";26;"D5 LEMA";1.125;0.125;1;2;1;1;0.070401916784222;0.000935159889736094;0.109017135878776;7.17155784843485e-06;0.00211192266994947;0.333333333333333;2
"1-Multi";27;"D6 LEMA";1.23611111111111;0.236111111111111;1;4;2;2;0.0823685766095826;0.00191674255818893;0.145570007135478;1.83927033859678e-05;0.00645613347795171;0.333333333333333;4
"1-Multi";28;"E1 CHFU";1.2;0.2;1;2;1;1;0.0953902032006991;7.16311062696079e-05;2.79612871356532e-06;0.00293769099702977;8.69946105817378e-05;0.333333333333333;2
"1-Multi";29;"E1 LEMA";2.35472370766488;1.35472370766488;1;6;3;3;0.18309713659775;0.000608956673434664;0.318507386921072;1.31983735561848e-06;0.000241184384509559;0.333333333333333;4
"1-Multi";30;"E2 LEMA";1.18382352941176;0.183823529411765;1;4;2;2;0.0832209768442398;0.000975163234291579;0.108795518414373;7.25027856824467e-06;0.00113348009190518;0.333333333333333;4
"1-Multi";31;"E2 ME";2.14285714285714;1.14285714285714;1;4;2;2;0.138243053170779;0.0270225144629851;0.00511466488535574;0.02818164325583;0.0823718104604387;0.333333333333333;2
"1-Multi";32;"E3 LEMA";1.14285714285714;0.142857142857143;1;2;1;1;0.078936178582151;1.45386833575382e-05;0.0918716916903592;3.09714235345619e-08;4.82718955935717e-05;0.333333333333333;2
"1-Multi";33;"E4 LEMA";1.42424242424242;0.424242424242424;1;4;2;2;0.125557676444487;0.00063919927065547;0.761871889785716;1.56976279141919e-06;0.000462930495200573;0.333333333333333;4
"1-Multi";34;"E4 ME";2.47619047619048;1.47619047619048;1;6;3;3;0.128839249179828;0.0228026923488221;0.00338240910812547;0.00351538641740413;0.0530945504781306;0.333333333333333;2
"1-Multi";35;"E5 LEMA";1.14141414141414;0.141414141414141;1;4;2;2;0.0847768709059346;0.00117903167585743;0.59106143919609;1.15982434934134e-05;0.00567573935501776;0.333333333333333;4
"1-Multi";36;"E6 LEMA";1.75270562770563;0.752705627705628;1;8;4;4;0.198320623166457;0.00198379585856295;0.656047048339;9.52648797502156e-06;0.000639273174313563;0.333333333333333;4
"1-Multi";37;"F1 LEMA";1.48128342245989;0.481283422459893;1;6;3;3;0.119414391522345;0.000607886095238084;0.316772167834513;9.98884298803787e-06;0.00075362109694219;0.333333333333333;4
"1-Multi";38;"F2 LEMA";2.55882352941176;1.55882352941176;1;6;3;3;0.142496108117069;5.4673708698458e-05;0.0488585888457028;1.09362036248335e-07;7.24951286153145e-05;0.333333333333333;4
"1-Multi";39;"F3 LEMA";2.4333036244801;1.4333036244801;1;10;5;5;0.231288904807237;0.00199997252039383;0.409587871800281;1.46406037159677e-05;0.00128529813848161;0.333333333333333;4
"1-Multi";40;"F4 LEMA";1.03030303030303;0.0303030303030303;1;2;1;1;0.0728102110802472;0.000197449007407673;1;3.77097955865374e-07;0.000551134424081583;0.333333333333333;2
"1-Multi";41;"F6 LEMA";1.51769798828622;0.517697988286224;1;6;3;3;0.155791128781047;0.000281068402028693;0.276837795204209;5.48732946233344e-07;0.000170197524944638;0.333333333333333;4
"1-Multi";42;"Andrena_cinerea";7.46590909090909;3.46590909090909;4;12;6;6;0.286386626098546;0.000499605702366383;0.0546153199621403;0.0474890717092878;0.000685465730532249;0.666666666666667;4
"1-Multi";43;"Brassicogethes_sp.";1.39772727272727;0.397727272727273;1;4;2;2;0.11682103441464;0.000315822703062944;1.34527919764135e-05;0.0195694501227154;0.00047280469523152;0.333333333333333;4
"1-Multi";44;"Calliphoridae";2.66666666666667;1.66666666666667;1;4;2;2;0.184620141218255;0.00022493377287342;0.00122388753516953;7.32494856814533e-06;0.000395540905602333;0.333333333333333;2
"1-Multi";45;"Cantharidae";8.5;4.5;4;16;8;8;0.340655169321455;0.00695151997271457;0.0528823436100339;0.0501461367092601;0.0156366046844795;0.666666666666667;4
"1-Multi";46;"Dilophus_sp.";13.2151515151515;9.21515151515151;4;28;14;14;1;0.00241724638210432;0.112696935129196;0.108576697078673;0.000531622956680463;0.666666666666667;4
"1-Multi";47;"Diptera";18.2333333333333;9.23333333333333;9;22;11;11;0.679232314050893;1;0.102958211775485;0.043813609096007;1;1;2
"1-Multi";48;"Episyrphus_balteatus";2;1;1;2;1;1;0.160474578917126;0;0;0;9.23050686823887e-06;0.333333333333333;2
"1-Multi";49;"Eupeodes_corollae";10.2;6.2;4;22;11;11;0.537757182230946;0.0265920337161857;0.125797310451565;0.10908310760892;0.00748736072297968;0.666666666666667;4
"1-Multi";50;"Lassioglosum_.immunitum";1.33333333333333;0.333333333333333;1;2;1;1;0.0815607780031167;0.00326460138968098;0.00351538641740477;0.000146963152061345;0.0228092587238086;0.333333333333333;2
"1-Multi";51;"Malachius_bipustulatus";1.33333333333333;0.333333333333333;1;2;1;1;0.0854302213788682;7.82749081364405e-06;1.09362031975659e-07;0.00212286923091876;3.64025228181897e-05;0.333333333333333;2
"1-Multi";52;"Meligethes_sp.";4.225;3.225;1;10;5;5;0.229633772977267;0.000236950609527086;1.66324271072688e-06;0.091871691690362;0.000100130596678955;0.333333333333333;4
"1-Multi";53;"Melyridae";1.83333333333333;0.833333333333333;1;4;2;2;0.114656531700932;5.26583715801891e-05;2.51423095948131e-07;0.0358789963562388;8.44731205160342e-05;0.333333333333333;4
"1-Multi";54;"Mordellidae";1.125;0.125;1;2;1;1;0.0710682502330242;3.26935210000642e-05;1.31983735104241e-06;0.00518959061873105;0.000108854187353047;0.333333333333333;2
"1-Multi";55;"Musca_sp.";1.125;0.125;1;2;1;1;0.0717888899039495;8.1552051140753e-05;9.88935675296931e-06;0.00500885131836522;0.000219322533482051;0.333333333333333;2
"1-Multi";56;"Nemotelus_sp.";9.79090909090909;5.79090909090909;4;20;10;10;0.441158598045553;0.0352059275084268;0.211079297590241;0.182557211261682;0.0713035516508922;0.666666666666667;4
"1-Multi";57;"Psilothrix_viridicoerulea";11.555303030303;10.555303030303;1;38;19;19;0.707177896904326;0.0151706296614903;9.54694763363732e-05;1;0.00127094573657032;0.333333333333333;4
"2-Multi";1;"A1 LEMA";2.26641414141414;1.26641414141414;1;8;4;4;0.155066922480683;0.138299370118177;0.268026787481753;0.00291685740221161;0.0572694586098898;0.333333333333333;4
"2-Multi";2;"A3 CHFU";1.2;0.2;1;2;1;1;0.0953902032001191;7.16311062675422e-05;2.7961287136024e-06;0.00293769099702978;8.69946105817378e-05;0.333333333333333;2
"2-Multi";3;"A3 LEMA";1.06060606060606;0.0606060606060606;1;2;1;1;0.0900715294596904;0.000394898014814306;1;7.54195911711119e-07;0.000551134424081583;0.333333333333333;2
"2-Multi";4;"A4 CHFU";1.4;0.4;1;2;1;1;0.135231513698253;0.000143262212537838;2.79612871360608e-06;0.00587538199405952;8.69946105817378e-05;0.333333333333333;2
"2-Multi";5;"A4 LEMA";1.22222222222222;0.222222222222222;1;2;1;1;0.0794822123523143;0.00196316533690037;0.18212287839218;2.24422910751176e-05;0.0108003442859539;0.333333333333333;2
"2-Multi";6;"A5 LEMA";2;1;1;2;1;1;0.16047457891614;0;0;0;9.23050686823888e-06;0.333333333333333;2
"2-Multi";7;"A5 ME";2;1;1;2;1;1;0.157402076025589;0.00394005511258093;6.59717301417746e-05;0.0163400253744632;0.00111758353258316;0.333333333333333;2
"2-Multi";8;"B1 CHFU";1.2;0.2;1;2;1;1;0.095390203200175;7.16311062697111e-05;2.79612871356263e-06;0.00293769099702977;8.69946105817378e-05;0.333333333333333;2
"2-Multi";9;"B1 LEMA";1.39393939393939;0.393939393939394;1;4;2;2;0.111037589781715;0.000725328413540767;0.683313623146037;1.02084995042311e-05;0.00108518126137619;0.333333333333333;4
"2-Multi";10;"B1 ME";1.71428571428571;0.714285714285714;1;2;1;1;0.109404498634783;0.103678694029808;0.00979499690118799;0.00384459798490494;0.144905545303831;0.333333333333333;2
"2-Multi";11;"B2 LEMA";1.14285714285714;0.142857142857143;1;2;1;1;0.0789361785805231;1.45386833539399e-05;0.0918716916903595;3.09714235494093e-08;4.82718955935717e-05;0.333333333333333;2
"2-Multi";12;"B3 LEMA";1.03030303030303;0.0303030303030303;1;2;1;1;0.0728102110814172;0.000197449007409792;1;3.77097955856371e-07;0.000551134424081583;0.333333333333333;2
"2-Multi";13;"B4 LEMA";1.53030303030303;0.53030303030303;1;4;2;2;0.105800384122865;0.000208757447889551;0.517939498178122;3.93484175009207e-07;0.00029634073404346;0.333333333333333;4
"2-Multi";14;"B5 ME";1.83333333333333;0.833333333333333;1;4;2;2;0.142943879642801;0.000713105165413704;7.33057227556876e-05;0.00236800956997922;0.00164220452637231;0.333333333333333;2
"2-Multi";15;"B6 LEMA";1.03030303030303;0.0303030303030303;1;2;1;1;0.0728102110798974;0.000197449007407563;1;3.77097955865599e-07;0.000551134424081583;0.333333333333333;2
"2-Multi";16;"C1 LEMA";1.57598039215686;0.575980392156863;1;6;3;3;0.117006097225445;0.00134559697756714;0.0940264518042068;1.67833028806004e-05;0.00114381815840916;0.333333333333333;4
"2-Multi";17;"C1 ME";1.33333333333333;0.333333333333333;1;2;1;1;0.0802191725559322;0.000664800401917008;0.000205267271121305;0.00228824406962811;0.00457631363151314;0.333333333333333;2
"2-Multi";18;"C3 LEMA";1.17171717171717;0.171717171717172;1;4;2;2;0.102038189285277;0.00137648068326634;0.727374292797394;1.19753414492506e-05;0.00396753771137237;0.333333333333333;4
"2-Multi";19;"C5 LEMA";1.15530303030303;0.15530303030303;1;4;2;2;0.087663235163286;0.00113260889714589;0.554508567939388;7.54865580426582e-06;0.00133152854701553;0.333333333333333;4
"2-Multi";20;"C6 LEMA";1.17316017316017;0.173160173160173;1;4;2;2;0.0961974969611262;0.000211987690765328;0.54593584584518;4.08069379376516e-07;0.000299703159837577;0.333333333333333;4
"2-Multi";21;"D1 CHFU";2;1;1;2;1;1;0.117163172546379;0.148166746276913;0.00952165062590652;0.00513984766729274;0.148172446753923;0.333333333333333;2
"2-Multi";22;"D1 LEMA";2.61207664884135;1.61207664884135;1;10;5;5;0.189879627627159;0.00151900634343428;0.30741464252122;9.88935676871425e-06;0.000498387903959471;0.333333333333333;4
"2-Multi";23;"D2 ME";2;1;1;2;1;1;0.114719296516876;7.40249513242199e-05;1.51256643007402e-06;0.00711766930135323;0.000109788549023436;0.333333333333333;2
"2-Multi";24;"D3 ME";1.5;0.5;1;2;1;1;0.118273599790232;4.83047634978572e-05;7.32494857276211e-06;7.97655003511311e-05;0.000175149973801902;0.333333333333333;2
"2-Multi";25;"D4 LEMA";1.25252525252525;0.252525252525252;1;4;2;2;0.0967435307315703;0.00216061434430689;0.454748585594787;2.28193890309609e-05;0.00738394099866315;0.333333333333333;4
"2-Multi";26;"D5 LEMA";1.125;0.125;1;2;1;1;0.070401916784222;0.000935159889736094;0.109017135878776;7.17155784843485e-06;0.00211192266994947;0.333333333333333;2
"2-Multi";27;"D6 LEMA";1.23611111111111;0.236111111111111;1;4;2;2;0.0823685766095826;0.00191674255818893;0.145570007135478;1.83927033859678e-05;0.00645613347795171;0.333333333333333;4
"2-Multi";28;"E1 CHFU";1.2;0.2;1;2;1;1;0.0953902032006991;7.16311062696079e-05;2.79612871356532e-06;0.00293769099702977;8.69946105817378e-05;0.333333333333333;2
"2-Multi";29;"E1 LEMA";2.35472370766488;1.35472370766488;1;6;3;3;0.18309713659775;0.000608956673434664;0.318507386921072;1.31983735561848e-06;0.000241184384509559;0.333333333333333;4
"2-Multi";30;"E2 LEMA";1.18382352941176;0.183823529411765;1;4;2;2;0.0832209768442398;0.000975163234291579;0.108795518414373;7.25027856824467e-06;0.00113348009190518;0.333333333333333;4
"2-Multi";31;"E2 ME";2.14285714285714;1.14285714285714;1;4;2;2;0.138243053170779;0.0270225144629851;0.00511466488535574;0.02818164325583;0.0823718104604387;0.333333333333333;2
"2-Multi";32;"E3 LEMA";1.14285714285714;0.142857142857143;1;2;1;1;0.078936178582151;1.45386833575382e-05;0.0918716916903592;3.09714235345619e-08;4.82718955935717e-05;0.333333333333333;2
"2-Multi";33;"E4 LEMA";1.42424242424242;0.424242424242424;1;4;2;2;0.125557676444487;0.00063919927065547;0.761871889785716;1.56976279141919e-06;0.000462930495200573;0.333333333333333;4
"2-Multi";34;"E4 ME";2.47619047619048;1.47619047619048;1;6;3;3;0.128839249179828;0.0228026923488221;0.00338240910812547;0.00351538641740413;0.0530945504781306;0.333333333333333;2
"2-Multi";35;"E5 LEMA";1.14141414141414;0.141414141414141;1;4;2;2;0.0847768709059346;0.00117903167585743;0.59106143919609;1.15982434934134e-05;0.00567573935501776;0.333333333333333;4
"2-Multi";36;"E6 LEMA";1.75270562770563;0.752705627705628;1;8;4;4;0.198320623166457;0.00198379585856295;0.656047048339;9.52648797502156e-06;0.000639273174313563;0.333333333333333;4
"2-Multi";37;"F1 LEMA";1.48128342245989;0.481283422459893;1;6;3;3;0.119414391522345;0.000607886095238084;0.316772167834513;9.98884298803787e-06;0.00075362109694219;0.333333333333333;4
"2-Multi";38;"F2 LEMA";2.55882352941176;1.55882352941176;1;6;3;3;0.142496108117069;5.4673708698458e-05;0.0488585888457028;1.09362036248335e-07;7.24951286153145e-05;0.333333333333333;4
"2-Multi";39;"F3 LEMA";2.4333036244801;1.4333036244801;1;10;5;5;0.231288904807237;0.00199997252039383;0.409587871800281;1.46406037159677e-05;0.00128529813848161;0.333333333333333;4
"2-Multi";40;"F4 LEMA";1.03030303030303;0.0303030303030303;1;2;1;1;0.0728102110802472;0.000197449007407673;1;3.77097955865374e-07;0.000551134424081583;0.333333333333333;2
"2-Multi";41;"F6 LEMA";1.51769798828622;0.517697988286224;1;6;3;3;0.155791128781047;0.000281068402028693;0.276837795204209;5.48732946233344e-07;0.000170197524944638;0.333333333333333;4
"2-Multi";42;"Andrena_cinerea";7.46590909090909;3.46590909090909;4;12;6;6;0.286386626098546;0.000499605702366383;0.0546153199621403;0.0474890717092878;0.000685465730532249;0.666666666666667;4
"2-Multi";43;"Brassicogethes_sp.";1.39772727272727;0.397727272727273;1;4;2;2;0.11682103441464;0.000315822703062944;1.34527919764135e-05;0.0195694501227154;0.00047280469523152;0.333333333333333;4
"2-Multi";44;"Calliphoridae";2.66666666666667;1.66666666666667;1;4;2;2;0.184620141218255;0.00022493377287342;0.00122388753516953;7.32494856814533e-06;0.000395540905602333;0.333333333333333;2
"2-Multi";45;"Cantharidae";8.5;4.5;4;16;8;8;0.340655169321455;0.00695151997271457;0.0528823436100339;0.0501461367092601;0.0156366046844795;0.666666666666667;4
"2-Multi";46;"Dilophus_sp.";13.2151515151515;9.21515151515151;4;28;14;14;1;0.00241724638210432;0.112696935129196;0.108576697078673;0.000531622956680463;0.666666666666667;4
"2-Multi";47;"Diptera";18.2333333333333;9.23333333333333;9;22;11;11;0.679232314050893;1;0.102958211775485;0.043813609096007;1;1;2
"2-Multi";48;"Episyrphus_balteatus";2;1;1;2;1;1;0.160474578917126;0;0;0;9.23050686823887e-06;0.333333333333333;2
"2-Multi";49;"Eupeodes_corollae";10.2;6.2;4;22;11;11;0.537757182230946;0.0265920337161857;0.125797310451565;0.10908310760892;0.00748736072297968;0.666666666666667;4
"2-Multi";50;"Lassioglosum_.immunitum";1.33333333333333;0.333333333333333;1;2;1;1;0.0815607780031167;0.00326460138968098;0.00351538641740477;0.000146963152061345;0.0228092587238086;0.333333333333333;2
"2-Multi";51;"Malachius_bipustulatus";1.33333333333333;0.333333333333333;1;2;1;1;0.0854302213788682;7.82749081364405e-06;1.09362031975659e-07;0.00212286923091876;3.64025228181897e-05;0.333333333333333;2
"2-Multi";52;"Meligethes_sp.";4.225;3.225;1;10;5;5;0.229633772977267;0.000236950609527086;1.66324271072688e-06;0.091871691690362;0.000100130596678955;0.333333333333333;4
"2-Multi";53;"Melyridae";1.83333333333333;0.833333333333333;1;4;2;2;0.114656531700932;5.26583715801891e-05;2.51423095948131e-07;0.0358789963562388;8.44731205160342e-05;0.333333333333333;4
"2-Multi";54;"Mordellidae";1.125;0.125;1;2;1;1;0.0710682502330242;3.26935210000642e-05;1.31983735104241e-06;0.00518959061873105;0.000108854187353047;0.333333333333333;2
"2-Multi";55;"Musca_sp.";1.125;0.125;1;2;1;1;0.0717888899039495;8.1552051140753e-05;9.88935675296931e-06;0.00500885131836522;0.000219322533482051;0.333333333333333;2
"2-Multi";56;"Nemotelus_sp.";9.79090909090909;5.79090909090909;4;20;10;10;0.441158598045553;0.0352059275084268;0.211079297590241;0.182557211261682;0.0713035516508922;0.666666666666667;4
"2-Multi";57;"Psilothrix_viridicoerulea";11.555303030303;10.555303030303;1;38;19;19;0.707177896904326;0.0151706296614903;9.54694763363732e-05;1;0.00127094573657032;0.333333333333333;4
"3-Multi";1;"A1 LEMA";2.26641414141414;1.26641414141414;1;8;4;4;0.155066922480683;0.138299370118177;0.268026787481753;0.00291685740221161;0.0572694586098898;0.333333333333333;4
"3-Multi";2;"A3 CHFU";1.2;0.2;1;2;1;1;0.0953902032001191;7.16311062675422e-05;2.7961287136024e-06;0.00293769099702978;8.69946105817378e-05;0.333333333333333;2
"3-Multi";3;"A3 LEMA";1.06060606060606;0.0606060606060606;1;2;1;1;0.0900715294596904;0.000394898014814306;1;7.54195911711119e-07;0.000551134424081583;0.333333333333333;2
"3-Multi";4;"A4 CHFU";1.4;0.4;1;2;1;1;0.135231513698253;0.000143262212537838;2.79612871360608e-06;0.00587538199405952;8.69946105817378e-05;0.333333333333333;2
"3-Multi";5;"A4 LEMA";1.22222222222222;0.222222222222222;1;2;1;1;0.0794822123523143;0.00196316533690037;0.18212287839218;2.24422910751176e-05;0.0108003442859539;0.333333333333333;2
"3-Multi";6;"A5 LEMA";2;1;1;2;1;1;0.16047457891614;0;0;0;9.23050686823888e-06;0.333333333333333;2
"3-Multi";7;"A5 ME";2;1;1;2;1;1;0.157402076025589;0.00394005511258093;6.59717301417746e-05;0.0163400253744632;0.00111758353258316;0.333333333333333;2
"3-Multi";8;"B1 CHFU";1.2;0.2;1;2;1;1;0.095390203200175;7.16311062697111e-05;2.79612871356263e-06;0.00293769099702977;8.69946105817378e-05;0.333333333333333;2
"3-Multi";9;"B1 LEMA";1.39393939393939;0.393939393939394;1;4;2;2;0.111037589781715;0.000725328413540767;0.683313623146037;1.02084995042311e-05;0.00108518126137619;0.333333333333333;4
"3-Multi";10;"B1 ME";1.71428571428571;0.714285714285714;1;2;1;1;0.109404498634783;0.103678694029808;0.00979499690118799;0.00384459798490494;0.144905545303831;0.333333333333333;2
"3-Multi";11;"B2 LEMA";1.14285714285714;0.142857142857143;1;2;1;1;0.0789361785805231;1.45386833539399e-05;0.0918716916903595;3.09714235494093e-08;4.82718955935717e-05;0.333333333333333;2
"3-Multi";12;"B3 LEMA";1.03030303030303;0.0303030303030303;1;2;1;1;0.0728102110814172;0.000197449007409792;1;3.77097955856371e-07;0.000551134424081583;0.333333333333333;2
"3-Multi";13;"B4 LEMA";1.53030303030303;0.53030303030303;1;4;2;2;0.105800384122865;0.000208757447889551;0.517939498178122;3.93484175009207e-07;0.00029634073404346;0.333333333333333;4
"3-Multi";14;"B5 ME";1.83333333333333;0.833333333333333;1;4;2;2;0.142943879642801;0.000713105165413704;7.33057227556876e-05;0.00236800956997922;0.00164220452637231;0.333333333333333;2
"3-Multi";15;"B6 LEMA";1.03030303030303;0.0303030303030303;1;2;1;1;0.0728102110798974;0.000197449007407563;1;3.77097955865599e-07;0.000551134424081583;0.333333333333333;2
"3-Multi";16;"C1 LEMA";1.57598039215686;0.575980392156863;1;6;3;3;0.117006097225445;0.00134559697756714;0.0940264518042068;1.67833028806004e-05;0.00114381815840916;0.333333333333333;4
"3-Multi";17;"C1 ME";1.33333333333333;0.333333333333333;1;2;1;1;0.0802191725559322;0.000664800401917008;0.000205267271121305;0.00228824406962811;0.00457631363151314;0.333333333333333;2
"3-Multi";18;"C3 LEMA";1.17171717171717;0.171717171717172;1;4;2;2;0.102038189285277;0.00137648068326634;0.727374292797394;1.19753414492506e-05;0.00396753771137237;0.333333333333333;4
"3-Multi";19;"C5 LEMA";1.15530303030303;0.15530303030303;1;4;2;2;0.087663235163286;0.00113260889714589;0.554508567939388;7.54865580426582e-06;0.00133152854701553;0.333333333333333;4
"3-Multi";20;"C6 LEMA";1.17316017316017;0.173160173160173;1;4;2;2;0.0961974969611262;0.000211987690765328;0.54593584584518;4.08069379376516e-07;0.000299703159837577;0.333333333333333;4
"3-Multi";21;"D1 CHFU";2;1;1;2;1;1;0.117163172546379;0.148166746276913;0.00952165062590652;0.00513984766729274;0.148172446753923;0.333333333333333;2
"3-Multi";22;"D1 LEMA";2.61207664884135;1.61207664884135;1;10;5;5;0.189879627627159;0.00151900634343428;0.30741464252122;9.88935676871425e-06;0.000498387903959471;0.333333333333333;4
"3-Multi";23;"D2 ME";2;1;1;2;1;1;0.114719296516876;7.40249513242199e-05;1.51256643007402e-06;0.00711766930135323;0.000109788549023436;0.333333333333333;2
"3-Multi";24;"D3 ME";1.5;0.5;1;2;1;1;0.118273599790232;4.83047634978572e-05;7.32494857276211e-06;7.97655003511311e-05;0.000175149973801902;0.333333333333333;2
"3-Multi";25;"D4 LEMA";1.25252525252525;0.252525252525252;1;4;2;2;0.0967435307315703;0.00216061434430689;0.454748585594787;2.28193890309609e-05;0.00738394099866315;0.333333333333333;4
"3-Multi";26;"D5 LEMA";1.125;0.125;1;2;1;1;0.070401916784222;0.000935159889736094;0.109017135878776;7.17155784843485e-06;0.00211192266994947;0.333333333333333;2
"3-Multi";27;"D6 LEMA";1.23611111111111;0.236111111111111;1;4;2;2;0.0823685766095826;0.00191674255818893;0.145570007135478;1.83927033859678e-05;0.00645613347795171;0.333333333333333;4
"3-Multi";28;"E1 CHFU";1.2;0.2;1;2;1;1;0.0953902032006991;7.16311062696079e-05;2.79612871356532e-06;0.00293769099702977;8.69946105817378e-05;0.333333333333333;2
"3-Multi";29;"E1 LEMA";2.35472370766488;1.35472370766488;1;6;3;3;0.18309713659775;0.000608956673434664;0.318507386921072;1.31983735561848e-06;0.000241184384509559;0.333333333333333;4
"3-Multi";30;"E2 LEMA";1.18382352941176;0.183823529411765;1;4;2;2;0.0832209768442398;0.000975163234291579;0.108795518414373;7.25027856824467e-06;0.00113348009190518;0.333333333333333;4
"3-Multi";31;"E2 ME";2.14285714285714;1.14285714285714;1;4;2;2;0.138243053170779;0.0270225144629851;0.00511466488535574;0.02818164325583;0.0823718104604387;0.333333333333333;2
"3-Multi";32;"E3 LEMA";1.14285714285714;0.142857142857143;1;2;1;1;0.078936178582151;1.45386833575382e-05;0.0918716916903592;3.09714235345619e-08;4.82718955935717e-05;0.333333333333333;2
"3-Multi";33;"E4 LEMA";1.42424242424242;0.424242424242424;1;4;2;2;0.125557676444487;0.00063919927065547;0.761871889785716;1.56976279141919e-06;0.000462930495200573;0.333333333333333;4
"3-Multi";34;"E4 ME";2.47619047619048;1.47619047619048;1;6;3;3;0.128839249179828;0.0228026923488221;0.00338240910812547;0.00351538641740413;0.0530945504781306;0.333333333333333;2
"3-Multi";35;"E5 LEMA";1.14141414141414;0.141414141414141;1;4;2;2;0.0847768709059346;0.00117903167585743;0.59106143919609;1.15982434934134e-05;0.00567573935501776;0.333333333333333;4
"3-Multi";36;"E6 LEMA";1.75270562770563;0.752705627705628;1;8;4;4;0.198320623166457;0.00198379585856295;0.656047048339;9.52648797502156e-06;0.000639273174313563;0.333333333333333;4
"3-Multi";37;"F1 LEMA";1.48128342245989;0.481283422459893;1;6;3;3;0.119414391522345;0.000607886095238084;0.316772167834513;9.98884298803787e-06;0.00075362109694219;0.333333333333333;4
"3-Multi";38;"F2 LEMA";2.55882352941176;1.55882352941176;1;6;3;3;0.142496108117069;5.4673708698458e-05;0.0488585888457028;1.09362036248335e-07;7.24951286153145e-05;0.333333333333333;4
"3-Multi";39;"F3 LEMA";2.4333036244801;1.4333036244801;1;10;5;5;0.231288904807237;0.00199997252039383;0.409587871800281;1.46406037159677e-05;0.00128529813848161;0.333333333333333;4
"3-Multi";40;"F4 LEMA";1.03030303030303;0.0303030303030303;1;2;1;1;0.0728102110802472;0.000197449007407673;1;3.77097955865374e-07;0.000551134424081583;0.333333333333333;2
"3-Multi";41;"F6 LEMA";1.51769798828622;0.517697988286224;1;6;3;3;0.155791128781047;0.000281068402028693;0.276837795204209;5.48732946233344e-07;0.000170197524944638;0.333333333333333;4
"3-Multi";42;"Andrena_cinerea";7.46590909090909;3.46590909090909;4;12;6;6;0.286386626098546;0.000499605702366383;0.0546153199621403;0.0474890717092878;0.000685465730532249;0.666666666666667;4
"3-Multi";43;"Brassicogethes_sp.";1.39772727272727;0.397727272727273;1;4;2;2;0.11682103441464;0.000315822703062944;1.34527919764135e-05;0.0195694501227154;0.00047280469523152;0.333333333333333;4
"3-Multi";44;"Calliphoridae";2.66666666666667;1.66666666666667;1;4;2;2;0.184620141218255;0.00022493377287342;0.00122388753516953;7.32494856814533e-06;0.000395540905602333;0.333333333333333;2
"3-Multi";45;"Cantharidae";8.5;4.5;4;16;8;8;0.340655169321455;0.00695151997271457;0.0528823436100339;0.0501461367092601;0.0156366046844795;0.666666666666667;4
"3-Multi";46;"Dilophus_sp.";13.2151515151515;9.21515151515151;4;28;14;14;1;0.00241724638210432;0.112696935129196;0.108576697078673;0.000531622956680463;0.666666666666667;4
"3-Multi";47;"Diptera";18.2333333333333;9.23333333333333;9;22;11;11;0.679232314050893;1;0.102958211775485;0.043813609096007;1;1;2
"3-Multi";48;"Episyrphus_balteatus";2;1;1;2;1;1;0.160474578917126;0;0;0;9.23050686823887e-06;0.333333333333333;2
"3-Multi";49;"Eupeodes_corollae";10.2;6.2;4;22;11;11;0.537757182230946;0.0265920337161857;0.125797310451565;0.10908310760892;0.00748736072297968;0.666666666666667;4
"3-Multi";50;"Lassioglosum_.immunitum";1.33333333333333;0.333333333333333;1;2;1;1;0.0815607780031167;0.00326460138968098;0.00351538641740477;0.000146963152061345;0.0228092587238086;0.333333333333333;2
"3-Multi";51;"Malachius_bipustulatus";1.33333333333333;0.333333333333333;1;2;1;1;0.0854302213788682;7.82749081364405e-06;1.09362031975659e-07;0.00212286923091876;3.64025228181897e-05;0.333333333333333;2
"3-Multi";52;"Meligethes_sp.";4.225;3.225;1;10;5;5;0.229633772977267;0.000236950609527086;1.66324271072688e-06;0.091871691690362;0.000100130596678955;0.333333333333333;4
"3-Multi";53;"Melyridae";1.83333333333333;0.833333333333333;1;4;2;2;0.114656531700932;5.26583715801891e-05;2.51423095948131e-07;0.0358789963562388;8.44731205160342e-05;0.333333333333333;4
"3-Multi";54;"Mordellidae";1.125;0.125;1;2;1;1;0.0710682502330242;3.26935210000642e-05;1.31983735104241e-06;0.00518959061873105;0.000108854187353047;0.333333333333333;2
"3-Multi";55;"Musca_sp.";1.125;0.125;1;2;1;1;0.0717888899039495;8.1552051140753e-05;9.88935675296931e-06;0.00500885131836522;0.000219322533482051;0.333333333333333;2
"3-Multi";56;"Nemotelus_sp.";9.79090909090909;5.79090909090909;4;20;10;10;0.441158598045553;0.0352059275084268;0.211079297590241;0.182557211261682;0.0713035516508922;0.666666666666667;4
"3-Multi";57;"Psilothrix_viridicoerulea";11.555303030303;10.555303030303;1;38;19;19;0.707177896904326;0.0151706296614903;9.54694763363732e-05;1;0.00127094573657032;0.333333333333333;4
"Aggr";1;"A1 LEMA";2.26641414141414;1.26641414141414;1;8;4;4;0.220170100012129;1;0.264621156598135;0;0.330775883835135;0;4
"Aggr";2;"A3 CHFU";1.2;0.2;1;2;1;1;0.10216256538188;1;0.250731274957344;0;0.0195071785820534;0;2
"Aggr";3;"A3 LEMA";1.06060606060606;0.0606060606060606;1;2;1;1;0.0772927461957392;1;1;0;0.0201947185708075;0;2
"Aggr";4;"A4 CHFU";1.4;0.4;1;2;1;1;0.178547536083181;1;0.250731274957344;0;0.0195071785820534;0;2
"Aggr";5;"A4 LEMA";1.22222222222222;0.222222222222222;1;2;1;1;0.0588018741437256;1;0.151825252967731;0;0.272225394226073;0;2
"Aggr";6;"A5 LEMA";2;1;1;2;1;1;0.171850631203816;1;0;0;1.33898324007e-05;0;2
"Aggr";7;"A5 ME";2;1;1;2;1;1;0.224536457893808;1;0.115221877878772;0;0.0672291190475784;0;2
"Aggr";8;"B1 CHFU";1.2;0.2;1;2;1;1;0.102162565381877;1;0.250731274957344;0;0.0195071785820534;0;2
"Aggr";9;"B1 LEMA";1.39393939393939;0.393939393939394;1;4;2;2;0.111778359992343;1;0.685730904852367;0;0.0359070153446817;0;4
"Aggr";10;"B1 ME";1.71428571428571;0.714285714285714;1;2;1;1;0.116690403209672;1;0.0280293260720846;0;0.647115093665609;0;2
"Aggr";11;"B2 LEMA";1.14285714285714;0.142857142857143;1;2;1;1;0.0595768518141819;1;0.0943058605641145;0;0.00469167468837693;0;2
"Aggr";12;"B3 LEMA";1.03030303030303;0.0303030303030303;1;2;1;1;0.0515351704381578;1;1;0;0.0201947185708075;0;2
"Aggr";13;"B4 LEMA";1.53030303030303;0.53030303030303;1;4;2;2;0.0990438461860403;1;0.51890253538273;0;0.0123725234138248;0;4
"Aggr";14;"B5 ME";1.83333333333333;0.833333333333333;1;4;2;2;0.147671015453154;1;0.0204136932445655;0;0.0272638371855629;0;2
"Aggr";15;"B6 LEMA";1.03030303030303;0.0303030303030303;1;2;1;1;0.0515351704381603;1;1;0;0.0201947185708075;0;2
"Aggr";16;"C1 LEMA";1.57598039215686;0.575980392156863;1;6;3;3;0.130040402085481;1;0.168469285587641;0;0.0433937712760288;0;4
"Aggr";17;"C1 ME";1.33333333333333;0.333333333333333;1;2;1;1;0.0602632084771779;1;0.057192714557101;0;0.06733160889243;0;2
"Aggr";18;"C3 LEMA";1.17171717171717;0.171717171717172;1;4;2;2;0.0938048859273187;1;0.717275084322577;0;0.104204943789229;0;4
"Aggr";19;"C5 LEMA";1.15530303030303;0.15530303030303;1;4;2;2;0.0763800283398123;1;0.557610938939386;0;0.043711918809193;0;4
"Aggr";20;"C6 LEMA";1.17316017316017;0.173160173160173;1;4;2;2;0.0853344275717664;1;0.547152930282057;0;0.0124431966295922;0;4
"Aggr";21;"D1 CHFU";2;1;1;2;1;1;0.153055526621315;1;0.0280293260720848;0;0.647115093665609;0;2
"Aggr";22;"D1 LEMA";2.61207664884135;1.61207664884135;1;10;5;5;0.238291406325451;1;0.361802222083927;0;0.0239789996592076;0;4
"Aggr";23;"D2 ME";2;1;1;2;1;1;0.108066091122768;1;0.0463892667387142;0;0.0207444394820646;0;2
"Aggr";24;"D3 ME";1.5;0.5;1;2;1;1;0.113185401656545;1;0.00202418258829739;0;0.00722995133212938;0;2
"Aggr";25;"D4 LEMA";1.25252525252525;0.252525252525252;1;4;2;2;0.0845594499013066;1;0.434550168645154;0;0.188215169007651;0;4
"Aggr";26;"D5 LEMA";1.125;0.125;1;2;1;1;0.0506224525822288;1;0.115221877878772;0;0.0672291190475784;0;2
"Aggr";27;"D6 LEMA";1.23611111111111;0.236111111111111;1;4;2;2;0.0671345923138065;1;0.133523565423252;0;0.169727256636826;0;4
"Aggr";28;"E1 CHFU";1.2;0.2;1;2;1;1;0.102162565381877;1;0.250731274957344;0;0.0195071785820534;0;2
"Aggr";29;"E1 LEMA";2.35472370766488;1.35472370766488;1;6;3;3;0.232535393682847;1;0.407531526502386;0;0.0181939846523208;0;4
"Aggr";30;"E2 LEMA";1.18382352941176;0.183823529411765;1;4;2;2;0.0730886204355522;1;0.182976576418058;0;0.0433681488148159;0;4
"Aggr";31;"E2 ME";2.14285714285714;1.14285714285714;1;4;2;2;0.192569413970571;1;0.0899272895199077;0;0.459670243945841;0;4
"Aggr";32;"E3 LEMA";1.14285714285714;0.142857142857143;1;2;1;1;0.0595768518141798;1;0.0943058605641144;0;0.00469167468837693;0;2
"Aggr";33;"E4 LEMA";1.42424242424242;0.424242424242424;1;4;2;2;0.130479820767389;1;0.761597316684678;0;0.0203321487986218;0;4
"Aggr";34;"E4 ME";2.47619047619048;1.47619047619048;1;6;3;3;0.132193272002006;1;0.0288219955136603;0;0.276786437436626;0;4
"Aggr";35;"E5 LEMA";1.14141414141414;0.141414141414141;1;4;2;2;0.0680473101697319;1;0.575912626483865;0;0.14621005639844;0;4
"Aggr";36;"E6 LEMA";1.75270562770563;0.752705627705628;1;8;4;4;0.240639087317814;1;0.6569896256477;0;0.0242048532590072;0;4
"Aggr";37;"F1 LEMA";1.48128342245989;0.481283422459893;1;6;3;3;0.13095311994141;1;0.389663816117947;0;0.0316351711568361;0;4
"Aggr";38;"F2 LEMA";2.55882352941176;1.55882352941176;1;6;3;3;0.154990200342881;1;0.0975826582014811;0;0.0093231212424437;0;4
"Aggr";39;"F3 LEMA";2.4333036244801;1.4333036244801;1;10;5;5;0.293652823630617;1;0.433010558698873;0;0.0417901529840438;0;4
"Aggr";40;"F4 LEMA";1.03030303030303;0.0303030303030303;1;2;1;1;0.0515351704381586;1;1;0;0.0201947185708075;0;2
"Aggr";41;"F6 LEMA";1.51769798828622;0.517697988286224;1;6;3;3;0.175399109692302;1;0.306729771329938;0;0.0107553842435983;0;4
"Aggr";42;"Andrena_cinerea";3.46590909090909;1.46590909090909;2;8;4;4;0.19361999162879;1;0;0.0463892667387139;0.0320497327157243;0;4
"Aggr";43;"Brassicogethes_sp.";1.39772727272727;0.397727272727273;1;4;2;2;0.119170120262601;1;0;0.0211463586888239;0.0241661209335528;0;4
"Aggr";44;"Calliphoridae";2.66666666666667;1.66666666666667;1;4;2;2;0.205665428178742;1;0;0.00202418258829719;0.0111653692329058;0;2
"Aggr";45;"Cantharidae";4.5;2.5;2;12;6;6;0.243427862093702;1;0;0.0571927145571009;0.104042350475826;0;4
"Aggr";46;"Dilophus_sp.";9.21515151515151;7.21515151515151;2;24;12;12;0.898646714133225;1;0;0.250731274957345;0.0301377545429485;0;4
"Aggr";47;"Diptera";6.23333333333333;3.23333333333333;3;10;5;5;0.449216230379082;1;0;0.0280293260720845;1;0;4
"Aggr";48;"Episyrphus_balteatus";2;1;1;2;1;1;0.171850631203817;1;0;0;1.33898324007e-05;0;2
"Aggr";49;"Eupeodes_corollae";6.2;4.2;2;18;9;9;0.467667913442912;1;0;0.115221877878772;0.103883969695923;0;4
"Aggr";50;"Lassioglosum_.immunitum";1.33333333333333;0.333333333333333;1;2;1;1;0.0632323550811867;1;0;0.00124394591179473;0.179116098667459;0;2
"Aggr";51;"Malachius_bipustulatus";1.33333333333333;0.333333333333333;1;2;1;1;0.0696914847777689;1;0;0.00421162888163879;0.00603781355609303;0;2
"Aggr";52;"Meligethes_sp.";4.225;3.225;1;10;5;5;0.278346823453261;1;0;0.0943058605641142;0.00724289052265372;0;4
"Aggr";53;"Melyridae";1.83333333333333;0.833333333333333;1;4;2;2;0.111785119406744;1;0;0.0378050707654597;0.00702446343755627;0;4
"Aggr";54;"Mordellidae";1.125;0.125;1;2;1;1;0.0504844802593306;1;0;0.0065958372323644;0.0117782412464608;0;2
"Aggr";55;"Musca_sp.";1.125;0.125;1;2;1;1;0.0510960566026311;1;0;0.00585571523178678;0.0155217844395339;0;2
"Aggr";56;"Nemotelus_sp.";5.79090909090909;3.79090909090909;2;16;8;8;0.349668841374562;1;0;0.151825252967731;0.420671159558685;0;4
"Aggr";57;"Psilothrix_viridicoerulea";11.555303030303;10.555303030303;1;38;19;19;1;1;0;1;0.0312002317063314;0;4
