"Layer";"Node";"Label";"Strength";"StrengthIn";"StrengthOut";"Degree";"DegreeIn";"DegreeOut";"PageRank";"Eigenvector";"Hub";"Authority";"Katz";"Multiplexity";"Kcore"
"1-Multi";1;"1 A1 LEMA";1.04951690821256;0.0495169082125604;1;4;2;2;0.0234793144146071;0.00233260081687309;0.75543368038216;4.78519349637132e-06;0.0302894016492907;0.333333333333333;4
"1-Multi";2;"1 A2 CHFU";1.35;0.35;1;4;2;2;0.033919761493004;0.0391976722500632;0.00133756158782219;0.000241160264990128;0.128954404474134;0.333333333333333;2
"1-Multi";3;"1 A2 LEMA";1.18840579710145;0.188405797101449;1;4;2;2;0.0256634103399812;0.000530847400454777;0.744200576292273;1.51578981800792e-08;0.0072306076416926;0.333333333333333;4
"1-Multi";4;"1 A3 CHFU";1.33333333333333;0.333333333333333;1;2;1;1;0.0247306359998901;0.000689867719545735;4.0751817410774e-06;3.78052624640533e-06;0.00156338311903757;0.333333333333333;2
"1-Multi";5;"1 A3 LEMA";1.34057971014493;0.340579710144927;1;4;2;2;0.0233617222266098;0.000180917564867739;0.497966393374856;1.75355246773086e-08;0.00537541316039623;0.333333333333333;4
"1-Multi";6;"1 A4 LEMA";1.08592132505176;0.0859213250517598;1;4;2;2;0.0220534156464354;0.000370738319889876;0.665900864127173;1.35611089138993e-08;0.00703781788871958;0.333333333333333;4
"1-Multi";7;"1 A5 LEMA";1.02777777777778;0.0277777777777778;1;2;1;1;0.0177162754630372;0.00190412469774474;0.0694356035627395;4.78015789542314e-06;0.094681830788518;0.333333333333333;2
"1-Multi";8;"1 A6 LEMA";1.50724637681159;0.507246376811594;1;6;3;3;0.0273877924990231;0.000283288845978018;0.340145324650968;2.7657821907601e-08;0.00439916035963936;0.333333333333333;4
"1-Multi";9;"1 B1 CHFU";1.5;0.5;1;2;1;1;0.0296476257264301;0.071738989812538;0.00081523702507559;0.000360396137743115;0.129218015632945;0.333333333333333;2
"1-Multi";10;"1 B1 LEMA";2.07692307692308;1.07692307692308;1;4;2;2;0.0299062668311038;0.011446016224005;0.0116914491844667;3.75635278071381e-06;0.0670088344644073;0.333333333333333;2
"1-Multi";11;"1 B2 CHFU";2.66666666666667;1.66666666666667;1;4;2;2;0.0476539216112456;0.0125793896788902;0.000197394672723208;0.000564488333464016;0.00945102301250148;0.333333333333333;2
"1-Multi";12;"1 B2 LEMA";1.29227053140097;0.292270531400966;1;6;3;3;0.0257611517600994;0.00178059924374596;0.502589471071709;3.93738587521768e-06;0.0120808091714037;0.333333333333333;6
"1-Multi";13;"1 B2 ME";2;1;1;2;1;1;0.040065638459402;0.00106432119764581;1.14962529606829e-05;1.24271710964336e-07;0.00080892938710124;0.333333333333333;2
"1-Multi";14;"1 B5 LEMA";1.00724637681159;0.0072463768115942;1;2;1;1;0.0177953141000157;0.000142825373043331;0.984099705988633;1.6785336539167e-09;0.00882525860288159;0.333333333333333;2
"1-Multi";15;"1 C1 LEMA";1.50724637681159;0.507246376811594;1;4;2;2;0.0237898479010653;0.0004060815384621;0.496295801799956;1.39511764770212e-07;0.00798169142040613;0.333333333333333;4
"1-Multi";16;"1 C2 LEMA";1.02777777777778;0.0277777777777778;1;2;1;1;0.0177162754630037;0.00190412469779785;0.0694356035627396;4.78015789542002e-06;0.094681830788518;0.333333333333333;2
"1-Multi";17;"1 C3 LEMA";1.17391304347826;0.173913043478261;1;4;2;2;0.0218213843724233;0.000245196654589162;0.504301446595912;1.18008308773716e-08;0.00563595668050362;0.333333333333333;4
"1-Multi";18;"1 C4 CHFU";1.1;0.1;1;2;1;1;0.0214451805116317;0.00682831478359949;0.00352976670630764;0.00021317702876278;0.10090324835377;0.333333333333333;2
"1-Multi";19;"1 C4 LEMA";1.47619047619048;0.476190476190476;1;4;2;2;0.0314998708500919;0.00022484512562577;0.0187463486555877;2.8336134759998e-08;0.00241698866276403;0.333333333333333;4
"1-Multi";20;"1 C5 CHFU";1.2;0.2;1;2;1;1;0.0270160599072938;0.0136566295669465;0.00352976670630762;0.000426354057525564;0.10090324835377;0.333333333333333;2
"1-Multi";21;"1 C5 LEMA";1.35470085470085;0.354700854700855;1;6;3;3;0.030614193941735;0.0426867254226934;0.0320661882131093;1.13968915258245e-05;0.11828341147166;0.333333333333333;4
"1-Multi";22;"1 D1 LEMA";1.33333333333333;0.333333333333333;1;2;1;1;0.0268256937247291;5.46699782585198e-05;0.00798951690692212;7.92805153347759e-09;0.00137104086513249;0.333333333333333;2
"1-Multi";23;"1 D2 LEMA";1.00724637681159;0.0072463768115942;1;2;1;1;0.0177953140999294;0.0001428253732014;0.984099705988633;1.67853364900487e-09;0.00882525860288159;0.333333333333333;2
"1-Multi";24;"1 D2 ME";2;1;1;2;1;1;0.0303647018710045;0.000270766031199255;2.79425947438755e-07;0.000258958425022053;0.00367577369679394;0.333333333333333;2
"1-Multi";25;"1 D3 LEMA";2.27729468599034;1.27729468599034;1;8;4;4;0.0385420338775462;0.0044393549018265;0.442491925088381;9.89897372155213e-06;0.0323008182248204;0.333333333333333;6
"1-Multi";26;"1 D4 LEMA";1.2;0.2;1;2;1;1;0.0217115421866319;8.94352516300453e-05;0.00443139286550072;4.52089879020739e-08;0.00449425586171777;0.333333333333333;2
"1-Multi";27;"1 D5 LEMA";1.73502415458937;0.735024154589372;1;10;5;5;0.0350670079166267;0.00227684879537097;0.218860594076229;4.85302470522323e-06;0.0224747135458308;0.333333333333333;6
"1-Multi";28;"1 E1 LEMA";1.02898550724638;0.0289855072463768;1;2;1;1;0.0235583530513954;0.000571301492191816;0.984099705988633;6.71413460389291e-09;0.00882525860288159;0.333333333333333;2
"1-Multi";29;"1 E2 CHFU";1.125;0.125;1;2;1;1;0.0221115916068289;0.0161846787332986;0.000241459028579468;1.39916181136759e-05;0.142979982534316;0.333333333333333;2
"1-Multi";30;"1 E2 LEMA";1.26449275362319;0.264492753623188;1;6;3;3;0.0255958102384562;0.00497492987685204;0.414589117150553;1.26313279840904e-05;0.0337568954875466;0.333333333333333;6
"1-Multi";31;"1 E3 LEMA";1.26532887402453;0.265328874024526;1;6;3;3;0.0282170793651072;0.01095539163604;0.600002976874065;3.66206678204906e-06;0.0301946646842289;0.333333333333333;6
"1-Multi";32;"1 E3 ME";2;1;1;2;1;1;0.031558673810221;0.0122049362010268;0.000600319325528195;0.000556203745740806;0.0274896639952383;0.333333333333333;2
"1-Multi";33;"1 E4 LEMA";1.02898550724638;0.0289855072463768;1;2;1;1;0.0235583530514261;0.000571301492199057;0.984099705988633;6.71413460268942e-09;0.00882525860288159;0.333333333333333;2
"1-Multi";34;"1 E5 CHFU";1.125;0.125;1;2;1;1;0.02211159160681;0.0161846787334674;0.000241459028579496;1.39916181136721e-05;0.142979982534316;0.333333333333333;2
"1-Multi";35;"1 E5 LEMA";1.04227053140097;0.0422705314009662;1;4;2;2;0.0215583014305792;0.00218977544358561;0.679211671846669;4.7835149627276e-06;0.0374441159980937;0.333333333333333;4
"1-Multi";36;"1 E6 LEMA";1.02173913043478;0.0217391304347826;1;2;1;1;0.0216373400675228;0.00042847611889998;0.984099705988633;5.03560095884891e-09;0.00882525860288159;0.333333333333333;2
"1-Multi";37;"1 F1 LEMA";1.375;0.375;1;6;3;3;0.0252113127858551;0.00477332507493285;0.0309311137254422;1.264304722503e-05;0.0387130045074548;0.333333333333333;6
"1-Multi";38;"1 F2 LEMA";1.02777777777778;0.0277777777777778;1;2;1;1;0.0177162754629799;0.00190412469779235;0.0694356035627396;4.78015789542109e-06;0.094681830788518;0.333333333333333;2
"1-Multi";39;"1 F3 LEMA";1.17451690821256;0.17451690821256;1;6;3;3;0.0269368429294591;0.00241664676105976;0.608142600530982;4.80026980460827e-06;0.0249751328790024;0.333333333333333;6
"1-Multi";40;"1 F4 CHFU";1.125;0.125;1;2;1;1;0.0221115916067005;0.0161846787333218;0.000241459028579444;1.39916181136756e-05;0.142979982534316;0.333333333333333;2
"1-Multi";41;"1 F4 LEMA";1.2;0.2;1;2;1;1;0.0217115421867021;8.94352515897968e-05;0.0044313928655008;4.52089879026781e-08;0.00449425586171777;0.333333333333333;2
"1-Multi";42;"1 F5 LEMA";1.01449275362319;0.0144927536231884;1;2;1;1;0.0197163270836507;0.000285650745899862;0.984099705988633;3.35706730688031e-09;0.00882525860288159;0.333333333333333;2
"1-Multi";43;"1 F6 LEMA";1.18803418803419;0.188034188034188;1;4;2;2;0.0204467245450921;0.0118171214522234;0.0204339321538064;7.57081539455435e-06;0.0751384787880501;0.333333333333333;4
"1-Multi";44;"2 A1 LEMA";1.69528056484578;0.695280564845782;1;8;4;4;0.0438921450066161;0.0719047692636877;0.207780698413709;9.60058863046509e-06;0.0840993291846447;0.333333333333333;4
"1-Multi";45;"2 A3 CHFU";1.1;0.1;1;2;1;1;0.0214451805115678;0.00682831478330472;0.00352976670630754;0.000213177028762787;0.10090324835377;0.333333333333333;2
"1-Multi";46;"2 A3 LEMA";1.01449275362319;0.0144927536231884;1;2;1;1;0.0197163270837038;0.000285650745919685;0.984099705988633;3.35706730625855e-09;0.00882525860288159;0.333333333333333;2
"1-Multi";47;"2 A4 CHFU";1.2;0.2;1;2;1;1;0.0270160599071457;0.0136566295666879;0.00352976670630756;0.000426354057525569;0.10090324835377;0.333333333333333;2
"1-Multi";48;"2 A4 LEMA";1.22222222222222;0.222222222222222;1;2;1;1;0.0215836270646404;0.0012425733518505;0.0244904431279658;2.47034397689941e-08;0.0133854729217934;0.333333333333333;2
"1-Multi";49;"2 A5 LEMA";2;1;1;2;1;1;0.0458590921129755;0;0;0;8.43936670011885e-06;0.333333333333333;2
"1-Multi";50;"2 A5 ME";2;1;1;2;1;1;0.042198548785148;0.143477979625289;0.000778678680071044;0.000732722617665533;0.129218015632945;0.333333333333333;2
"1-Multi";51;"2 B1 CHFU";1.1;0.1;1;2;1;1;0.0214451805116063;0.00682831478325207;0.00352976670630753;0.000213177028762789;0.10090324835377;0.333333333333333;2
"1-Multi";52;"2 B1 LEMA";1.34782608695652;0.347826086956522;1;4;2;2;0.0248461463200804;0.000762640052838059;0.659079806889939;8.53494209169617e-08;0.0100243209817841;0.333333333333333;4
"1-Multi";53;"2 B1 ME";1.3125;0.3125;1;2;1;1;0.0366299273357769;0.0415548679667412;0.000150348891815224;5.57765014831543e-05;0.141393671069181;0.333333333333333;2
"1-Multi";54;"2 B2 LEMA";1.07692307692308;0.0769230769230769;1;2;1;1;0.0197563965859066;6.21354343901141e-05;0.0410008172438115;4.47824153889027e-09;0.00207921438980649;0.333333333333333;2
"1-Multi";55;"2 B3 LEMA";1.00724637681159;0.0072463768115942;1;2;1;1;0.0177953140998308;0.0001428253728095;0.984099705988633;1.67853365889498e-09;0.00882525860288159;0.333333333333333;2
"1-Multi";56;"2 B4 LEMA";1.17391304347826;0.173913043478261;1;4;2;2;0.0232710104041611;0.000170160361933216;0.496044611447777;5.64255942318281e-09;0.00509814973400704;0.333333333333333;4
"1-Multi";57;"2 B5 ME";1.83333333333333;0.833333333333333;1;4;2;2;0.0401975937215714;0.000448780509429609;2.55874096702192e-07;9.08034463940328e-05;0.00327474105789134;0.333333333333333;2
"1-Multi";58;"2 B6 LEMA";1.00724637681159;0.0072463768115942;1;2;1;1;0.0177953140998415;0.000142825373129002;0.984099705988633;1.67853365244685e-09;0.00882525860288159;0.333333333333333;2
"1-Multi";59;"2 C1 LEMA";1.46581196581197;0.465811965811966;1;6;3;3;0.0272417380713559;0.0147097829379598;0.0427809487548155;1.32892170283183e-05;0.0809592500427498;0.333333333333333;4
"1-Multi";60;"2 C1 ME";1.33333333333333;0.333333333333333;1;2;1;1;0.0225183717969831;0.000419464011308386;7.57383899619423e-07;9.01371883586785e-05;0.00916724692836541;0.333333333333333;2
"1-Multi";61;"2 C3 LEMA";1.1256038647343;0.1256038647343;1;4;2;2;0.022570990058022;0.000906937422163253;0.664229951701744;1.57087871820209e-08;0.0103453300425189;0.333333333333333;4
"1-Multi";62;"2 C5 LEMA";1.08416945373467;0.0841694537346711;1;4;2;2;0.0203489831250601;0.0105673696088032;0.503656142594933;3.64858741751878e-06;0.0654380757286278;0.333333333333333;4
"1-Multi";63;"2 C6 LEMA";1.08416945373467;0.0841694537346711;1;4;2;2;0.0216774095697056;0.00020496080748011;0.512550261616222;6.15677518829757e-09;0.00545223649634404;0.333333333333333;4
"1-Multi";64;"2 D1 CHFU";1.375;0.375;1;2;1;1;0.034586172588028;0.0485540361998634;0.000241459028579496;4.19748543410198e-05;0.142979982534316;0.333333333333333;2
"1-Multi";65;"2 D1 LEMA";1.9247491638796;0.924749163879599;1;10;5;5;0.0370748171573761;0.0168475941976005;0.276526165970378;1.82155559156751e-05;0.0545586596723868;0.333333333333333;6
"1-Multi";66;"2 D2 ME";2;1;1;2;1;1;0.0441577714855355;0.000612603972907267;1.44804832743601e-07;0.000899692563471178;0.00178578617228434;0.333333333333333;2
"1-Multi";67;"2 D3 ME";1.5;0.5;1;2;1;1;0.0335535230408104;2.93164983397099e-05;5.11919526763213e-09;6.66258035355149e-07;0.000328488122654304;0.333333333333333;2
"1-Multi";68;"2 D4 LEMA";1.22946859903382;0.229468599033816;1;4;2;2;0.0235046400485626;0.00138539872476701;0.344360197414855;2.63819734219313e-08;0.0118654014821561;0.333333333333333;4
"1-Multi";69;"2 D5 LEMA";1.07692307692308;0.0769230769230769;1;2;1;1;0.0184279701410771;0.0104245442355936;0.0232125792012327;3.64690888387139e-06;0.122050892854374;0.333333333333333;2
"1-Multi";70;"2 D6 LEMA";1.18803418803419;0.188034188034188;1;4;2;2;0.0212826331155012;0.0110458309115534;0.0238515111645993;3.65926060375459e-06;0.0677181828880837;0.333333333333333;4
"1-Multi";71;"2 E1 CHFU";1.1;0.1;1;2;1;1;0.0214451805116299;0.00682831478337377;0.00352976670630759;0.000213177028762786;0.10090324835377;0.333333333333333;2
"1-Multi";72;"2 E1 LEMA";1.35338164251208;0.353381642512077;1;6;3;3;0.0347634398888243;0.00989570948607055;0.289976102832058;2.3949355532301e-05;0.0619442408762589;0.333333333333333;6
"1-Multi";73;"2 E2 LEMA";1.10470085470085;0.104700854700855;1;4;2;2;0.0202699444881204;0.0123286689332166;0.0463240913819861;8.42706677929265e-06;0.108366361821446;0.333333333333333;4
"1-Multi";74;"2 E2 ME";2.0625;1.0625;1;4;2;2;0.0381776855970679;0.011719121159247;7.5781128848607e-05;0.000758320387827329;0.0807308386727745;0.333333333333333;2
"1-Multi";75;"2 E3 LEMA";1.07692307692308;0.0769230769230769;1;2;1;1;0.0197563965858692;6.2135434499487e-05;0.0410008172438115;4.47824153729961e-09;0.00207921438980649;0.333333333333333;2
"1-Multi";76;"2 E4 LEMA";1.09316770186335;0.093167701863354;1;4;2;2;0.0239744286302918;0.000513563692984027;0.745450574592538;1.52396425639722e-08;0.00748467806726008;0.333333333333333;4
"1-Multi";77;"2 E4 ME";2.39583333333333;1.39583333333333;1;6;3;3;0.0376972668996083;0.0092827130982802;5.05323468320976e-05;0.000104332280718028;0.0533641213498086;0.333333333333333;2
"1-Multi";78;"2 E5 LEMA";1.11835748792271;0.118357487922705;1;4;2;2;0.0206499770743607;0.000764112048954206;0.504295074558299;1.40302535367417e-08;0.0111053657623375;0.333333333333333;4
"1-Multi";79;"2 E6 LEMA";1.2615066093327;0.261506609332696;1;8;4;4;0.034252219092838;0.0112858941089873;0.626776888349058;3.66998383526826e-06;0.021464917089873;0.333333333333333;6
"1-Multi";80;"2 F1 LEMA";1.39613526570048;0.396135265700483;1;6;3;3;0.0266090820300862;0.00442806407519479;0.283002730451666;9.64398667810575e-06;0.0526528414798767;0.333333333333333;4
"1-Multi";81;"2 F2 LEMA";1.69444444444444;0.694444444444444;1;6;3;3;0.0291897519030202;0.00200018060125968;0.0264978454445203;4.81977282675285e-06;0.0331828841043001;0.333333333333333;4
"1-Multi";82;"2 F3 LEMA";2.01708074534162;1.01708074534161;1;10;5;5;0.0422871459025061;0.0055712320091028;0.376478139951574;9.85053482832608e-06;0.0234787143197425;0.333333333333333;6
"1-Multi";83;"2 F4 LEMA";1.00724637681159;0.0072463768115942;1;2;1;1;0.0177953140998906;0.000142825372865021;0.984099705988633;1.67853365683981e-09;0.00882525860288159;0.333333333333333;2
"1-Multi";84;"2 F6 LEMA";1.2657933853586;0.265793385358603;1;6;3;3;0.0312835748561934;0.00223335637396403;0.235307552256561;4.79527115367807e-06;0.0219489465121638;0.333333333333333;6
"1-Multi";85;"3 A1 LEMA";1.02777777777778;0.0277777777777778;1;2;1;1;0.0177162754628324;0.00190412469764186;0.0694356035627395;4.78015789542451e-06;0.094681830788518;0.333333333333333;2
"1-Multi";86;"3 A5 LEMA";1.00724637681159;0.0072463768115942;1;2;1;1;0.0177953140998906;0.000142825373197735;0.984099705988633;1.67853365068736e-09;0.00882525860288159;0.333333333333333;2
"1-Multi";87;"3 A6 CHFU";1.5;0.5;1;2;1;1;0.0313256103568379;0.000172887018420551;1.30061638729116e-07;0.000284157810773324;0.0019169838618203;0.333333333333333;2
"1-Multi";88;"3 B1 LEMA";1.20252694165738;0.202526941657376;1;6;3;3;0.0242887505126137;0.0121027721980513;0.50226681907122;7.57417246185904e-06;0.0419818686954658;0.333333333333333;6
"1-Multi";89;"3 B2 LEMA";1.01449275362319;0.0144927536231884;1;2;1;1;0.0197163270837308;0.000285650746195325;0.984099705988633;3.35706730202959e-09;0.00882525860288159;0.333333333333333;2
"1-Multi";90;"3 B3 LEMA";1.13949275362319;0.139492753623188;1;4;2;2;0.0231738555988406;0.000369696690472174;0.662392564367845;1.8433375537042e-08;0.00712285833453743;0.333333333333333;4
"1-Multi";91;"3 B5 LEMA";1.01449275362319;0.0144927536231884;1;2;1;1;0.0197163270837819;0.000285650746149447;0.984099705988633;3.35706730300075e-09;0.00882525860288159;0.333333333333333;2
"1-Multi";92;"3 B6 LEMA";1.01449275362319;0.0144927536231884;1;2;1;1;0.0197163270838034;0.000285650746058369;0.984099705988633;3.35706730448459e-09;0.00882525860288159;0.333333333333333;2
"1-Multi";93;"3 C1 LEMA";1.01449275362319;0.0144927536231884;1;2;1;1;0.0197163270837294;0.000285650745890409;0.984099705988633;3.35706730754394e-09;0.00882525860288159;0.333333333333333;2
"1-Multi";94;"3 C3 CHFU";1.5;0.5;1;2;1;1;0.0296476257262814;0.071738989812614;0.000815237025075606;0.000360396137743113;0.129218015632945;0.333333333333333;2
"1-Multi";95;"3 C3 LEMA";1.07142857142857;0.0714285714285714;1;2;1;1;0.0182113896786781;8.50875737021943e-05;0.0295031804042533;1.02040416167576e-08;0.00346293646039557;0.333333333333333;2
"1-Multi";96;"3 C3 ME";2.625;1.625;1;6;3;3;0.147305610738174;0.0848671936077677;0.000644424244830281;0.0174953053674996;0.099237928506211;0.333333333333333;2
"1-Multi";97;"3 C4 LEMA";1.125;0.125;1;2;1;1;0.0193318296312023;8.4045944444119e-05;0.0189782811262694;1.50763082361974e-08;0.00371805779784912;0.333333333333333;2
"1-Multi";98;"3 C5 LEMA";1.00724637681159;0.0072463768115942;1;2;1;1;0.0177953140999512;0.000142825373164622;0.984099705988633;1.67853365098055e-09;0.00882525860288159;0.333333333333333;2
"1-Multi";99;"3 C6 LEMA";1.10590858416945;0.105908584169454;1;4;2;2;0.0274404485211584;0.000633436926384337;0.795479928239669;1.11923761435214e-08;0.00747604976026657;0.333333333333333;4
"1-Multi";100;"3 D1 LEMA";1.02173913043478;0.0217391304347826;1;2;1;1;0.021637340067604;0.000428476119256218;0.984099705988633;5.03560095206842e-09;0.00882525860288159;0.333333333333333;2
"1-Multi";101;"3 D2 CHFU";2;1;1;2;1;1;0.0458590921130506;4.54412777628986e-12;0;0;8.43936670011885e-06;0.333333333333333;2
"1-Multi";102;"3 D2 LEMA";1.5594375431332;0.559437543133195;1;8;4;4;0.0404642600898099;0.00474620932718735;0.29615131893081;9.63144790809508e-06;0.0215338343168643;0.333333333333333;6
"1-Multi";103;"3 D3 CHFU";1.33333333333333;0.333333333333333;1;2;1;1;0.0261751739433639;0.000115258012449894;1.30061638811984e-07;0.000189438540515544;0.0019169838618203;0.333333333333333;2
"1-Multi";104;"3 D3 LEMA";1.18176328502415;0.181763285024155;1;6;3;3;0.0288578559135498;0.00255947213440304;0.670802118107257;4.80194833825524e-06;0.0222834871663156;0.333333333333333;6
"1-Multi";105;"3 D4 ME";1.5;0.5;1;2;1;1;0.0946999755696315;0.00665041236325668;5.0695966917504e-06;0.014803023975893;0.0138220421826989;0.333333333333333;2
"1-Multi";106;"3 D5 LEMA";1.04227053140097;0.0422705314009662;1;4;2;2;0.0215583014305609;0.00218977544362298;0.679211671846668;4.78351496272646e-06;0.0374441159980937;0.333333333333333;4
"1-Multi";107;"3 D6 LEMA";2.77898550724638;1.77898550724638;1;8;4;4;0.0439855924741333;0.000826555277638063;0.497279359209545;7.4693914709636e-08;0.00591187814280631;0.333333333333333;4
"1-Multi";108;"3 E1 LEMA";1.12040133779264;0.120401337792642;1;4;2;2;0.0312824744889191;0.000919087672715606;0.849371293310801;1.45494434375668e-08;0.00786153800101372;0.333333333333333;4
"1-Multi";109;"3 E2 CHFU";1.1;0.1;1;2;1;1;0.021445180511593;0.00682831478335832;0.00352976670630758;0.000213177028762786;0.10090324835377;0.333333333333333;2
"1-Multi";110;"3 E2 LEMA";1.03623188405797;0.036231884057971;1;2;1;1;0.0254793660352054;0.000714126865080032;0.984099705988633;8.39266825591569e-09;0.00882525860288159;0.333333333333333;2
"1-Multi";111;"3 E3 LEMA";1.18803418803419;0.188034188034188;1;4;2;2;0.0217751509897315;0.0014547126510966;0.0293280511750958;3.92838475222235e-06;0.0151526395557663;0.333333333333333;4
"1-Multi";112;"3 E3 ME";1.0625;0.0625;1;2;1;1;0.0200254263599249;0.00831097359339055;0.000150348891815163;1.11553002966331e-05;0.141393671069181;0.333333333333333;2
"1-Multi";113;"3 E4 LEMA";1.27777777777778;0.277777777777778;1;4;2;2;0.0280605249165297;0.0322621811870713;0.0364929927190475;7.74998264195646e-06;0.116399670780303;0.333333333333333;4
"1-Multi";114;"3 E4 ME";1.25;0.25;1;2;1;1;0.0324788020917234;0.0332438943734145;0.000150348891815215;4.46212011865238e-05;0.141393671069181;0.333333333333333;2
"1-Multi";115;"3 E5 LEMA";1.01449275362319;0.0144927536231884;1;2;1;1;0.0197163270838292;0.000285650746250717;0.984099705988633;3.35706730131014e-09;0.00882525860288159;0.333333333333333;2
"1-Multi";116;"3 F1 LEMA";1.21701969528056;0.217019695280565;1;6;3;3;0.0294592029251876;0.00202601414328332;0.665842487717454;3.93509888682157e-06;0.0109343855871765;0.333333333333333;6
"1-Multi";117;"3 F2 CHFU";1.16666666666667;0.166666666666667;1;2;1;1;0.0210247375296571;5.76290063320082e-05;1.300616388565e-07;9.47192702577723e-05;0.0019169838618203;0.333333333333333;2
"1-Multi";118;"3 F2 LEMA";1.10041407867495;0.100414078674948;1;4;2;2;0.0258954416140256;0.000656389065758166;0.793180400871757;1.69181762188908e-08;0.00775279417438438;0.333333333333333;4
"1-Multi";119;"3 F3 LEMA";1.08416945373467;0.0841694537346711;1;4;2;2;0.0216774095697782;0.000204960807646248;0.512550261616222;6.1567751847068e-09;0.00545223649634404;0.333333333333333;4
"1-Multi";120;"3 F4 LEMA";1.09866220735786;0.0986622073578595;1;4;2;2;0.0255194355375475;0.000490611553711468;0.748324983802428;9.51384248620791e-09;0.00713874754961281;0.333333333333333;4
"1-Multi";121;"3 F4 ME";1.125;0.125;1;2;1;1;0.024176551604118;0.0166219471868604;0.000150348891815247;2.23106005932612e-05;0.141393671069181;0.333333333333333;2
"1-Multi";122;"3 F5 LEMA";1.11369910282954;0.113699102829538;1;6;3;3;0.0238953899933984;0.0022748630174653;0.516784548986064;4.79371900433665e-06;0.0289488211136692;0.333333333333333;6
"1-Multi";123;"3 F6 LEMA";1.00724637681159;0.0072463768115942;1;2;1;1;0.0177953140998585;0.000142825372825521;0.984099705988633;1.67853365964858e-09;0.00882525860288159;0.333333333333333;2
"1-Multi";124;"Andrena_cinerea";10.2037878787879;6.20378787878788;4;24;12;12;0.148827222524631;0.00426967242776959;0.0303933973647618;0.029979861840969;0.0123940118794225;0.666666666666667;6
"1-Multi";125;"Anthaxia_semicuprea";2.03333333333333;1.03333333333333;1;6;3;3;0.0302290137406554;0.000270493086538318;1.60678659229933e-06;0.0120242082496152;0.00454633478538652;0.333333333333333;4
"1-Multi";126;"Brassicogethes_sp.";1.39772727272727;0.397727272727273;1;4;2;2;0.0260386989724142;0.00153163092995292;1.17519726666449e-05;0.00406321398313394;0.0132065378451209;0.333333333333333;4
"1-Multi";127;"Bruchidae";2;1;1;2;1;1;0.0458590921129828;3.50913416213258e-12;0;0;8.43936670011885e-06;0.333333333333333;2
"1-Multi";128;"Calliphoridae";2.66666666666667;1.66666666666667;1;4;2;2;0.0521810366450035;0.000138784528382871;4.50078864753008e-05;5.20188036311773e-09;0.000766003555077784;0.333333333333333;2
"1-Multi";129;"Cantharidae";8.5;4.5;4;16;8;8;0.0884012448862418;0.0063657251680709;0.00914189644528951;0.00918679220012122;0.0510735363948952;0.666666666666667;4
"1-Multi";130;"Chrysomelidae";1.14285714285714;0.142857142857143;1;2;1;1;0.019269342758629;0.000267930945117621;9.74162731313643e-06;0.00187150566431881;0.0136510268053639;0.333333333333333;2
"1-Multi";131;"Chrysotoxum_sp.";1.125;0.125;1;2;1;1;0.0194233406538755;4.36498706089802e-05;7.35066383671622e-08;0.00184032396785128;0.00250246992560317;0.333333333333333;2
"1-Multi";132;"Dilophus_sp.";33.282683982684;24.282683982684;9;80;40;40;0.587023253387345;0.46967620545406;0.167999047224165;0.0764525299892929;0.700420117397771;1;6
"1-Multi";133;"Diptera";26.2333333333333;17.2333333333333;9;42;21;21;0.556564678741599;0.908657795479749;0.010210571974389;0.00400586390143607;1;1;4
"1-Multi";134;"Empididae";8.66666666666667;4.66666666666667;4;10;5;5;0.124727532517162;0.00741801076910406;0.000387277652213383;1.58229439463092e-05;0.00558547017315089;0.666666666666667;2
"1-Multi";135;"Episyrphus_balteatus";2;1;1;2;1;1;0.0458590921129645;2.19453845423117e-12;0;0;8.43936670011885e-06;0.333333333333333;2
"1-Multi";136;"Eupeodes_corollae";22.9833333333333;13.9833333333333;9;44;22;22;0.307300920763348;1;0.0506961607286119;0.025207168506651;0.900574810601677;1;6
"1-Multi";137;"Lassioglosum_.immunitum";1.33333333333333;0.333333333333333;1;2;1;1;0.0235567143045323;0.0013072381785975;0.000102673895702121;4.98691596203143e-07;0.022549657528491;0.333333333333333;2
"1-Multi";138;"Malachius_bipustulatus";1.45833333333333;0.458333333333333;1;4;2;2;0.024695291260266;0.000325325327115632;2.40833404729504e-06;0.00210182484143394;0.00826307190857606;0.333333333333333;4
"1-Multi";139;"Meligethes_sp.";5.98452380952381;4.98452380952381;1;22;11;11;0.0699560922457396;0.00191197250242513;1.96637810436081e-06;0.0416630609473721;0.00491002067425842;0.333333333333333;6
"1-Multi";140;"Melyridae";3.33333333333333;2.33333333333333;1;8;4;4;0.0492348413238068;0.000388212136203462;8.03348307416236e-07;0.00811856329237905;0.0032337545070904;0.333333333333333;4
"1-Multi";141;"Mordellidae";3.46785714285714;2.46785714285714;1;10;5;5;0.0449195795898368;0.00105846789667434;7.63503360308018e-06;0.00450296856131536;0.0106264901137733;0.333333333333333;6
"1-Multi";142;"Musca_sp.";7.625;3.625;4;10;5;5;0.0675960651330411;0.00188716089876344;0.00875605091484876;0.00862934237076083;0.025566934543357;0.666666666666667;4
"1-Multi";143;"Nemotelus_sp.";9.79090909090909;5.79090909090909;4;20;10;10;0.108454318423904;0.0213023892965295;0.0252404646369827;0.0248872448355718;0.0791554446874213;0.666666666666667;4
"1-Multi";144;"Odontomyia_sp.";2.73333333333333;1.73333333333333;1;12;6;6;0.0390021869815274;0.00145387925851029;2.05138180824937e-06;0.0248989617885123;0.0057797621096625;0.333333333333333;6
"1-Multi";145;"Oedemeridae";1.5;0.5;1;2;1;1;0.0240867458696431;0.00241782804892744;3.69664471074707e-06;0.000173070156680484;0.0283141505241684;0.333333333333333;2
"1-Multi";146;"Psilothrix_viridicoerulea";49.3470779220779;45.3470779220779;4;132;66;66;1;0.0781365134491339;1;1;0.0535769238330445;0.666666666666667;6
"1-Multi";147;"Scaeva_sp.";11.2909090909091;7.29090909090909;4;24;12;12;0.143086366884054;0.00240994499827822;0.019199853541053;0.0192849497926887;0.0133084396179826;0.666666666666667;6
"1-Multi";148;"Sphaerophoria_scripta";18.9;9.9;9;30;15;15;0.169129810790878;0.085064873602928;0.0387906282462536;0.0191439352333087;0.191543829457637;1;6
"2-Multi";1;"1 A1 LEMA";1.04951690821256;0.0495169082125604;1;4;2;2;0.0234793144146071;0.00233260081687309;0.75543368038216;4.78519349637132e-06;0.0302894016492907;0.333333333333333;4
"2-Multi";2;"1 A2 CHFU";1.35;0.35;1;4;2;2;0.033919761493004;0.0391976722500632;0.00133756158782219;0.000241160264990128;0.128954404474134;0.333333333333333;2
"2-Multi";3;"1 A2 LEMA";1.18840579710145;0.188405797101449;1;4;2;2;0.0256634103399812;0.000530847400454777;0.744200576292273;1.51578981800792e-08;0.0072306076416926;0.333333333333333;4
"2-Multi";4;"1 A3 CHFU";1.33333333333333;0.333333333333333;1;2;1;1;0.0247306359998901;0.000689867719545735;4.0751817410774e-06;3.78052624640533e-06;0.00156338311903757;0.333333333333333;2
"2-Multi";5;"1 A3 LEMA";1.34057971014493;0.340579710144927;1;4;2;2;0.0233617222266098;0.000180917564867739;0.497966393374856;1.75355246773086e-08;0.00537541316039623;0.333333333333333;4
"2-Multi";6;"1 A4 LEMA";1.08592132505176;0.0859213250517598;1;4;2;2;0.0220534156464354;0.000370738319889876;0.665900864127173;1.35611089138993e-08;0.00703781788871958;0.333333333333333;4
"2-Multi";7;"1 A5 LEMA";1.02777777777778;0.0277777777777778;1;2;1;1;0.0177162754630372;0.00190412469774474;0.0694356035627395;4.78015789542314e-06;0.094681830788518;0.333333333333333;2
"2-Multi";8;"1 A6 LEMA";1.50724637681159;0.507246376811594;1;6;3;3;0.0273877924990231;0.000283288845978018;0.340145324650968;2.7657821907601e-08;0.00439916035963936;0.333333333333333;4
"2-Multi";9;"1 B1 CHFU";1.5;0.5;1;2;1;1;0.0296476257264301;0.071738989812538;0.00081523702507559;0.000360396137743115;0.129218015632945;0.333333333333333;2
"2-Multi";10;"1 B1 LEMA";2.07692307692308;1.07692307692308;1;4;2;2;0.0299062668311038;0.011446016224005;0.0116914491844667;3.75635278071381e-06;0.0670088344644073;0.333333333333333;2
"2-Multi";11;"1 B2 CHFU";2.66666666666667;1.66666666666667;1;4;2;2;0.0476539216112456;0.0125793896788902;0.000197394672723208;0.000564488333464016;0.00945102301250148;0.333333333333333;2
"2-Multi";12;"1 B2 LEMA";1.29227053140097;0.292270531400966;1;6;3;3;0.0257611517600994;0.00178059924374596;0.502589471071709;3.93738587521768e-06;0.0120808091714037;0.333333333333333;6
"2-Multi";13;"1 B2 ME";2;1;1;2;1;1;0.040065638459402;0.00106432119764581;1.14962529606829e-05;1.24271710964336e-07;0.00080892938710124;0.333333333333333;2
"2-Multi";14;"1 B5 LEMA";1.00724637681159;0.0072463768115942;1;2;1;1;0.0177953141000157;0.000142825373043331;0.984099705988633;1.6785336539167e-09;0.00882525860288159;0.333333333333333;2
"2-Multi";15;"1 C1 LEMA";1.50724637681159;0.507246376811594;1;4;2;2;0.0237898479010653;0.0004060815384621;0.496295801799956;1.39511764770212e-07;0.00798169142040613;0.333333333333333;4
"2-Multi";16;"1 C2 LEMA";1.02777777777778;0.0277777777777778;1;2;1;1;0.0177162754630037;0.00190412469779785;0.0694356035627396;4.78015789542002e-06;0.094681830788518;0.333333333333333;2
"2-Multi";17;"1 C3 LEMA";1.17391304347826;0.173913043478261;1;4;2;2;0.0218213843724233;0.000245196654589162;0.504301446595912;1.18008308773716e-08;0.00563595668050362;0.333333333333333;4
"2-Multi";18;"1 C4 CHFU";1.1;0.1;1;2;1;1;0.0214451805116317;0.00682831478359949;0.00352976670630764;0.00021317702876278;0.10090324835377;0.333333333333333;2
"2-Multi";19;"1 C4 LEMA";1.47619047619048;0.476190476190476;1;4;2;2;0.0314998708500919;0.00022484512562577;0.0187463486555877;2.8336134759998e-08;0.00241698866276403;0.333333333333333;4
"2-Multi";20;"1 C5 CHFU";1.2;0.2;1;2;1;1;0.0270160599072938;0.0136566295669465;0.00352976670630762;0.000426354057525564;0.10090324835377;0.333333333333333;2
"2-Multi";21;"1 C5 LEMA";1.35470085470085;0.354700854700855;1;6;3;3;0.030614193941735;0.0426867254226934;0.0320661882131093;1.13968915258245e-05;0.11828341147166;0.333333333333333;4
"2-Multi";22;"1 D1 LEMA";1.33333333333333;0.333333333333333;1;2;1;1;0.0268256937247291;5.46699782585198e-05;0.00798951690692212;7.92805153347759e-09;0.00137104086513249;0.333333333333333;2
"2-Multi";23;"1 D2 LEMA";1.00724637681159;0.0072463768115942;1;2;1;1;0.0177953140999294;0.0001428253732014;0.984099705988633;1.67853364900487e-09;0.00882525860288159;0.333333333333333;2
"2-Multi";24;"1 D2 ME";2;1;1;2;1;1;0.0303647018710045;0.000270766031199255;2.79425947438755e-07;0.000258958425022053;0.00367577369679394;0.333333333333333;2
"2-Multi";25;"1 D3 LEMA";2.27729468599034;1.27729468599034;1;8;4;4;0.0385420338775462;0.0044393549018265;0.442491925088381;9.89897372155213e-06;0.0323008182248204;0.333333333333333;6
"2-Multi";26;"1 D4 LEMA";1.2;0.2;1;2;1;1;0.0217115421866319;8.94352516300453e-05;0.00443139286550072;4.52089879020739e-08;0.00449425586171777;0.333333333333333;2
"2-Multi";27;"1 D5 LEMA";1.73502415458937;0.735024154589372;1;10;5;5;0.0350670079166267;0.00227684879537097;0.218860594076229;4.85302470522323e-06;0.0224747135458308;0.333333333333333;6
"2-Multi";28;"1 E1 LEMA";1.02898550724638;0.0289855072463768;1;2;1;1;0.0235583530513954;0.000571301492191816;0.984099705988633;6.71413460389291e-09;0.00882525860288159;0.333333333333333;2
"2-Multi";29;"1 E2 CHFU";1.125;0.125;1;2;1;1;0.0221115916068289;0.0161846787332986;0.000241459028579468;1.39916181136759e-05;0.142979982534316;0.333333333333333;2
"2-Multi";30;"1 E2 LEMA";1.26449275362319;0.264492753623188;1;6;3;3;0.0255958102384562;0.00497492987685204;0.414589117150553;1.26313279840904e-05;0.0337568954875466;0.333333333333333;6
"2-Multi";31;"1 E3 LEMA";1.26532887402453;0.265328874024526;1;6;3;3;0.0282170793651072;0.01095539163604;0.600002976874065;3.66206678204906e-06;0.0301946646842289;0.333333333333333;6
"2-Multi";32;"1 E3 ME";2;1;1;2;1;1;0.031558673810221;0.0122049362010268;0.000600319325528195;0.000556203745740806;0.0274896639952383;0.333333333333333;2
"2-Multi";33;"1 E4 LEMA";1.02898550724638;0.0289855072463768;1;2;1;1;0.0235583530514261;0.000571301492199057;0.984099705988633;6.71413460268942e-09;0.00882525860288159;0.333333333333333;2
"2-Multi";34;"1 E5 CHFU";1.125;0.125;1;2;1;1;0.02211159160681;0.0161846787334674;0.000241459028579496;1.39916181136721e-05;0.142979982534316;0.333333333333333;2
"2-Multi";35;"1 E5 LEMA";1.04227053140097;0.0422705314009662;1;4;2;2;0.0215583014305792;0.00218977544358561;0.679211671846669;4.7835149627276e-06;0.0374441159980937;0.333333333333333;4
"2-Multi";36;"1 E6 LEMA";1.02173913043478;0.0217391304347826;1;2;1;1;0.0216373400675228;0.00042847611889998;0.984099705988633;5.03560095884891e-09;0.00882525860288159;0.333333333333333;2
"2-Multi";37;"1 F1 LEMA";1.375;0.375;1;6;3;3;0.0252113127858551;0.00477332507493285;0.0309311137254422;1.264304722503e-05;0.0387130045074548;0.333333333333333;6
"2-Multi";38;"1 F2 LEMA";1.02777777777778;0.0277777777777778;1;2;1;1;0.0177162754629799;0.00190412469779235;0.0694356035627396;4.78015789542109e-06;0.094681830788518;0.333333333333333;2
"2-Multi";39;"1 F3 LEMA";1.17451690821256;0.17451690821256;1;6;3;3;0.0269368429294591;0.00241664676105976;0.608142600530982;4.80026980460827e-06;0.0249751328790024;0.333333333333333;6
"2-Multi";40;"1 F4 CHFU";1.125;0.125;1;2;1;1;0.0221115916067005;0.0161846787333218;0.000241459028579444;1.39916181136756e-05;0.142979982534316;0.333333333333333;2
"2-Multi";41;"1 F4 LEMA";1.2;0.2;1;2;1;1;0.0217115421867021;8.94352515897968e-05;0.0044313928655008;4.52089879026781e-08;0.00449425586171777;0.333333333333333;2
"2-Multi";42;"1 F5 LEMA";1.01449275362319;0.0144927536231884;1;2;1;1;0.0197163270836507;0.000285650745899862;0.984099705988633;3.35706730688031e-09;0.00882525860288159;0.333333333333333;2
"2-Multi";43;"1 F6 LEMA";1.18803418803419;0.188034188034188;1;4;2;2;0.0204467245450921;0.0118171214522234;0.0204339321538064;7.57081539455435e-06;0.0751384787880501;0.333333333333333;4
"2-Multi";44;"2 A1 LEMA";1.69528056484578;0.695280564845782;1;8;4;4;0.0438921450066161;0.0719047692636877;0.207780698413709;9.60058863046509e-06;0.0840993291846447;0.333333333333333;4
"2-Multi";45;"2 A3 CHFU";1.1;0.1;1;2;1;1;0.0214451805115678;0.00682831478330472;0.00352976670630754;0.000213177028762787;0.10090324835377;0.333333333333333;2
"2-Multi";46;"2 A3 LEMA";1.01449275362319;0.0144927536231884;1;2;1;1;0.0197163270837038;0.000285650745919685;0.984099705988633;3.35706730625855e-09;0.00882525860288159;0.333333333333333;2
"2-Multi";47;"2 A4 CHFU";1.2;0.2;1;2;1;1;0.0270160599071457;0.0136566295666879;0.00352976670630756;0.000426354057525569;0.10090324835377;0.333333333333333;2
"2-Multi";48;"2 A4 LEMA";1.22222222222222;0.222222222222222;1;2;1;1;0.0215836270646404;0.0012425733518505;0.0244904431279658;2.47034397689941e-08;0.0133854729217934;0.333333333333333;2
"2-Multi";49;"2 A5 LEMA";2;1;1;2;1;1;0.0458590921129755;0;0;0;8.43936670011885e-06;0.333333333333333;2
"2-Multi";50;"2 A5 ME";2;1;1;2;1;1;0.042198548785148;0.143477979625289;0.000778678680071044;0.000732722617665533;0.129218015632945;0.333333333333333;2
"2-Multi";51;"2 B1 CHFU";1.1;0.1;1;2;1;1;0.0214451805116063;0.00682831478325207;0.00352976670630753;0.000213177028762789;0.10090324835377;0.333333333333333;2
"2-Multi";52;"2 B1 LEMA";1.34782608695652;0.347826086956522;1;4;2;2;0.0248461463200804;0.000762640052838059;0.659079806889939;8.53494209169617e-08;0.0100243209817841;0.333333333333333;4
"2-Multi";53;"2 B1 ME";1.3125;0.3125;1;2;1;1;0.0366299273357769;0.0415548679667412;0.000150348891815224;5.57765014831543e-05;0.141393671069181;0.333333333333333;2
"2-Multi";54;"2 B2 LEMA";1.07692307692308;0.0769230769230769;1;2;1;1;0.0197563965859066;6.21354343901141e-05;0.0410008172438115;4.47824153889027e-09;0.00207921438980649;0.333333333333333;2
"2-Multi";55;"2 B3 LEMA";1.00724637681159;0.0072463768115942;1;2;1;1;0.0177953140998308;0.0001428253728095;0.984099705988633;1.67853365889498e-09;0.00882525860288159;0.333333333333333;2
"2-Multi";56;"2 B4 LEMA";1.17391304347826;0.173913043478261;1;4;2;2;0.0232710104041611;0.000170160361933216;0.496044611447777;5.64255942318281e-09;0.00509814973400704;0.333333333333333;4
"2-Multi";57;"2 B5 ME";1.83333333333333;0.833333333333333;1;4;2;2;0.0401975937215714;0.000448780509429609;2.55874096702192e-07;9.08034463940328e-05;0.00327474105789134;0.333333333333333;2
"2-Multi";58;"2 B6 LEMA";1.00724637681159;0.0072463768115942;1;2;1;1;0.0177953140998415;0.000142825373129002;0.984099705988633;1.67853365244685e-09;0.00882525860288159;0.333333333333333;2
"2-Multi";59;"2 C1 LEMA";1.46581196581197;0.465811965811966;1;6;3;3;0.0272417380713559;0.0147097829379598;0.0427809487548155;1.32892170283183e-05;0.0809592500427498;0.333333333333333;4
"2-Multi";60;"2 C1 ME";1.33333333333333;0.333333333333333;1;2;1;1;0.0225183717969831;0.000419464011308386;7.57383899619423e-07;9.01371883586785e-05;0.00916724692836541;0.333333333333333;2
"2-Multi";61;"2 C3 LEMA";1.1256038647343;0.1256038647343;1;4;2;2;0.022570990058022;0.000906937422163253;0.664229951701744;1.57087871820209e-08;0.0103453300425189;0.333333333333333;4
"2-Multi";62;"2 C5 LEMA";1.08416945373467;0.0841694537346711;1;4;2;2;0.0203489831250601;0.0105673696088032;0.503656142594933;3.64858741751878e-06;0.0654380757286278;0.333333333333333;4
"2-Multi";63;"2 C6 LEMA";1.08416945373467;0.0841694537346711;1;4;2;2;0.0216774095697056;0.00020496080748011;0.512550261616222;6.15677518829757e-09;0.00545223649634404;0.333333333333333;4
"2-Multi";64;"2 D1 CHFU";1.375;0.375;1;2;1;1;0.034586172588028;0.0485540361998634;0.000241459028579496;4.19748543410198e-05;0.142979982534316;0.333333333333333;2
"2-Multi";65;"2 D1 LEMA";1.9247491638796;0.924749163879599;1;10;5;5;0.0370748171573761;0.0168475941976005;0.276526165970378;1.82155559156751e-05;0.0545586596723868;0.333333333333333;6
"2-Multi";66;"2 D2 ME";2;1;1;2;1;1;0.0441577714855355;0.000612603972907267;1.44804832743601e-07;0.000899692563471178;0.00178578617228434;0.333333333333333;2
"2-Multi";67;"2 D3 ME";1.5;0.5;1;2;1;1;0.0335535230408104;2.93164983397099e-05;5.11919526763213e-09;6.66258035355149e-07;0.000328488122654304;0.333333333333333;2
"2-Multi";68;"2 D4 LEMA";1.22946859903382;0.229468599033816;1;4;2;2;0.0235046400485626;0.00138539872476701;0.344360197414855;2.63819734219313e-08;0.0118654014821561;0.333333333333333;4
"2-Multi";69;"2 D5 LEMA";1.07692307692308;0.0769230769230769;1;2;1;1;0.0184279701410771;0.0104245442355936;0.0232125792012327;3.64690888387139e-06;0.122050892854374;0.333333333333333;2
"2-Multi";70;"2 D6 LEMA";1.18803418803419;0.188034188034188;1;4;2;2;0.0212826331155012;0.0110458309115534;0.0238515111645993;3.65926060375459e-06;0.0677181828880837;0.333333333333333;4
"2-Multi";71;"2 E1 CHFU";1.1;0.1;1;2;1;1;0.0214451805116299;0.00682831478337377;0.00352976670630759;0.000213177028762786;0.10090324835377;0.333333333333333;2
"2-Multi";72;"2 E1 LEMA";1.35338164251208;0.353381642512077;1;6;3;3;0.0347634398888243;0.00989570948607055;0.289976102832058;2.3949355532301e-05;0.0619442408762589;0.333333333333333;6
"2-Multi";73;"2 E2 LEMA";1.10470085470085;0.104700854700855;1;4;2;2;0.0202699444881204;0.0123286689332166;0.0463240913819861;8.42706677929265e-06;0.108366361821446;0.333333333333333;4
"2-Multi";74;"2 E2 ME";2.0625;1.0625;1;4;2;2;0.0381776855970679;0.011719121159247;7.5781128848607e-05;0.000758320387827329;0.0807308386727745;0.333333333333333;2
"2-Multi";75;"2 E3 LEMA";1.07692307692308;0.0769230769230769;1;2;1;1;0.0197563965858692;6.2135434499487e-05;0.0410008172438115;4.47824153729961e-09;0.00207921438980649;0.333333333333333;2
"2-Multi";76;"2 E4 LEMA";1.09316770186335;0.093167701863354;1;4;2;2;0.0239744286302918;0.000513563692984027;0.745450574592538;1.52396425639722e-08;0.00748467806726008;0.333333333333333;4
"2-Multi";77;"2 E4 ME";2.39583333333333;1.39583333333333;1;6;3;3;0.0376972668996083;0.0092827130982802;5.05323468320976e-05;0.000104332280718028;0.0533641213498086;0.333333333333333;2
"2-Multi";78;"2 E5 LEMA";1.11835748792271;0.118357487922705;1;4;2;2;0.0206499770743607;0.000764112048954206;0.504295074558299;1.40302535367417e-08;0.0111053657623375;0.333333333333333;4
"2-Multi";79;"2 E6 LEMA";1.2615066093327;0.261506609332696;1;8;4;4;0.034252219092838;0.0112858941089873;0.626776888349058;3.66998383526826e-06;0.021464917089873;0.333333333333333;6
"2-Multi";80;"2 F1 LEMA";1.39613526570048;0.396135265700483;1;6;3;3;0.0266090820300862;0.00442806407519479;0.283002730451666;9.64398667810575e-06;0.0526528414798767;0.333333333333333;4
"2-Multi";81;"2 F2 LEMA";1.69444444444444;0.694444444444444;1;6;3;3;0.0291897519030202;0.00200018060125968;0.0264978454445203;4.81977282675285e-06;0.0331828841043001;0.333333333333333;4
"2-Multi";82;"2 F3 LEMA";2.01708074534162;1.01708074534161;1;10;5;5;0.0422871459025061;0.0055712320091028;0.376478139951574;9.85053482832608e-06;0.0234787143197425;0.333333333333333;6
"2-Multi";83;"2 F4 LEMA";1.00724637681159;0.0072463768115942;1;2;1;1;0.0177953140998906;0.000142825372865021;0.984099705988633;1.67853365683981e-09;0.00882525860288159;0.333333333333333;2
"2-Multi";84;"2 F6 LEMA";1.2657933853586;0.265793385358603;1;6;3;3;0.0312835748561934;0.00223335637396403;0.235307552256561;4.79527115367807e-06;0.0219489465121638;0.333333333333333;6
"2-Multi";85;"3 A1 LEMA";1.02777777777778;0.0277777777777778;1;2;1;1;0.0177162754628324;0.00190412469764186;0.0694356035627395;4.78015789542451e-06;0.094681830788518;0.333333333333333;2
"2-Multi";86;"3 A5 LEMA";1.00724637681159;0.0072463768115942;1;2;1;1;0.0177953140998906;0.000142825373197735;0.984099705988633;1.67853365068736e-09;0.00882525860288159;0.333333333333333;2
"2-Multi";87;"3 A6 CHFU";1.5;0.5;1;2;1;1;0.0313256103568379;0.000172887018420551;1.30061638729116e-07;0.000284157810773324;0.0019169838618203;0.333333333333333;2
"2-Multi";88;"3 B1 LEMA";1.20252694165738;0.202526941657376;1;6;3;3;0.0242887505126137;0.0121027721980513;0.50226681907122;7.57417246185904e-06;0.0419818686954658;0.333333333333333;6
"2-Multi";89;"3 B2 LEMA";1.01449275362319;0.0144927536231884;1;2;1;1;0.0197163270837308;0.000285650746195325;0.984099705988633;3.35706730202959e-09;0.00882525860288159;0.333333333333333;2
"2-Multi";90;"3 B3 LEMA";1.13949275362319;0.139492753623188;1;4;2;2;0.0231738555988406;0.000369696690472174;0.662392564367845;1.8433375537042e-08;0.00712285833453743;0.333333333333333;4
"2-Multi";91;"3 B5 LEMA";1.01449275362319;0.0144927536231884;1;2;1;1;0.0197163270837819;0.000285650746149447;0.984099705988633;3.35706730300075e-09;0.00882525860288159;0.333333333333333;2
"2-Multi";92;"3 B6 LEMA";1.01449275362319;0.0144927536231884;1;2;1;1;0.0197163270838034;0.000285650746058369;0.984099705988633;3.35706730448459e-09;0.00882525860288159;0.333333333333333;2
"2-Multi";93;"3 C1 LEMA";1.01449275362319;0.0144927536231884;1;2;1;1;0.0197163270837294;0.000285650745890409;0.984099705988633;3.35706730754394e-09;0.00882525860288159;0.333333333333333;2
"2-Multi";94;"3 C3 CHFU";1.5;0.5;1;2;1;1;0.0296476257262814;0.071738989812614;0.000815237025075606;0.000360396137743113;0.129218015632945;0.333333333333333;2
"2-Multi";95;"3 C3 LEMA";1.07142857142857;0.0714285714285714;1;2;1;1;0.0182113896786781;8.50875737021943e-05;0.0295031804042533;1.02040416167576e-08;0.00346293646039557;0.333333333333333;2
"2-Multi";96;"3 C3 ME";2.625;1.625;1;6;3;3;0.147305610738174;0.0848671936077677;0.000644424244830281;0.0174953053674996;0.099237928506211;0.333333333333333;2
"2-Multi";97;"3 C4 LEMA";1.125;0.125;1;2;1;1;0.0193318296312023;8.4045944444119e-05;0.0189782811262694;1.50763082361974e-08;0.00371805779784912;0.333333333333333;2
"2-Multi";98;"3 C5 LEMA";1.00724637681159;0.0072463768115942;1;2;1;1;0.0177953140999512;0.000142825373164622;0.984099705988633;1.67853365098055e-09;0.00882525860288159;0.333333333333333;2
"2-Multi";99;"3 C6 LEMA";1.10590858416945;0.105908584169454;1;4;2;2;0.0274404485211584;0.000633436926384337;0.795479928239669;1.11923761435214e-08;0.00747604976026657;0.333333333333333;4
"2-Multi";100;"3 D1 LEMA";1.02173913043478;0.0217391304347826;1;2;1;1;0.021637340067604;0.000428476119256218;0.984099705988633;5.03560095206842e-09;0.00882525860288159;0.333333333333333;2
"2-Multi";101;"3 D2 CHFU";2;1;1;2;1;1;0.0458590921130506;4.54412777628986e-12;0;0;8.43936670011885e-06;0.333333333333333;2
"2-Multi";102;"3 D2 LEMA";1.5594375431332;0.559437543133195;1;8;4;4;0.0404642600898099;0.00474620932718735;0.29615131893081;9.63144790809508e-06;0.0215338343168643;0.333333333333333;6
"2-Multi";103;"3 D3 CHFU";1.33333333333333;0.333333333333333;1;2;1;1;0.0261751739433639;0.000115258012449894;1.30061638811984e-07;0.000189438540515544;0.0019169838618203;0.333333333333333;2
"2-Multi";104;"3 D3 LEMA";1.18176328502415;0.181763285024155;1;6;3;3;0.0288578559135498;0.00255947213440304;0.670802118107257;4.80194833825524e-06;0.0222834871663156;0.333333333333333;6
"2-Multi";105;"3 D4 ME";1.5;0.5;1;2;1;1;0.0946999755696315;0.00665041236325668;5.0695966917504e-06;0.014803023975893;0.0138220421826989;0.333333333333333;2
"2-Multi";106;"3 D5 LEMA";1.04227053140097;0.0422705314009662;1;4;2;2;0.0215583014305609;0.00218977544362298;0.679211671846668;4.78351496272646e-06;0.0374441159980937;0.333333333333333;4
"2-Multi";107;"3 D6 LEMA";2.77898550724638;1.77898550724638;1;8;4;4;0.0439855924741333;0.000826555277638063;0.497279359209545;7.4693914709636e-08;0.00591187814280631;0.333333333333333;4
"2-Multi";108;"3 E1 LEMA";1.12040133779264;0.120401337792642;1;4;2;2;0.0312824744889191;0.000919087672715606;0.849371293310801;1.45494434375668e-08;0.00786153800101372;0.333333333333333;4
"2-Multi";109;"3 E2 CHFU";1.1;0.1;1;2;1;1;0.021445180511593;0.00682831478335832;0.00352976670630758;0.000213177028762786;0.10090324835377;0.333333333333333;2
"2-Multi";110;"3 E2 LEMA";1.03623188405797;0.036231884057971;1;2;1;1;0.0254793660352054;0.000714126865080032;0.984099705988633;8.39266825591569e-09;0.00882525860288159;0.333333333333333;2
"2-Multi";111;"3 E3 LEMA";1.18803418803419;0.188034188034188;1;4;2;2;0.0217751509897315;0.0014547126510966;0.0293280511750958;3.92838475222235e-06;0.0151526395557663;0.333333333333333;4
"2-Multi";112;"3 E3 ME";1.0625;0.0625;1;2;1;1;0.0200254263599249;0.00831097359339055;0.000150348891815163;1.11553002966331e-05;0.141393671069181;0.333333333333333;2
"2-Multi";113;"3 E4 LEMA";1.27777777777778;0.277777777777778;1;4;2;2;0.0280605249165297;0.0322621811870713;0.0364929927190475;7.74998264195646e-06;0.116399670780303;0.333333333333333;4
"2-Multi";114;"3 E4 ME";1.25;0.25;1;2;1;1;0.0324788020917234;0.0332438943734145;0.000150348891815215;4.46212011865238e-05;0.141393671069181;0.333333333333333;2
"2-Multi";115;"3 E5 LEMA";1.01449275362319;0.0144927536231884;1;2;1;1;0.0197163270838292;0.000285650746250717;0.984099705988633;3.35706730131014e-09;0.00882525860288159;0.333333333333333;2
"2-Multi";116;"3 F1 LEMA";1.21701969528056;0.217019695280565;1;6;3;3;0.0294592029251876;0.00202601414328332;0.665842487717454;3.93509888682157e-06;0.0109343855871765;0.333333333333333;6
"2-Multi";117;"3 F2 CHFU";1.16666666666667;0.166666666666667;1;2;1;1;0.0210247375296571;5.76290063320082e-05;1.300616388565e-07;9.47192702577723e-05;0.0019169838618203;0.333333333333333;2
"2-Multi";118;"3 F2 LEMA";1.10041407867495;0.100414078674948;1;4;2;2;0.0258954416140256;0.000656389065758166;0.793180400871757;1.69181762188908e-08;0.00775279417438438;0.333333333333333;4
"2-Multi";119;"3 F3 LEMA";1.08416945373467;0.0841694537346711;1;4;2;2;0.0216774095697782;0.000204960807646248;0.512550261616222;6.1567751847068e-09;0.00545223649634404;0.333333333333333;4
"2-Multi";120;"3 F4 LEMA";1.09866220735786;0.0986622073578595;1;4;2;2;0.0255194355375475;0.000490611553711468;0.748324983802428;9.51384248620791e-09;0.00713874754961281;0.333333333333333;4
"2-Multi";121;"3 F4 ME";1.125;0.125;1;2;1;1;0.024176551604118;0.0166219471868604;0.000150348891815247;2.23106005932612e-05;0.141393671069181;0.333333333333333;2
"2-Multi";122;"3 F5 LEMA";1.11369910282954;0.113699102829538;1;6;3;3;0.0238953899933984;0.0022748630174653;0.516784548986064;4.79371900433665e-06;0.0289488211136692;0.333333333333333;6
"2-Multi";123;"3 F6 LEMA";1.00724637681159;0.0072463768115942;1;2;1;1;0.0177953140998585;0.000142825372825521;0.984099705988633;1.67853365964858e-09;0.00882525860288159;0.333333333333333;2
"2-Multi";124;"Andrena_cinerea";10.2037878787879;6.20378787878788;4;24;12;12;0.148827222524631;0.00426967242776959;0.0303933973647618;0.029979861840969;0.0123940118794225;0.666666666666667;6
"2-Multi";125;"Anthaxia_semicuprea";2.03333333333333;1.03333333333333;1;6;3;3;0.0302290137406554;0.000270493086538318;1.60678659229933e-06;0.0120242082496152;0.00454633478538652;0.333333333333333;4
"2-Multi";126;"Brassicogethes_sp.";1.39772727272727;0.397727272727273;1;4;2;2;0.0260386989724142;0.00153163092995292;1.17519726666449e-05;0.00406321398313394;0.0132065378451209;0.333333333333333;4
"2-Multi";127;"Bruchidae";2;1;1;2;1;1;0.0458590921129828;3.50913416213258e-12;0;0;8.43936670011885e-06;0.333333333333333;2
"2-Multi";128;"Calliphoridae";2.66666666666667;1.66666666666667;1;4;2;2;0.0521810366450035;0.000138784528382871;4.50078864753008e-05;5.20188036311773e-09;0.000766003555077784;0.333333333333333;2
"2-Multi";129;"Cantharidae";8.5;4.5;4;16;8;8;0.0884012448862418;0.0063657251680709;0.00914189644528951;0.00918679220012122;0.0510735363948952;0.666666666666667;4
"2-Multi";130;"Chrysomelidae";1.14285714285714;0.142857142857143;1;2;1;1;0.019269342758629;0.000267930945117621;9.74162731313643e-06;0.00187150566431881;0.0136510268053639;0.333333333333333;2
"2-Multi";131;"Chrysotoxum_sp.";1.125;0.125;1;2;1;1;0.0194233406538755;4.36498706089802e-05;7.35066383671622e-08;0.00184032396785128;0.00250246992560317;0.333333333333333;2
"2-Multi";132;"Dilophus_sp.";33.282683982684;24.282683982684;9;80;40;40;0.587023253387345;0.46967620545406;0.167999047224165;0.0764525299892929;0.700420117397771;1;6
"2-Multi";133;"Diptera";26.2333333333333;17.2333333333333;9;42;21;21;0.556564678741599;0.908657795479749;0.010210571974389;0.00400586390143607;1;1;4
"2-Multi";134;"Empididae";8.66666666666667;4.66666666666667;4;10;5;5;0.124727532517162;0.00741801076910406;0.000387277652213383;1.58229439463092e-05;0.00558547017315089;0.666666666666667;2
"2-Multi";135;"Episyrphus_balteatus";2;1;1;2;1;1;0.0458590921129645;2.19453845423117e-12;0;0;8.43936670011885e-06;0.333333333333333;2
"2-Multi";136;"Eupeodes_corollae";22.9833333333333;13.9833333333333;9;44;22;22;0.307300920763348;1;0.0506961607286119;0.025207168506651;0.900574810601677;1;6
"2-Multi";137;"Lassioglosum_.immunitum";1.33333333333333;0.333333333333333;1;2;1;1;0.0235567143045323;0.0013072381785975;0.000102673895702121;4.98691596203143e-07;0.022549657528491;0.333333333333333;2
"2-Multi";138;"Malachius_bipustulatus";1.45833333333333;0.458333333333333;1;4;2;2;0.024695291260266;0.000325325327115632;2.40833404729504e-06;0.00210182484143394;0.00826307190857606;0.333333333333333;4
"2-Multi";139;"Meligethes_sp.";5.98452380952381;4.98452380952381;1;22;11;11;0.0699560922457396;0.00191197250242513;1.96637810436081e-06;0.0416630609473721;0.00491002067425842;0.333333333333333;6
"2-Multi";140;"Melyridae";3.33333333333333;2.33333333333333;1;8;4;4;0.0492348413238068;0.000388212136203462;8.03348307416236e-07;0.00811856329237905;0.0032337545070904;0.333333333333333;4
"2-Multi";141;"Mordellidae";3.46785714285714;2.46785714285714;1;10;5;5;0.0449195795898368;0.00105846789667434;7.63503360308018e-06;0.00450296856131536;0.0106264901137733;0.333333333333333;6
"2-Multi";142;"Musca_sp.";7.625;3.625;4;10;5;5;0.0675960651330411;0.00188716089876344;0.00875605091484876;0.00862934237076083;0.025566934543357;0.666666666666667;4
"2-Multi";143;"Nemotelus_sp.";9.79090909090909;5.79090909090909;4;20;10;10;0.108454318423904;0.0213023892965295;0.0252404646369827;0.0248872448355718;0.0791554446874213;0.666666666666667;4
"2-Multi";144;"Odontomyia_sp.";2.73333333333333;1.73333333333333;1;12;6;6;0.0390021869815274;0.00145387925851029;2.05138180824937e-06;0.0248989617885123;0.0057797621096625;0.333333333333333;6
"2-Multi";145;"Oedemeridae";1.5;0.5;1;2;1;1;0.0240867458696431;0.00241782804892744;3.69664471074707e-06;0.000173070156680484;0.0283141505241684;0.333333333333333;2
"2-Multi";146;"Psilothrix_viridicoerulea";49.3470779220779;45.3470779220779;4;132;66;66;1;0.0781365134491339;1;1;0.0535769238330445;0.666666666666667;6
"2-Multi";147;"Scaeva_sp.";11.2909090909091;7.29090909090909;4;24;12;12;0.143086366884054;0.00240994499827822;0.019199853541053;0.0192849497926887;0.0133084396179826;0.666666666666667;6
"2-Multi";148;"Sphaerophoria_scripta";18.9;9.9;9;30;15;15;0.169129810790878;0.085064873602928;0.0387906282462536;0.0191439352333087;0.191543829457637;1;6
"3-Multi";1;"1 A1 LEMA";1.04951690821256;0.0495169082125604;1;4;2;2;0.0234793144146071;0.00233260081687309;0.75543368038216;4.78519349637132e-06;0.0302894016492907;0.333333333333333;4
"3-Multi";2;"1 A2 CHFU";1.35;0.35;1;4;2;2;0.033919761493004;0.0391976722500632;0.00133756158782219;0.000241160264990128;0.128954404474134;0.333333333333333;2
"3-Multi";3;"1 A2 LEMA";1.18840579710145;0.188405797101449;1;4;2;2;0.0256634103399812;0.000530847400454777;0.744200576292273;1.51578981800792e-08;0.0072306076416926;0.333333333333333;4
"3-Multi";4;"1 A3 CHFU";1.33333333333333;0.333333333333333;1;2;1;1;0.0247306359998901;0.000689867719545735;4.0751817410774e-06;3.78052624640533e-06;0.00156338311903757;0.333333333333333;2
"3-Multi";5;"1 A3 LEMA";1.34057971014493;0.340579710144927;1;4;2;2;0.0233617222266098;0.000180917564867739;0.497966393374856;1.75355246773086e-08;0.00537541316039623;0.333333333333333;4
"3-Multi";6;"1 A4 LEMA";1.08592132505176;0.0859213250517598;1;4;2;2;0.0220534156464354;0.000370738319889876;0.665900864127173;1.35611089138993e-08;0.00703781788871958;0.333333333333333;4
"3-Multi";7;"1 A5 LEMA";1.02777777777778;0.0277777777777778;1;2;1;1;0.0177162754630372;0.00190412469774474;0.0694356035627395;4.78015789542314e-06;0.094681830788518;0.333333333333333;2
"3-Multi";8;"1 A6 LEMA";1.50724637681159;0.507246376811594;1;6;3;3;0.0273877924990231;0.000283288845978018;0.340145324650968;2.7657821907601e-08;0.00439916035963936;0.333333333333333;4
"3-Multi";9;"1 B1 CHFU";1.5;0.5;1;2;1;1;0.0296476257264301;0.071738989812538;0.00081523702507559;0.000360396137743115;0.129218015632945;0.333333333333333;2
"3-Multi";10;"1 B1 LEMA";2.07692307692308;1.07692307692308;1;4;2;2;0.0299062668311038;0.011446016224005;0.0116914491844667;3.75635278071381e-06;0.0670088344644073;0.333333333333333;2
"3-Multi";11;"1 B2 CHFU";2.66666666666667;1.66666666666667;1;4;2;2;0.0476539216112456;0.0125793896788902;0.000197394672723208;0.000564488333464016;0.00945102301250148;0.333333333333333;2
"3-Multi";12;"1 B2 LEMA";1.29227053140097;0.292270531400966;1;6;3;3;0.0257611517600994;0.00178059924374596;0.502589471071709;3.93738587521768e-06;0.0120808091714037;0.333333333333333;6
"3-Multi";13;"1 B2 ME";2;1;1;2;1;1;0.040065638459402;0.00106432119764581;1.14962529606829e-05;1.24271710964336e-07;0.00080892938710124;0.333333333333333;2
"3-Multi";14;"1 B5 LEMA";1.00724637681159;0.0072463768115942;1;2;1;1;0.0177953141000157;0.000142825373043331;0.984099705988633;1.6785336539167e-09;0.00882525860288159;0.333333333333333;2
"3-Multi";15;"1 C1 LEMA";1.50724637681159;0.507246376811594;1;4;2;2;0.0237898479010653;0.0004060815384621;0.496295801799956;1.39511764770212e-07;0.00798169142040613;0.333333333333333;4
"3-Multi";16;"1 C2 LEMA";1.02777777777778;0.0277777777777778;1;2;1;1;0.0177162754630037;0.00190412469779785;0.0694356035627396;4.78015789542002e-06;0.094681830788518;0.333333333333333;2
"3-Multi";17;"1 C3 LEMA";1.17391304347826;0.173913043478261;1;4;2;2;0.0218213843724233;0.000245196654589162;0.504301446595912;1.18008308773716e-08;0.00563595668050362;0.333333333333333;4
"3-Multi";18;"1 C4 CHFU";1.1;0.1;1;2;1;1;0.0214451805116317;0.00682831478359949;0.00352976670630764;0.00021317702876278;0.10090324835377;0.333333333333333;2
"3-Multi";19;"1 C4 LEMA";1.47619047619048;0.476190476190476;1;4;2;2;0.0314998708500919;0.00022484512562577;0.0187463486555877;2.8336134759998e-08;0.00241698866276403;0.333333333333333;4
"3-Multi";20;"1 C5 CHFU";1.2;0.2;1;2;1;1;0.0270160599072938;0.0136566295669465;0.00352976670630762;0.000426354057525564;0.10090324835377;0.333333333333333;2
"3-Multi";21;"1 C5 LEMA";1.35470085470085;0.354700854700855;1;6;3;3;0.030614193941735;0.0426867254226934;0.0320661882131093;1.13968915258245e-05;0.11828341147166;0.333333333333333;4
"3-Multi";22;"1 D1 LEMA";1.33333333333333;0.333333333333333;1;2;1;1;0.0268256937247291;5.46699782585198e-05;0.00798951690692212;7.92805153347759e-09;0.00137104086513249;0.333333333333333;2
"3-Multi";23;"1 D2 LEMA";1.00724637681159;0.0072463768115942;1;2;1;1;0.0177953140999294;0.0001428253732014;0.984099705988633;1.67853364900487e-09;0.00882525860288159;0.333333333333333;2
"3-Multi";24;"1 D2 ME";2;1;1;2;1;1;0.0303647018710045;0.000270766031199255;2.79425947438755e-07;0.000258958425022053;0.00367577369679394;0.333333333333333;2
"3-Multi";25;"1 D3 LEMA";2.27729468599034;1.27729468599034;1;8;4;4;0.0385420338775462;0.0044393549018265;0.442491925088381;9.89897372155213e-06;0.0323008182248204;0.333333333333333;6
"3-Multi";26;"1 D4 LEMA";1.2;0.2;1;2;1;1;0.0217115421866319;8.94352516300453e-05;0.00443139286550072;4.52089879020739e-08;0.00449425586171777;0.333333333333333;2
"3-Multi";27;"1 D5 LEMA";1.73502415458937;0.735024154589372;1;10;5;5;0.0350670079166267;0.00227684879537097;0.218860594076229;4.85302470522323e-06;0.0224747135458308;0.333333333333333;6
"3-Multi";28;"1 E1 LEMA";1.02898550724638;0.0289855072463768;1;2;1;1;0.0235583530513954;0.000571301492191816;0.984099705988633;6.71413460389291e-09;0.00882525860288159;0.333333333333333;2
"3-Multi";29;"1 E2 CHFU";1.125;0.125;1;2;1;1;0.0221115916068289;0.0161846787332986;0.000241459028579468;1.39916181136759e-05;0.142979982534316;0.333333333333333;2
"3-Multi";30;"1 E2 LEMA";1.26449275362319;0.264492753623188;1;6;3;3;0.0255958102384562;0.00497492987685204;0.414589117150553;1.26313279840904e-05;0.0337568954875466;0.333333333333333;6
"3-Multi";31;"1 E3 LEMA";1.26532887402453;0.265328874024526;1;6;3;3;0.0282170793651072;0.01095539163604;0.600002976874065;3.66206678204906e-06;0.0301946646842289;0.333333333333333;6
"3-Multi";32;"1 E3 ME";2;1;1;2;1;1;0.031558673810221;0.0122049362010268;0.000600319325528195;0.000556203745740806;0.0274896639952383;0.333333333333333;2
"3-Multi";33;"1 E4 LEMA";1.02898550724638;0.0289855072463768;1;2;1;1;0.0235583530514261;0.000571301492199057;0.984099705988633;6.71413460268942e-09;0.00882525860288159;0.333333333333333;2
"3-Multi";34;"1 E5 CHFU";1.125;0.125;1;2;1;1;0.02211159160681;0.0161846787334674;0.000241459028579496;1.39916181136721e-05;0.142979982534316;0.333333333333333;2
"3-Multi";35;"1 E5 LEMA";1.04227053140097;0.0422705314009662;1;4;2;2;0.0215583014305792;0.00218977544358561;0.679211671846669;4.7835149627276e-06;0.0374441159980937;0.333333333333333;4
"3-Multi";36;"1 E6 LEMA";1.02173913043478;0.0217391304347826;1;2;1;1;0.0216373400675228;0.00042847611889998;0.984099705988633;5.03560095884891e-09;0.00882525860288159;0.333333333333333;2
"3-Multi";37;"1 F1 LEMA";1.375;0.375;1;6;3;3;0.0252113127858551;0.00477332507493285;0.0309311137254422;1.264304722503e-05;0.0387130045074548;0.333333333333333;6
"3-Multi";38;"1 F2 LEMA";1.02777777777778;0.0277777777777778;1;2;1;1;0.0177162754629799;0.00190412469779235;0.0694356035627396;4.78015789542109e-06;0.094681830788518;0.333333333333333;2
"3-Multi";39;"1 F3 LEMA";1.17451690821256;0.17451690821256;1;6;3;3;0.0269368429294591;0.00241664676105976;0.608142600530982;4.80026980460827e-06;0.0249751328790024;0.333333333333333;6
"3-Multi";40;"1 F4 CHFU";1.125;0.125;1;2;1;1;0.0221115916067005;0.0161846787333218;0.000241459028579444;1.39916181136756e-05;0.142979982534316;0.333333333333333;2
"3-Multi";41;"1 F4 LEMA";1.2;0.2;1;2;1;1;0.0217115421867021;8.94352515897968e-05;0.0044313928655008;4.52089879026781e-08;0.00449425586171777;0.333333333333333;2
"3-Multi";42;"1 F5 LEMA";1.01449275362319;0.0144927536231884;1;2;1;1;0.0197163270836507;0.000285650745899862;0.984099705988633;3.35706730688031e-09;0.00882525860288159;0.333333333333333;2
"3-Multi";43;"1 F6 LEMA";1.18803418803419;0.188034188034188;1;4;2;2;0.0204467245450921;0.0118171214522234;0.0204339321538064;7.57081539455435e-06;0.0751384787880501;0.333333333333333;4
"3-Multi";44;"2 A1 LEMA";1.69528056484578;0.695280564845782;1;8;4;4;0.0438921450066161;0.0719047692636877;0.207780698413709;9.60058863046509e-06;0.0840993291846447;0.333333333333333;4
"3-Multi";45;"2 A3 CHFU";1.1;0.1;1;2;1;1;0.0214451805115678;0.00682831478330472;0.00352976670630754;0.000213177028762787;0.10090324835377;0.333333333333333;2
"3-Multi";46;"2 A3 LEMA";1.01449275362319;0.0144927536231884;1;2;1;1;0.0197163270837038;0.000285650745919685;0.984099705988633;3.35706730625855e-09;0.00882525860288159;0.333333333333333;2
"3-Multi";47;"2 A4 CHFU";1.2;0.2;1;2;1;1;0.0270160599071457;0.0136566295666879;0.00352976670630756;0.000426354057525569;0.10090324835377;0.333333333333333;2
"3-Multi";48;"2 A4 LEMA";1.22222222222222;0.222222222222222;1;2;1;1;0.0215836270646404;0.0012425733518505;0.0244904431279658;2.47034397689941e-08;0.0133854729217934;0.333333333333333;2
"3-Multi";49;"2 A5 LEMA";2;1;1;2;1;1;0.0458590921129755;0;0;0;8.43936670011885e-06;0.333333333333333;2
"3-Multi";50;"2 A5 ME";2;1;1;2;1;1;0.042198548785148;0.143477979625289;0.000778678680071044;0.000732722617665533;0.129218015632945;0.333333333333333;2
"3-Multi";51;"2 B1 CHFU";1.1;0.1;1;2;1;1;0.0214451805116063;0.00682831478325207;0.00352976670630753;0.000213177028762789;0.10090324835377;0.333333333333333;2
"3-Multi";52;"2 B1 LEMA";1.34782608695652;0.347826086956522;1;4;2;2;0.0248461463200804;0.000762640052838059;0.659079806889939;8.53494209169617e-08;0.0100243209817841;0.333333333333333;4
"3-Multi";53;"2 B1 ME";1.3125;0.3125;1;2;1;1;0.0366299273357769;0.0415548679667412;0.000150348891815224;5.57765014831543e-05;0.141393671069181;0.333333333333333;2
"3-Multi";54;"2 B2 LEMA";1.07692307692308;0.0769230769230769;1;2;1;1;0.0197563965859066;6.21354343901141e-05;0.0410008172438115;4.47824153889027e-09;0.00207921438980649;0.333333333333333;2
"3-Multi";55;"2 B3 LEMA";1.00724637681159;0.0072463768115942;1;2;1;1;0.0177953140998308;0.0001428253728095;0.984099705988633;1.67853365889498e-09;0.00882525860288159;0.333333333333333;2
"3-Multi";56;"2 B4 LEMA";1.17391304347826;0.173913043478261;1;4;2;2;0.0232710104041611;0.000170160361933216;0.496044611447777;5.64255942318281e-09;0.00509814973400704;0.333333333333333;4
"3-Multi";57;"2 B5 ME";1.83333333333333;0.833333333333333;1;4;2;2;0.0401975937215714;0.000448780509429609;2.55874096702192e-07;9.08034463940328e-05;0.00327474105789134;0.333333333333333;2
"3-Multi";58;"2 B6 LEMA";1.00724637681159;0.0072463768115942;1;2;1;1;0.0177953140998415;0.000142825373129002;0.984099705988633;1.67853365244685e-09;0.00882525860288159;0.333333333333333;2
"3-Multi";59;"2 C1 LEMA";1.46581196581197;0.465811965811966;1;6;3;3;0.0272417380713559;0.0147097829379598;0.0427809487548155;1.32892170283183e-05;0.0809592500427498;0.333333333333333;4
"3-Multi";60;"2 C1 ME";1.33333333333333;0.333333333333333;1;2;1;1;0.0225183717969831;0.000419464011308386;7.57383899619423e-07;9.01371883586785e-05;0.00916724692836541;0.333333333333333;2
"3-Multi";61;"2 C3 LEMA";1.1256038647343;0.1256038647343;1;4;2;2;0.022570990058022;0.000906937422163253;0.664229951701744;1.57087871820209e-08;0.0103453300425189;0.333333333333333;4
"3-Multi";62;"2 C5 LEMA";1.08416945373467;0.0841694537346711;1;4;2;2;0.0203489831250601;0.0105673696088032;0.503656142594933;3.64858741751878e-06;0.0654380757286278;0.333333333333333;4
"3-Multi";63;"2 C6 LEMA";1.08416945373467;0.0841694537346711;1;4;2;2;0.0216774095697056;0.00020496080748011;0.512550261616222;6.15677518829757e-09;0.00545223649634404;0.333333333333333;4
"3-Multi";64;"2 D1 CHFU";1.375;0.375;1;2;1;1;0.034586172588028;0.0485540361998634;0.000241459028579496;4.19748543410198e-05;0.142979982534316;0.333333333333333;2
"3-Multi";65;"2 D1 LEMA";1.9247491638796;0.924749163879599;1;10;5;5;0.0370748171573761;0.0168475941976005;0.276526165970378;1.82155559156751e-05;0.0545586596723868;0.333333333333333;6
"3-Multi";66;"2 D2 ME";2;1;1;2;1;1;0.0441577714855355;0.000612603972907267;1.44804832743601e-07;0.000899692563471178;0.00178578617228434;0.333333333333333;2
"3-Multi";67;"2 D3 ME";1.5;0.5;1;2;1;1;0.0335535230408104;2.93164983397099e-05;5.11919526763213e-09;6.66258035355149e-07;0.000328488122654304;0.333333333333333;2
"3-Multi";68;"2 D4 LEMA";1.22946859903382;0.229468599033816;1;4;2;2;0.0235046400485626;0.00138539872476701;0.344360197414855;2.63819734219313e-08;0.0118654014821561;0.333333333333333;4
"3-Multi";69;"2 D5 LEMA";1.07692307692308;0.0769230769230769;1;2;1;1;0.0184279701410771;0.0104245442355936;0.0232125792012327;3.64690888387139e-06;0.122050892854374;0.333333333333333;2
"3-Multi";70;"2 D6 LEMA";1.18803418803419;0.188034188034188;1;4;2;2;0.0212826331155012;0.0110458309115534;0.0238515111645993;3.65926060375459e-06;0.0677181828880837;0.333333333333333;4
"3-Multi";71;"2 E1 CHFU";1.1;0.1;1;2;1;1;0.0214451805116299;0.00682831478337377;0.00352976670630759;0.000213177028762786;0.10090324835377;0.333333333333333;2
"3-Multi";72;"2 E1 LEMA";1.35338164251208;0.353381642512077;1;6;3;3;0.0347634398888243;0.00989570948607055;0.289976102832058;2.3949355532301e-05;0.0619442408762589;0.333333333333333;6
"3-Multi";73;"2 E2 LEMA";1.10470085470085;0.104700854700855;1;4;2;2;0.0202699444881204;0.0123286689332166;0.0463240913819861;8.42706677929265e-06;0.108366361821446;0.333333333333333;4
"3-Multi";74;"2 E2 ME";2.0625;1.0625;1;4;2;2;0.0381776855970679;0.011719121159247;7.5781128848607e-05;0.000758320387827329;0.0807308386727745;0.333333333333333;2
"3-Multi";75;"2 E3 LEMA";1.07692307692308;0.0769230769230769;1;2;1;1;0.0197563965858692;6.2135434499487e-05;0.0410008172438115;4.47824153729961e-09;0.00207921438980649;0.333333333333333;2
"3-Multi";76;"2 E4 LEMA";1.09316770186335;0.093167701863354;1;4;2;2;0.0239744286302918;0.000513563692984027;0.745450574592538;1.52396425639722e-08;0.00748467806726008;0.333333333333333;4
"3-Multi";77;"2 E4 ME";2.39583333333333;1.39583333333333;1;6;3;3;0.0376972668996083;0.0092827130982802;5.05323468320976e-05;0.000104332280718028;0.0533641213498086;0.333333333333333;2
"3-Multi";78;"2 E5 LEMA";1.11835748792271;0.118357487922705;1;4;2;2;0.0206499770743607;0.000764112048954206;0.504295074558299;1.40302535367417e-08;0.0111053657623375;0.333333333333333;4
"3-Multi";79;"2 E6 LEMA";1.2615066093327;0.261506609332696;1;8;4;4;0.034252219092838;0.0112858941089873;0.626776888349058;3.66998383526826e-06;0.021464917089873;0.333333333333333;6
"3-Multi";80;"2 F1 LEMA";1.39613526570048;0.396135265700483;1;6;3;3;0.0266090820300862;0.00442806407519479;0.283002730451666;9.64398667810575e-06;0.0526528414798767;0.333333333333333;4
"3-Multi";81;"2 F2 LEMA";1.69444444444444;0.694444444444444;1;6;3;3;0.0291897519030202;0.00200018060125968;0.0264978454445203;4.81977282675285e-06;0.0331828841043001;0.333333333333333;4
"3-Multi";82;"2 F3 LEMA";2.01708074534162;1.01708074534161;1;10;5;5;0.0422871459025061;0.0055712320091028;0.376478139951574;9.85053482832608e-06;0.0234787143197425;0.333333333333333;6
"3-Multi";83;"2 F4 LEMA";1.00724637681159;0.0072463768115942;1;2;1;1;0.0177953140998906;0.000142825372865021;0.984099705988633;1.67853365683981e-09;0.00882525860288159;0.333333333333333;2
"3-Multi";84;"2 F6 LEMA";1.2657933853586;0.265793385358603;1;6;3;3;0.0312835748561934;0.00223335637396403;0.235307552256561;4.79527115367807e-06;0.0219489465121638;0.333333333333333;6
"3-Multi";85;"3 A1 LEMA";1.02777777777778;0.0277777777777778;1;2;1;1;0.0177162754628324;0.00190412469764186;0.0694356035627395;4.78015789542451e-06;0.094681830788518;0.333333333333333;2
"3-Multi";86;"3 A5 LEMA";1.00724637681159;0.0072463768115942;1;2;1;1;0.0177953140998906;0.000142825373197735;0.984099705988633;1.67853365068736e-09;0.00882525860288159;0.333333333333333;2
"3-Multi";87;"3 A6 CHFU";1.5;0.5;1;2;1;1;0.0313256103568379;0.000172887018420551;1.30061638729116e-07;0.000284157810773324;0.0019169838618203;0.333333333333333;2
"3-Multi";88;"3 B1 LEMA";1.20252694165738;0.202526941657376;1;6;3;3;0.0242887505126137;0.0121027721980513;0.50226681907122;7.57417246185904e-06;0.0419818686954658;0.333333333333333;6
"3-Multi";89;"3 B2 LEMA";1.01449275362319;0.0144927536231884;1;2;1;1;0.0197163270837308;0.000285650746195325;0.984099705988633;3.35706730202959e-09;0.00882525860288159;0.333333333333333;2
"3-Multi";90;"3 B3 LEMA";1.13949275362319;0.139492753623188;1;4;2;2;0.0231738555988406;0.000369696690472174;0.662392564367845;1.8433375537042e-08;0.00712285833453743;0.333333333333333;4
"3-Multi";91;"3 B5 LEMA";1.01449275362319;0.0144927536231884;1;2;1;1;0.0197163270837819;0.000285650746149447;0.984099705988633;3.35706730300075e-09;0.00882525860288159;0.333333333333333;2
"3-Multi";92;"3 B6 LEMA";1.01449275362319;0.0144927536231884;1;2;1;1;0.0197163270838034;0.000285650746058369;0.984099705988633;3.35706730448459e-09;0.00882525860288159;0.333333333333333;2
"3-Multi";93;"3 C1 LEMA";1.01449275362319;0.0144927536231884;1;2;1;1;0.0197163270837294;0.000285650745890409;0.984099705988633;3.35706730754394e-09;0.00882525860288159;0.333333333333333;2
"3-Multi";94;"3 C3 CHFU";1.5;0.5;1;2;1;1;0.0296476257262814;0.071738989812614;0.000815237025075606;0.000360396137743113;0.129218015632945;0.333333333333333;2
"3-Multi";95;"3 C3 LEMA";1.07142857142857;0.0714285714285714;1;2;1;1;0.0182113896786781;8.50875737021943e-05;0.0295031804042533;1.02040416167576e-08;0.00346293646039557;0.333333333333333;2
"3-Multi";96;"3 C3 ME";2.625;1.625;1;6;3;3;0.147305610738174;0.0848671936077677;0.000644424244830281;0.0174953053674996;0.099237928506211;0.333333333333333;2
"3-Multi";97;"3 C4 LEMA";1.125;0.125;1;2;1;1;0.0193318296312023;8.4045944444119e-05;0.0189782811262694;1.50763082361974e-08;0.00371805779784912;0.333333333333333;2
"3-Multi";98;"3 C5 LEMA";1.00724637681159;0.0072463768115942;1;2;1;1;0.0177953140999512;0.000142825373164622;0.984099705988633;1.67853365098055e-09;0.00882525860288159;0.333333333333333;2
"3-Multi";99;"3 C6 LEMA";1.10590858416945;0.105908584169454;1;4;2;2;0.0274404485211584;0.000633436926384337;0.795479928239669;1.11923761435214e-08;0.00747604976026657;0.333333333333333;4
"3-Multi";100;"3 D1 LEMA";1.02173913043478;0.0217391304347826;1;2;1;1;0.021637340067604;0.000428476119256218;0.984099705988633;5.03560095206842e-09;0.00882525860288159;0.333333333333333;2
"3-Multi";101;"3 D2 CHFU";2;1;1;2;1;1;0.0458590921130506;4.54412777628986e-12;0;0;8.43936670011885e-06;0.333333333333333;2
"3-Multi";102;"3 D2 LEMA";1.5594375431332;0.559437543133195;1;8;4;4;0.0404642600898099;0.00474620932718735;0.29615131893081;9.63144790809508e-06;0.0215338343168643;0.333333333333333;6
"3-Multi";103;"3 D3 CHFU";1.33333333333333;0.333333333333333;1;2;1;1;0.0261751739433639;0.000115258012449894;1.30061638811984e-07;0.000189438540515544;0.0019169838618203;0.333333333333333;2
"3-Multi";104;"3 D3 LEMA";1.18176328502415;0.181763285024155;1;6;3;3;0.0288578559135498;0.00255947213440304;0.670802118107257;4.80194833825524e-06;0.0222834871663156;0.333333333333333;6
"3-Multi";105;"3 D4 ME";1.5;0.5;1;2;1;1;0.0946999755696315;0.00665041236325668;5.0695966917504e-06;0.014803023975893;0.0138220421826989;0.333333333333333;2
"3-Multi";106;"3 D5 LEMA";1.04227053140097;0.0422705314009662;1;4;2;2;0.0215583014305609;0.00218977544362298;0.679211671846668;4.78351496272646e-06;0.0374441159980937;0.333333333333333;4
"3-Multi";107;"3 D6 LEMA";2.77898550724638;1.77898550724638;1;8;4;4;0.0439855924741333;0.000826555277638063;0.497279359209545;7.4693914709636e-08;0.00591187814280631;0.333333333333333;4
"3-Multi";108;"3 E1 LEMA";1.12040133779264;0.120401337792642;1;4;2;2;0.0312824744889191;0.000919087672715606;0.849371293310801;1.45494434375668e-08;0.00786153800101372;0.333333333333333;4
"3-Multi";109;"3 E2 CHFU";1.1;0.1;1;2;1;1;0.021445180511593;0.00682831478335832;0.00352976670630758;0.000213177028762786;0.10090324835377;0.333333333333333;2
"3-Multi";110;"3 E2 LEMA";1.03623188405797;0.036231884057971;1;2;1;1;0.0254793660352054;0.000714126865080032;0.984099705988633;8.39266825591569e-09;0.00882525860288159;0.333333333333333;2
"3-Multi";111;"3 E3 LEMA";1.18803418803419;0.188034188034188;1;4;2;2;0.0217751509897315;0.0014547126510966;0.0293280511750958;3.92838475222235e-06;0.0151526395557663;0.333333333333333;4
"3-Multi";112;"3 E3 ME";1.0625;0.0625;1;2;1;1;0.0200254263599249;0.00831097359339055;0.000150348891815163;1.11553002966331e-05;0.141393671069181;0.333333333333333;2
"3-Multi";113;"3 E4 LEMA";1.27777777777778;0.277777777777778;1;4;2;2;0.0280605249165297;0.0322621811870713;0.0364929927190475;7.74998264195646e-06;0.116399670780303;0.333333333333333;4
"3-Multi";114;"3 E4 ME";1.25;0.25;1;2;1;1;0.0324788020917234;0.0332438943734145;0.000150348891815215;4.46212011865238e-05;0.141393671069181;0.333333333333333;2
"3-Multi";115;"3 E5 LEMA";1.01449275362319;0.0144927536231884;1;2;1;1;0.0197163270838292;0.000285650746250717;0.984099705988633;3.35706730131014e-09;0.00882525860288159;0.333333333333333;2
"3-Multi";116;"3 F1 LEMA";1.21701969528056;0.217019695280565;1;6;3;3;0.0294592029251876;0.00202601414328332;0.665842487717454;3.93509888682157e-06;0.0109343855871765;0.333333333333333;6
"3-Multi";117;"3 F2 CHFU";1.16666666666667;0.166666666666667;1;2;1;1;0.0210247375296571;5.76290063320082e-05;1.300616388565e-07;9.47192702577723e-05;0.0019169838618203;0.333333333333333;2
"3-Multi";118;"3 F2 LEMA";1.10041407867495;0.100414078674948;1;4;2;2;0.0258954416140256;0.000656389065758166;0.793180400871757;1.69181762188908e-08;0.00775279417438438;0.333333333333333;4
"3-Multi";119;"3 F3 LEMA";1.08416945373467;0.0841694537346711;1;4;2;2;0.0216774095697782;0.000204960807646248;0.512550261616222;6.1567751847068e-09;0.00545223649634404;0.333333333333333;4
"3-Multi";120;"3 F4 LEMA";1.09866220735786;0.0986622073578595;1;4;2;2;0.0255194355375475;0.000490611553711468;0.748324983802428;9.51384248620791e-09;0.00713874754961281;0.333333333333333;4
"3-Multi";121;"3 F4 ME";1.125;0.125;1;2;1;1;0.024176551604118;0.0166219471868604;0.000150348891815247;2.23106005932612e-05;0.141393671069181;0.333333333333333;2
"3-Multi";122;"3 F5 LEMA";1.11369910282954;0.113699102829538;1;6;3;3;0.0238953899933984;0.0022748630174653;0.516784548986064;4.79371900433665e-06;0.0289488211136692;0.333333333333333;6
"3-Multi";123;"3 F6 LEMA";1.00724637681159;0.0072463768115942;1;2;1;1;0.0177953140998585;0.000142825372825521;0.984099705988633;1.67853365964858e-09;0.00882525860288159;0.333333333333333;2
"3-Multi";124;"Andrena_cinerea";10.2037878787879;6.20378787878788;4;24;12;12;0.148827222524631;0.00426967242776959;0.0303933973647618;0.029979861840969;0.0123940118794225;0.666666666666667;6
"3-Multi";125;"Anthaxia_semicuprea";2.03333333333333;1.03333333333333;1;6;3;3;0.0302290137406554;0.000270493086538318;1.60678659229933e-06;0.0120242082496152;0.00454633478538652;0.333333333333333;4
"3-Multi";126;"Brassicogethes_sp.";1.39772727272727;0.397727272727273;1;4;2;2;0.0260386989724142;0.00153163092995292;1.17519726666449e-05;0.00406321398313394;0.0132065378451209;0.333333333333333;4
"3-Multi";127;"Bruchidae";2;1;1;2;1;1;0.0458590921129828;3.50913416213258e-12;0;0;8.43936670011885e-06;0.333333333333333;2
"3-Multi";128;"Calliphoridae";2.66666666666667;1.66666666666667;1;4;2;2;0.0521810366450035;0.000138784528382871;4.50078864753008e-05;5.20188036311773e-09;0.000766003555077784;0.333333333333333;2
"3-Multi";129;"Cantharidae";8.5;4.5;4;16;8;8;0.0884012448862418;0.0063657251680709;0.00914189644528951;0.00918679220012122;0.0510735363948952;0.666666666666667;4
"3-Multi";130;"Chrysomelidae";1.14285714285714;0.142857142857143;1;2;1;1;0.019269342758629;0.000267930945117621;9.74162731313643e-06;0.00187150566431881;0.0136510268053639;0.333333333333333;2
"3-Multi";131;"Chrysotoxum_sp.";1.125;0.125;1;2;1;1;0.0194233406538755;4.36498706089802e-05;7.35066383671622e-08;0.00184032396785128;0.00250246992560317;0.333333333333333;2
"3-Multi";132;"Dilophus_sp.";33.282683982684;24.282683982684;9;80;40;40;0.587023253387345;0.46967620545406;0.167999047224165;0.0764525299892929;0.700420117397771;1;6
"3-Multi";133;"Diptera";26.2333333333333;17.2333333333333;9;42;21;21;0.556564678741599;0.908657795479749;0.010210571974389;0.00400586390143607;1;1;4
"3-Multi";134;"Empididae";8.66666666666667;4.66666666666667;4;10;5;5;0.124727532517162;0.00741801076910406;0.000387277652213383;1.58229439463092e-05;0.00558547017315089;0.666666666666667;2
"3-Multi";135;"Episyrphus_balteatus";2;1;1;2;1;1;0.0458590921129645;2.19453845423117e-12;0;0;8.43936670011885e-06;0.333333333333333;2
"3-Multi";136;"Eupeodes_corollae";22.9833333333333;13.9833333333333;9;44;22;22;0.307300920763348;1;0.0506961607286119;0.025207168506651;0.900574810601677;1;6
"3-Multi";137;"Lassioglosum_.immunitum";1.33333333333333;0.333333333333333;1;2;1;1;0.0235567143045323;0.0013072381785975;0.000102673895702121;4.98691596203143e-07;0.022549657528491;0.333333333333333;2
"3-Multi";138;"Malachius_bipustulatus";1.45833333333333;0.458333333333333;1;4;2;2;0.024695291260266;0.000325325327115632;2.40833404729504e-06;0.00210182484143394;0.00826307190857606;0.333333333333333;4
"3-Multi";139;"Meligethes_sp.";5.98452380952381;4.98452380952381;1;22;11;11;0.0699560922457396;0.00191197250242513;1.96637810436081e-06;0.0416630609473721;0.00491002067425842;0.333333333333333;6
"3-Multi";140;"Melyridae";3.33333333333333;2.33333333333333;1;8;4;4;0.0492348413238068;0.000388212136203462;8.03348307416236e-07;0.00811856329237905;0.0032337545070904;0.333333333333333;4
"3-Multi";141;"Mordellidae";3.46785714285714;2.46785714285714;1;10;5;5;0.0449195795898368;0.00105846789667434;7.63503360308018e-06;0.00450296856131536;0.0106264901137733;0.333333333333333;6
"3-Multi";142;"Musca_sp.";7.625;3.625;4;10;5;5;0.0675960651330411;0.00188716089876344;0.00875605091484876;0.00862934237076083;0.025566934543357;0.666666666666667;4
"3-Multi";143;"Nemotelus_sp.";9.79090909090909;5.79090909090909;4;20;10;10;0.108454318423904;0.0213023892965295;0.0252404646369827;0.0248872448355718;0.0791554446874213;0.666666666666667;4
"3-Multi";144;"Odontomyia_sp.";2.73333333333333;1.73333333333333;1;12;6;6;0.0390021869815274;0.00145387925851029;2.05138180824937e-06;0.0248989617885123;0.0057797621096625;0.333333333333333;6
"3-Multi";145;"Oedemeridae";1.5;0.5;1;2;1;1;0.0240867458696431;0.00241782804892744;3.69664471074707e-06;0.000173070156680484;0.0283141505241684;0.333333333333333;2
"3-Multi";146;"Psilothrix_viridicoerulea";49.3470779220779;45.3470779220779;4;132;66;66;1;0.0781365134491339;1;1;0.0535769238330445;0.666666666666667;6
"3-Multi";147;"Scaeva_sp.";11.2909090909091;7.29090909090909;4;24;12;12;0.143086366884054;0.00240994499827822;0.019199853541053;0.0192849497926887;0.0133084396179826;0.666666666666667;6
"3-Multi";148;"Sphaerophoria_scripta";18.9;9.9;9;30;15;15;0.169129810790878;0.085064873602928;0.0387906282462536;0.0191439352333087;0.191543829457637;1;6
"Aggr";1;"1 A1 LEMA";1.04951690821256;0.0495169082125604;1;4;2;2;0.0206662501518118;0.0145758507580461;0.772521847630493;0;0.266906402780709;0;4
"Aggr";2;"1 A2 CHFU";1.35;0.35;1;4;2;2;0.0620298212828678;0.18213752868459;0.0376154446679963;0;0.560834780942074;0;4
"Aggr";3;"1 A2 LEMA";1.18840579710145;0.188405797101449;1;4;2;2;0.0229258999963127;0.00729667971112155;0.756214242256991;0;0.164866976844006;0;4
"Aggr";4;"1 A3 CHFU";1.33333333333333;0.333333333333333;1;2;1;1;0.0242309761729446;0.0115065446415315;0.000121402919498274;0;0.0451608256552468;0;2
"Aggr";5;"1 A3 LEMA";1.34057971014493;0.340579710144927;1;4;2;2;0.0189435211696338;0.00270621642936519;0.506007805659286;0;0.12431694720277;0;4
"Aggr";6;"1 A4 LEMA";1.08592132505176;0.0859213250517598;1;4;2;2;0.0177118662838301;0.00565454608950794;0.676656384657642;0;0.166660881892438;0;4
"Aggr";7;"1 A5 LEMA";1.02777777777778;0.0277777777777778;1;2;1;1;0.0114271197170088;0.00841013584944098;0.090087390521973;0;0.467617103609753;0;2
"Aggr";8;"1 A6 LEMA";1.50724637681159;0.507246376811594;1;6;3;3;0.0250240590871342;0.00383718123188099;0.345624193448846;0;0.10269776475616;0;4
"Aggr";9;"1 B1 CHFU";1.5;0.5;1;2;1;1;0.0459068415116346;0.224988560393011;0.0246416723386597;0;0.535086748079327;0;2
"Aggr";10;"1 B1 LEMA";2.07692307692308;1.07692307692308;1;4;2;2;0.0312546850204907;0.042444363727256;0.0124110025675886;0;0.328074445879224;0;2
"Aggr";11;"1 B2 CHFU";2.66666666666667;1.66666666666667;1;4;2;2;0.0711003194378437;0.0712888565214459;0.00590225514062851;0;0.0932322082394571;0;2
"Aggr";12;"1 B2 LEMA";1.29227053140097;0.292270531400966;1;6;3;3;0.0232067008222957;0.0106054155458502;0.510580232152714;0;0.162210011236552;0;6
"Aggr";13;"1 B2 ME";2;1;1;2;1;1;0.0574804652300785;0.0345196339245962;0.00012140291949832;0;0.0451608256552468;0;2
"Aggr";14;"1 B5 LEMA";1.00724637681159;0.0072463768115942;1;2;1;1;0.0106859417895252;0.0020552383028664;1;0;0.200002835837694;0;2
"Aggr";15;"1 C1 LEMA";1.50724637681159;0.507246376811594;1;4;2;2;0.0197666948343574;0.00536277403878989;0.504313101504841;0;0.172165385707087;0;4
"Aggr";16;"1 C2 LEMA";1.02777777777778;0.0277777777777778;1;2;1;1;0.0114271197165458;0.00841013584944307;0.090087390521973;0;0.467617103609753;0;2
"Aggr";17;"1 C3 LEMA";1.17391304347826;0.173913043478261;1;4;2;2;0.0167664797065551;0.00318620310538434;0.512428484513983;0;0.129731117850318;0;4
"Aggr";18;"1 C4 CHFU";1.1;0.1;1;2;1;1;0.0213614287053252;0.0302764890579925;0.090087390521973;0;0.467617103609753;0;2
"Aggr";19;"1 C4 LEMA";1.47619047619048;0.476190476190476;1;4;2;2;0.0318122892625451;0.00400117666986531;0.0190659775009111;0;0.0651194122261055;0;4
"Aggr";20;"1 C5 CHFU";1.2;0.2;1;2;1;1;0.0351166257659619;0.0605529781159873;0.090087390521973;0;0.467617103609753;0;2
"Aggr";21;"1 C5 LEMA";1.35470085470085;0.354700854700855;1;6;3;3;0.0579879138124145;0.194884800151887;0.0420361782005469;0;0.536715823765771;0;6
"Aggr";22;"1 D1 LEMA";1.33333333333333;0.333333333333333;1;2;1;1;0.0239198605631293;0.000913037702322022;0.00816280102889549;0;0.0302618504502842;0;2
"Aggr";23;"1 D2 LEMA";1.00724637681159;0.0072463768115942;1;2;1;1;0.0106859417889934;0.00205523830286882;1;0;0.200002835837694;0;2
"Aggr";24;"1 D2 ME";2;1;1;2;1;1;0.0257677377334472;0.00661507147184863;0.00862620300968324;0;0.14432793557648;0;2
"Aggr";25;"1 D3 LEMA";2.27729468599034;1.27729468599034;1;8;4;4;0.0443104906515902;0.0253789759196441;0.455235883556358;0;0.241453069197802;0;6
"Aggr";26;"1 D4 LEMA";1.2;0.2;1;2;1;1;0.0163908115322871;0.00105519676030966;0.00458651485870094;0;0.0658282704119529;0;2
"Aggr";27;"1 D5 LEMA";1.73502415458937;0.735024154589372;1;10;5;5;0.0376295270482654;0.0133025138416309;0.226309297145442;0;0.168307733658037;0;6
"Aggr";28;"1 E1 LEMA";1.02898550724638;0.0289855072463768;1;2;1;1;0.0199250722236891;0.0082209532114744;1;0;0.200002835837694;0;2
"Aggr";29;"1 E2 CHFU";1.125;0.125;1;2;1;1;0.0279404279330708;0.0759305198132982;0.0113794717410079;0;0.607443619608235;0;2
"Aggr";30;"1 E2 LEMA";1.26449275362319;0.264492753623188;1;6;3;3;0.0243075619475714;0.023248560730377;0.42500306193755;0;0.249274544420179;0;6
"Aggr";31;"1 E3 LEMA";1.26532887402453;0.265328874024526;1;6;3;3;0.0288183015142638;0.04191030438697;0.609899728273325;0;0.23891093109107;0;6
"Aggr";32;"1 E3 ME";2;1;1;2;1;1;0.0378508303799895;0.0482757672383844;0.0174639595828889;0;0.189374973407878;0;2
"Aggr";33;"1 E4 LEMA";1.02898550724638;0.0289855072463768;1;2;1;1;0.0199250722240646;0.00822095321147269;1;0;0.200002835837694;0;2
"Aggr";34;"1 E5 CHFU";1.125;0.125;1;2;1;1;0.0279404279334243;0.0759305198132965;0.0113794717410079;0;0.607443619608235;0;2
"Aggr";35;"1 E5 LEMA";1.04227053140097;0.0422705314009662;1;4;2;2;0.0175865400061865;0.0125206124551808;0.696695796840657;0;0.289207591761714;0;4
"Aggr";36;"1 E6 LEMA";1.02173913043478;0.0217391304347826;1;2;1;1;0.0168453620790822;0.00616571490860455;1;0;0.200002835837694;0;2
"Aggr";37;"1 F1 LEMA";1.375;0.375;1;6;3;3;0.0242363226800553;0.0206694434063531;0.0364026172863708;0;0.238138469889927;0;6
"Aggr";38;"1 F2 LEMA";1.02777777777778;0.0277777777777778;1;2;1;1;0.0114271197163284;0.00841013584944406;0.0900873905219731;0;0.467617103609753;0;2
"Aggr";39;"1 F3 LEMA";1.17451690821256;0.17451690821256;1;6;3;3;0.026754431173118;0.0161072100397636;0.622136509995941;0;0.234762488051407;0;6
"Aggr";40;"1 F4 CHFU";1.125;0.125;1;2;1;1;0.0279404279331194;0.075930519813298;0.0113794717410079;0;0.607443619608235;0;2
"Aggr";41;"1 F4 LEMA";1.2;0.2;1;2;1;1;0.0163908115325556;0.00105519676030846;0.00458651485870089;0;0.0658282704119529;0;2
"Aggr";42;"1 F5 LEMA";1.01449275362319;0.0144927536231884;1;2;1;1;0.0137656519335352;0.00411047660573896;1;0;0.200002835837694;0;2
"Aggr";43;"1 F6 LEMA";1.18803418803419;0.188034188034188;1;4;2;2;0.0168591441327212;0.0399775988134469;0.0210528159607744;0;0.362230860743603;0;4
"Aggr";44;"2 A1 LEMA";1.69528056484578;0.695280564845782;1;8;4;4;0.102645399268599;0.347826590733189;0.214347880128941;0;0.442882930439238;0;6
"Aggr";45;"2 A3 CHFU";1.1;0.1;1;2;1;1;0.0213614287047076;0.0302764890579953;0.0900873905219731;0;0.467617103609753;0;2
"Aggr";46;"2 A3 LEMA";1.01449275362319;0.0144927536231884;1;2;1;1;0.013765651934408;0.00411047660573501;0.999999999999999;0;0.200002835837694;0;2
"Aggr";47;"2 A4 CHFU";1.2;0.2;1;2;1;1;0.0351166257654201;0.0605529781159898;0.090087390521973;0;0.467617103609753;0;2
"Aggr";48;"2 A4 LEMA";1.22222222222222;0.222222222222222;1;2;1;1;0.017066773256472;0.0148712970025561;0.0243387848240283;0;0.2644378290627;0;2
"Aggr";49;"2 A5 LEMA";2;1;1;2;1;1;0.0507082109609435;0;0;0;1.41010709088451e-05;0;2
"Aggr";50;"2 A5 ME";2;1;1;2;1;1;0.0842074513795147;0.449977120786021;0.0246416723386597;0;0.535086748079327;0;2
"Aggr";51;"2 B1 CHFU";1.1;0.1;1;2;1;1;0.0213614287045973;0.0302764890579958;0.0900873905219731;0;0.467617103609753;0;2
"Aggr";52;"2 B1 LEMA";1.34782608695652;0.347826086956522;1;4;2;2;0.022994791482551;0.0101523110997241;0.669803150463236;0;0.194618443847506;0;4
"Aggr";53;"2 B1 ME";1.3125;0.3125;1;2;1;1;0.0584417223664878;0.189826299533245;0.0113794717410079;0;0.607443619608235;0;2
"Aggr";54;"2 B2 LEMA";1.07692307692308;0.0769230769230769;1;2;1;1;0.0134446635222933;0.000827353795502571;0.0416154453455494;0;0.0532330210330972;0;2
"Aggr";55;"2 B3 LEMA";1.00724637681159;0.0072463768115942;1;2;1;1;0.0106859417892138;0.00205523830286782;1;0;0.200002835837694;0;2
"Aggr";56;"2 B4 LEMA";1.17391304347826;0.173913043478261;1;4;2;2;0.0188427562489732;0.0025117571540276;0.504081400514447;0;0.115132343143989;0;4
"Aggr";57;"2 B5 ME";1.83333333333333;0.833333333333333;1;4;2;2;0.0420540137699493;0.00711492030542774;0.00317876836335718;0;0.0721759394569565;0;2
"Aggr";58;"2 B6 LEMA";1.00724637681159;0.0072463768115942;1;2;1;1;0.0106859417886974;0.00205523830287016;1;0;0.200002835837694;0;2
"Aggr";59;"2 C1 LEMA";1.46581196581197;0.465811965811966;1;6;3;3;0.0303695488552278;0.0574757308687228;0.0535564761930784;0;0.413542653791491;0;4
"Aggr";60;"2 C1 ME";1.33333333333333;0.333333333333333;1;2;1;1;0.0168353711931126;0.0060418344939854;0.00940945138970768;0;0.183849659867131;0;2
"Aggr";61;"2 C3 LEMA";1.1256038647343;0.1256038647343;1;4;2;2;0.0184959227399507;0.0115461251070158;0.674779594941342;0;0.221481166912696;0;4
"Aggr";62;"2 C5 LEMA";1.08416945373467;0.0841694537346711;1;4;2;2;0.016578343307174;0.0366688629787162;0.51232083616933;0;0.367544791958511;0;4
"Aggr";63;"2 C6 LEMA";1.08416945373467;0.0841694537346711;1;4;2;2;0.0165243736669811;0.00288259209837205;0.520807722672775;0;0.126617928435396;0;4
"Aggr";64;"2 D1 CHFU";1.375;0.375;1;2;1;1;0.0686088205108252;0.227791559439895;0.0113794717410079;0;0.607443619608235;0;2
"Aggr";65;"2 D1 LEMA";1.9247491638796;0.924749163879599;1;10;5;5;0.045395778604083;0.0690490221412011;0.288454710716092;0;0.321435972507625;0;6
"Aggr";66;"2 D2 ME";2;1;1;2;1;1;0.0628532325380391;0.0216169727728121;0.0299691539729267;0;0.0999769740019268;0;2
"Aggr";67;"2 D3 ME";1.5;0.5;1;2;1;1;0.0328248742216292;0.00107308581143948;6.34268501818787e-05;0;0.0163390792518694;0;2
"Aggr";68;"2 D4 LEMA";1.22946859903382;0.229468599033816;1;4;2;2;0.0201464834021529;0.0169265353054211;0.349559189882685;0;0.242959497987698;0;4
"Aggr";69;"2 D5 LEMA";1.07692307692308;0.0769230769230769;1;2;1;1;0.0134986331618295;0.0346136246758497;0.0246416723386598;0;0.535086748079327;0;2
"Aggr";70;"2 D6 LEMA";1.18803418803419;0.188034188034188;1;4;2;2;0.0182289039690087;0.0420492731771231;0.024490228581344;0;0.399762288571014;0;4
"Aggr";71;"2 E1 CHFU";1.1;0.1;1;2;1;1;0.0213614287048523;0.0302764890579946;0.090087390521973;0;0.467617103609753;0;2
"Aggr";72;"2 E1 LEMA";1.35338164251208;0.353381642512077;1;6;3;3;0.0416546721843369;0.0472163526132606;0.306877933433571;0;0.350489932517013;0;6
"Aggr";73;"2 E2 LEMA";1.10470085470085;0.104700854700855;1;4;2;2;0.0173195212348877;0.0430237605252897;0.0573645314303164;0;0.50135192584454;0;4
"Aggr";74;"2 E2 ME";2.0625;1.0625;1;4;2;2;0.0603457670452446;0.104886096418146;0.0178591282825181;0;0.435940724335468;0;4
"Aggr";75;"2 E3 LEMA";1.07692307692308;0.0769230769230769;1;2;1;1;0.0134446635220489;0.00082735379550368;0.0416154453455494;0;0.0532330210330972;0;2
"Aggr";76;"2 E4 LEMA";1.09316770186335;0.093167701863354;1;4;2;2;0.0207915764285139;0.00770978439237743;0.757492288493231;0;0.174996370378753;0;4
"Aggr";77;"2 E4 ME";2.39583333333333;1.39583333333333;1;6;3;3;0.0440848731961578;0.0501789058961898;0.00695208868113617;0;0.300758825888401;0;4
"Aggr";78;"2 E5 LEMA";1.11835748792271;0.118357487922705;1;4;2;2;0.0154162125958511;0.0094908868041437;0.512169392412014;0;0.232220332450197;0;4
"Aggr";79;"2 E6 LEMA";1.2615066093327;0.261506609332696;1;8;4;4;0.0386818301140851;0.0472612394694669;0.637028283957142;0;0.211038865287853;0;6
"Aggr";80;"2 F1 LEMA";1.39613526570048;0.396135265700483;1;6;3;3;0.0275568574821809;0.0249173444957428;0.297396058108413;0;0.329771675731083;0;4
"Aggr";81;"2 F2 LEMA";1.69444444444444;0.694444444444444;1;6;3;3;0.0286270813360764;0.00976139814888058;0.0334703958239169;0;0.186048352604054;0;4
"Aggr";82;"2 F3 LEMA";2.01708074534162;1.01708074534161;1;10;5;5;0.051826257196001;0.0393818756214937;0.386073239662212;0;0.21520988139423;0;6
"Aggr";83;"2 F4 LEMA";1.00724637681159;0.0072463768115942;1;2;1;1;0.0106859417895432;0.00205523830286633;0.999999999999999;0;0.200002835837694;0;2
"Aggr";84;"2 F6 LEMA";1.2657933853586;0.265793385358603;1;6;3;3;0.0320221254950667;0.0129474355388228;0.242986745311724;0;0.165463800509348;0;6
"Aggr";85;"3 A1 LEMA";1.02777777777778;0.0277777777777778;1;2;1;1;0.0114271197162211;0.00841013584944455;0.0900873905219731;0;0.467617103609753;0;2
"Aggr";86;"3 A5 LEMA";1.00724637681159;0.0072463768115942;1;2;1;1;0.0106859417889545;0.002055238302869;1;0;0.200002835837694;0;2
"Aggr";87;"3 A6 CHFU";1.5;0.5;1;2;1;1;0.0319589557329599;0.0061254371268541;0.0205951594577322;0;0.106186829134202;0;2
"Aggr";88;"3 B1 LEMA";1.20252694165738;0.202526941657376;1;6;3;3;0.0230185644225571;0.0440880754191837;0.510526407980387;0;0.281116848290648;0;6
"Aggr";89;"3 B2 LEMA";1.01449275362319;0.0144927536231884;1;2;1;1;0.013765651933519;0.00411047660573903;1;0;0.200002835837694;0;2
"Aggr";90;"3 B3 LEMA";1.13949275362319;0.139492753623188;1;4;2;2;0.0198538329558821;0.00564183588745181;0.673531719819244;0;0.168730833603197;0;4
"Aggr";91;"3 B5 LEMA";1.01449275362319;0.0144927536231884;1;2;1;1;0.013765651934254;0.0041104766057357;0.999999999999999;0;0.200002835837694;0;2
"Aggr";92;"3 B6 LEMA";1.01449275362319;0.0144927536231884;1;2;1;1;0.0137656519341839;0.00411047660573602;1;0;0.200002835837694;0;2
"Aggr";93;"3 C1 LEMA";1.01449275362319;0.0144927536231884;1;2;1;1;0.013765651934141;0.00411047660573621;0.999999999999999;0;0.200002835837694;0;2
"Aggr";94;"3 C3 CHFU";1.5;0.5;1;2;1;1;0.0459068415117938;0.224988560393011;0.0246416723386597;0;0.535086748079327;0;2
"Aggr";95;"3 C3 LEMA";1.07142857142857;0.0714285714285714;1;2;1;1;0.0115524459936345;0.00154406948377269;0.0299691539729266;0;0.0999769740019268;0;2
"Aggr";96;"3 C3 ME";2.625;1.625;1;6;3;3;0.377992398539025;0.520506853291168;0.278211583500997;0;0.470626794665979;0;6
"Aggr";97;"3 C4 LEMA";1.125;0.125;1;2;1;1;0.0136944126665006;0.00153135928171288;0.0205951594577322;0;0.106186829134202;0;2
"Aggr";98;"3 C5 LEMA";1.00724637681159;0.0072463768115942;1;2;1;1;0.0106859417887512;0.00205523830286992;0.999999999999999;0;0.200002835837694;0;2
"Aggr";99;"3 C6 LEMA";1.10590858416945;0.105908584169454;1;4;2;2;0.0257635041019759;0.00904830700697628;0.808323089069109;0;0.170648872876775;0;4
"Aggr";100;"3 D1 LEMA";1.02173913043478;0.0217391304347826;1;2;1;1;0.0168453620789986;0.00616571490860492;1;0;0.200002835837694;0;2
"Aggr";101;"3 D2 CHFU";2;1;1;2;1;1;0.0507082109611357;0;0;0;1.41010709088451e-05;0;2
"Aggr";102;"3 D2 LEMA";1.5594375431332;0.559437543133195;1;8;4;4;0.0503063909938467;0.0322376933080657;0.304601428215119;0;0.194664946716039;0;6
"Aggr";103;"3 D3 CHFU";1.33333333333333;0.333333333333333;1;2;1;1;0.0238413810370482;0.00408362475123446;0.0205951594577322;0;0.106186829134202;0;2
"Aggr";104;"3 D3 LEMA";1.18176328502415;0.181763285024155;1;6;3;3;0.0298341413188168;0.0181624483426285;0.685113758329951;0;0.228969212682455;0;6
"Aggr";105;"3 D4 ME";1.5;0.5;1;2;1;1;0.220106231643924;0.14181144289792;1;0;0.200002835837694;0;2
"Aggr";106;"3 D5 LEMA";1.04227053140097;0.0422705314009662;1;4;2;2;0.0175865400063442;0.0125206124551801;0.696695796840657;0;0.289207591761714;0;4
"Aggr";107;"3 D6 LEMA";2.77898550724638;1.77898550724638;1;8;4;4;0.0523365203193845;0.012767287872743;0.505648511564883;0;0.140565762850993;0;4
"Aggr";108;"3 E1 LEMA";1.12040133779264;0.120401337792642;1;4;2;2;0.0319229243920411;0.0131587836127121;0.863087920763649;0;0.179035719437038;0;4
"Aggr";109;"3 E2 CHFU";1.1;0.1;1;2;1;1;0.0213614287048199;0.0302764890579948;0.090087390521973;0;0.467617103609753;0;2
"Aggr";110;"3 E2 LEMA";1.03623188405797;0.036231884057971;1;2;1;1;0.0230047823687575;0.0102761915143421;1;0;0.200002835837694;0;2
"Aggr";111;"3 E3 LEMA";1.18803418803419;0.188034188034188;1;4;2;2;0.0168051744923163;0.00619132793310367;0.0295397024642192;0;0.121303997220487;0;4
"Aggr";112;"3 E3 ME";1.0625;0.0625;1;2;1;1;0.0177733297883367;0.0379652599066504;0.0113794717410079;0;0.607443619608235;0;2
"Aggr";113;"3 E4 LEMA";1.27777777777778;0.277777777777778;1;4;2;2;0.0520955122941834;0.16027117547604;0.0507334311314905;0;0.537530361608994;0;4
"Aggr";114;"3 E4 ME";1.25;0.25;1;2;1;1;0.0482746242214461;0.151861039626599;0.0113794717410079;0;0.607443619608235;0;2
"Aggr";115;"3 E5 LEMA";1.01449275362319;0.0144927536231884;1;2;1;1;0.0137656519338783;0.0041104766057374;0.999999999999999;0;0.200002835837694;0;2
"Aggr";116;"3 F1 LEMA";1.21701969528056;0.217019695280565;1;6;3;3;0.0291240150721023;0.0144122811445769;0.676513234154739;0;0.173769889631959;0;6
"Aggr";117;"3 F2 CHFU";1.16666666666667;0.166666666666667;1;2;1;1;0.0157238063408282;0.0020418123756162;0.0205951594577322;0;0.106186829134202;0;2
"Aggr";118;"3 F2 LEMA";1.10041407867495;0.100414078674948;1;4;2;2;0.0238712865736747;0.00976502269524477;0.805993830794585;0;0.179997663470541;0;4
"Aggr";119;"3 F3 LEMA";1.08416945373467;0.0841694537346711;1;4;2;2;0.0165243736667908;0.00288259209837292;0.520807722672774;0;0.126617928435396;0;4
"Aggr";120;"3 F4 LEMA";1.09866220735786;0.0986622073578595;1;4;2;2;0.0226837939571898;0.00699306870410723;0.760403861336387;0;0.163310382136545;0;4
"Aggr";121;"3 F4 ME";1.125;0.125;1;2;1;1;0.0279404279333825;0.0759305198132968;0.0113794717410078;0;0.607443619608235;0;2
"Aggr";122;"3 F5 LEMA";1.11369910282954;0.113699102829538;1;6;3;3;0.0215327543561916;0.0140646819389511;0.530014136123724;0;0.241899937321767;0;6
"Aggr";123;"3 F6 LEMA";1.00724637681159;0.0072463768115942;1;2;1;1;0.0106859417895555;0.00205523830286627;0.999999999999999;0;0.200002835837694;0;2
"Aggr";124;"Andrena_cinerea";6.20378787878788;4.20378787878788;2;20;10;10;0.129992943296295;0.0355867654171695;0;0.0299691539729266;0.164578812361468;0;6
"Aggr";125;"Anthaxia_semicuprea";2.03333333333333;1.03333333333333;1;6;3;3;0.0291443978133483;0.00321500232100213;0;0.0120156113185718;0.0800501718612096;0;4
"Aggr";126;"Brassicogethes_sp.";1.39772727272727;0.397727272727273;1;4;2;2;0.0244438018332274;0.0117671891339689;0;0.00410763881447727;0.146863656885245;0;4
"Aggr";127;"Bruchidae";2;1;1;2;1;1;0.0507082109612542;0;0;0;1.41010709088451e-05;0;2
"Aggr";128;"Calliphoridae";2.66666666666667;1.66666666666667;1;4;2;2;0.059337982536105;0.00353311755957257;0;6.34268501818949e-05;0.0268892322311382;0;2
"Aggr";129;"Cantharidae";4.5;2.5;2;12;6;6;0.0651468673987345;0.0298389625254215;0;0.00940945138970771;0.302654919318657;0;4
"Aggr";130;"Chrysomelidae";1.14285714285714;0.142857142857143;1;2;1;1;0.0129867912234664;0.00220233009589786;0;0.00188988899186363;0.146673325288496;0;2
"Aggr";131;"Chrysotoxum_sp.";1.125;0.125;1;2;1;1;0.0131669869216084;0.000969426804783339;0;0.0018367776827183;0.0853905332147303;0;2
"Aggr";132;"Dilophus_sp.";21.282683982684;18.282683982684;3;68;34;34;0.485477543301142;0.498424235940199;0;0.0900873905219726;0.769809434629455;0;6
"Aggr";133;"Diptera";14.2333333333333;11.2333333333333;3;30;15;15;0.57414201286907;1;0;0.0113794717410082;1;0;6
"Aggr";134;"Empididae";4.66666666666667;2.66666666666667;2;6;3;3;0.117351137850799;0.0568276662820407;0;0.000121402919498015;0.0743372720552297;0;2
"Aggr";135;"Episyrphus_balteatus";2;1;1;2;1;1;0.0507082109609769;0;0;0;1.41010709088451e-05;0;2
"Aggr";136;"Eupeodes_corollae";10.9833333333333;7.98333333333333;3;32;16;16;0.270357246126306;0.740771171283346;0;0.0246416723386593;0.880881898209751;0;6
"Aggr";137;"Lassioglosum_.immunitum";1.33333333333333;0.333333333333333;1;2;1;1;0.020096945718049;0.0101602944223137;0;6.73429126925735e-05;0.182697900506648;0;2
"Aggr";138;"Malachius_bipustulatus";1.45833333333333;0.458333333333333;1;4;2;2;0.0212779933152302;0.0029459282329309;0;0.00216099592088196;0.0992044618036827;0;4
"Aggr";139;"Meligethes_sp.";5.98452380952381;4.98452380952381;1;22;11;11;0.0892936640133476;0.0177063178416644;0;0.0416154453455492;0.0876261908596506;0;6
"Aggr";140;"Melyridae";3.33333333333333;2.33333333333333;1;8;4;4;0.0575775138396205;0.0045092426499276;0;0.00816280102889525;0.0498097101591061;0;4
"Aggr";141;"Mordellidae";3.46785714285714;2.46785714285714;1;10;5;5;0.0516739993446121;0.00868554537504087;0;0.00458651485870088;0.108361224946699;0;6
"Aggr";142;"Musca_sp.";3.625;1.625;2;6;3;3;0.0427329554998481;0.0108900075491347;0;0.00862620300968287;0.237591951869889;0;4
"Aggr";143;"Nemotelus_sp.";5.79090909090909;3.79090909090909;2;16;8;8;0.100170440605407;0.110167882223151;0;0.0243387848240282;0.435323863380073;0;4
"Aggr";144;"Odontomyia_sp.";2.73333333333333;1.73333333333333;1;12;6;6;0.0429214441146342;0.0111710495856043;0;0.0248569690279661;0.0978764188140438;0;6
"Aggr";145;"Oedemeridae";1.5;0.5;1;2;1;1;0.0208894727763284;0.0128912904038618;0;0.000180332796517127;0.199290448378917;0;2
"Aggr";146;"Psilothrix_viridicoerulea";45.3470779220779;43.3470779220779;2;128;64;64;1;0.466911866422897;0;1;0.329247219660563;0;6
"Aggr";147;"Scaeva_sp.";7.29090909090909;5.29090909090909;2;20;10;10;0.114601054547827;0.0201679019908987;0;0.0205951594577322;0.174801838041256;0;6
"Aggr";148;"Sphaerophoria_scripta";6.9;3.9;3;18;9;9;0.106745642594996;0.079473588744523;0;0.0174639595828885;0.311751012707752;0;6
