"Layer";"Node";"Label";"Strength";"StrengthIn";"StrengthOut";"Degree";"DegreeIn";"DegreeOut";"PageRank";"Eigenvector";"Hub";"Authority";"Katz";"Multiplexity";"Kcore"
"1-Multi";1;"A1 LEMA";1.3768115942029;0.376811594202899;1;4;2;2;0.0768265952806142;0.000520755387963523;0.494628920182699;3.8280268518727e-06;0.00156870532178101;0.333333333333333;4
"1-Multi";2;"A2 CHFU";2.2;1.2;1;4;2;2;0.139643797889493;0.144793083831594;0.0106666292784841;0.0217298922891366;0.0482918030635507;0.333333333333333;2
"1-Multi";3;"A2 LEMA";2.36853002070393;1.36853002070393;1;8;4;4;0.180166451660367;0.00228814512264147;0.341280801823052;2.84670509546334e-05;0.00153135241756559;0.333333333333333;4
"1-Multi";4;"A5 CHFU";1.5;0.5;1;2;1;1;0.070883475912532;2.45885743089203e-05;5.63357880507827e-06;0.000740320168165816;0.000305538296329453;0.333333333333333;2
"1-Multi";5;"A6 CHFU";1.5;0.5;1;2;1;1;0.0708834759125361;2.45885742999544e-05;5.63357880509532e-06;0.000740320168165803;0.000305538296329453;0.333333333333333;2
"1-Multi";6;"B1 CHFU";1.5;0.5;1;4;2;2;0.144632797677283;0.00458352678168423;0.000740010544164518;0.0544917151626737;0.00179525106866005;0.333333333333333;4
"1-Multi";7;"B2 CHFU";1.1;0.1;1;2;1;1;0.0722167687560824;0.00211872115365381;0.00186746931999321;0.000148319914120391;0.00215568705714977;0.333333333333333;2
"1-Multi";8;"B2 LEMA";1.39648033126294;0.39648033126294;1;6;3;3;0.0867978439928409;0.0255043793255633;0.524311871755602;0.00144392333618347;0.038207703780415;0.333333333333333;6
"1-Multi";9;"B4 LEMA";1.33333333333333;0.333333333333333;1;2;1;1;0.0623397755134207;0.0479671767835146;0.104259114921152;0.00284861148404805;0.143904608300787;0.333333333333333;2
"1-Multi";10;"B4 ME";2;1;1;2;1;1;0.0898445556671542;0.154846635782878;0.0327461477939681;0.0206896037462105;0.154851800134018;0.333333333333333;2
"1-Multi";11;"B5 CHFU";1.73333333333333;0.733333333333333;1;4;2;2;0.144608339279225;0.00330224442931625;0.000190319087816114;0.0594834371920925;0.00165005301668348;0.333333333333333;4
"1-Multi";12;"B6 CHFU";1.43333333333333;0.433333333333333;1;4;2;2;0.0992721714123567;0.00295615995484756;0.00104293213547053;0.0052883618576595;0.00193788997918492;0.333333333333333;4
"1-Multi";13;"B6 LEMA";1.08695652173913;0.0869565217391304;1;2;1;1;0.0657947800877298;0.000971815006063536;0.950904665274717;6.70221003112091e-06;0.00291984834037949;0.333333333333333;2
"1-Multi";14;"C1 LEMA";1.14285714285714;0.142857142857143;1;2;1;1;0.0575385377010174;0.000548975927653355;0.0911790415518178;1.29153841283221e-05;0.00308651014011424;0.333333333333333;2
"1-Multi";15;"C2 CHFU";1.9;0.9;1;4;2;2;0.13384482283143;0.00255577714697379;0.000421819871348454;0.000164391628218749;0.000528437450771036;0.333333333333333;2
"1-Multi";16;"C2 LEMA";2.39648033126294;1.39648033126294;1;8;4;4;0.111324892732865;0.0265283074520511;0.421629926624551;0.00165832050384698;0.0317947659400587;0.333333333333333;6
"1-Multi";17;"C3 LEMA";1.04347826086957;0.0434782608695652;1;2;1;1;0.0554658438947281;0.000485907502997352;0.950904665274717;3.35110501556038e-06;0.00291984834037949;0.333333333333333;2
"1-Multi";18;"C4 LEMA";1.68633540372671;0.686335403726708;1;8;4;4;0.113476837098321;0.0259722816808335;0.252568650677187;0.00146388574396263;0.0311727081638815;0.333333333333333;6
"1-Multi";19;"C5 CHFU";1.2;0.2;1;2;1;1;0.0605439212206659;0.000109263998344307;6.04075091871595e-05;4.01792852461527e-06;0.000121625049176351;0.333333333333333;2
"1-Multi";20;"C5 LEMA";1.16666666666667;0.166666666666667;1;2;1;1;0.0626935738458953;0.000654363833035273;0.0821979942846563;1.59258568706959e-05;0.00393449283976723;0.333333333333333;2
"1-Multi";21;"C6 LEMA";1.14285714285714;0.142857142857143;1;2;1;1;0.0575385377009715;0.000548975927599702;0.0911790415518176;1.29153841283013e-05;0.00308651014011424;0.333333333333333;2
"1-Multi";22;"D2 LEMA";1.04347826086957;0.0434782608695652;1;2;1;1;0.0554658438948449;0.000485907503107852;0.950904665274718;3.35110501560301e-06;0.00291984834037949;0.333333333333333;2
"1-Multi";23;"D5 LEMA";1.66666666666667;0.666666666666667;1;4;2;2;0.0919947350429938;5.41901333104398e-05;0.0228396410501526;9.05003181041845e-07;0.000171116371062669;0.333333333333333;4
"1-Multi";24;"D6 CHFU";1.1;0.1;1;2;1;1;0.0722167687560116;0.00211872115354689;0.00186746931999283;0.000148319914120354;0.00215568705714977;0.333333333333333;2
"1-Multi";25;"E1 LEMA";1.70186335403727;0.701863354037267;1;6;3;3;0.127624833287981;0.00329870841220609;0.45279065787148;5.31766506133356e-05;0.00274131056288397;0.333333333333333;6
"1-Multi";26;"E2 LEMA";1.21014492753623;0.210144927536232;1;4;2;2;0.0730225100388351;0.00114027133599191;0.516551329779687;1.92769618862177e-05;0.00342717059007336;0.333333333333333;4
"1-Multi";27;"E4 LEMA";2.35300207039337;1.35300207039337;1;8;4;4;0.124086675150215;0.00142466911709957;0.271643565444576;2.80458807938357e-05;0.00214412477817298;0.333333333333333;6
"1-Multi";28;"E5 CHFU";1.1;0.1;1;2;1;1;0.0722167687560033;0.00211872115358036;0.00186746931999294;0.000148319914120366;0.00215568705714977;0.333333333333333;2
"1-Multi";29;"E5 LEMA";1.33333333333333;0.333333333333333;1;2;1;1;0.0706339836572913;1.9342248377397e-05;0.0073261070096244;4.28081344742056e-07;0.000124670438942806;0.333333333333333;2
"1-Multi";30;"F1 LEMA";1.3768115942029;0.376811594202899;1;6;3;3;0.0816239439446668;0.0251238597278529;0.379120591493509;0.00144358270391027;0.0502529831603111;0.333333333333333;6
"1-Multi";31;"F2 LEMA";2;1;1;2;1;1;0.1149130876693;0.000297393847257086;2.19439107014171e-05;9.43079611118901e-06;7.12312100788163e-05;0.333333333333333;2
"1-Multi";32;"F3 LEMA";1.04347826086957;0.0434782608695652;1;2;1;1;0.0554658438947696;0.000485907503023551;0.950904665274717;3.35110501556939e-06;0.00291984834037949;0.333333333333333;2
"1-Multi";33;"F4 CHFU";1.2;0.2;1;2;1;1;0.0813449221624228;0.00123240281405437;0.000176281156250175;0.0271716976242767;0.00161503307441518;0.333333333333333;2
"1-Multi";34;"F4 LEMA";1.08695652173913;0.0869565217391304;1;2;1;1;0.0657947800878975;0.000971815006157864;0.950904665274717;6.70221003115811e-06;0.00291984834037949;0.333333333333333;2
"1-Multi";35;"F5 CHFU";1.53333333333333;0.533333333333333;1;4;2;2;0.126352032466478;0.00507488110842032;0.00131777786364461;0.00543668177177984;0.00201048900517321;0.333333333333333;4
"1-Multi";36;"F6 LEMA";2.04347826086957;1.04347826086957;1;4;2;2;0.103718337928347;0.000557654530642531;0.336291648134312;3.84868504918533e-06;0.0011224486803669;0.333333333333333;2
"1-Multi";37;"Andrena_cinerea";18.3166666666667;9.31666666666667;9;26;13;13;0.482341480518841;1;0.372740505434837;0.173770920898803;1;1;6
"1-Multi";38;"Chrysotoxum_sp.";1.2;0.2;1;2;1;1;0.0589466232602121;0.00233079729484053;0.00157719703428558;0.0114629003359328;0.0139723788113947;0.333333333333333;2
"1-Multi";39;"Dilophus_sp.";10.0452380952381;6.0452380952381;4;20;10;10;0.410287089931744;0.0144664074998842;0.114102101877994;0.0960984833580519;0.0109119431154904;0.666666666666667;6
"1-Multi";40;"Diptera";8.8;4.8;4;10;5;5;0.360483865458702;0.00192057028470499;0.000217164941720798;8.6587182943845e-05;0.000409432462100333;0.666666666666667;2
"1-Multi";41;"Empididae";6.36666666666667;5.36666666666667;1;16;8;8;0.348677872437975;0.048229064184244;0.0109110456646802;0.00196352300716362;0.00489581875057783;0.333333333333333;4
"1-Multi";42;"Eupeodes_corollae";8.25;4.25;4;10;5;5;0.222718752425781;0.000317586159520735;0.0109245294860351;0.0107180689669355;0.00192261788595802;0.666666666666667;2
"1-Multi";43;"Meligethes_sp.";2.03730158730159;1.03730158730159;1;8;4;4;0.147824905998193;0.00309218089407267;0.000225402988562932;0.0455097799857927;0.002652272491144;0.333333333333333;6
"1-Multi";44;"Mordellidae";1.66666666666667;0.666666666666667;1;2;1;1;0.0868589118405549;0.000163319839181269;3.66041101639839e-06;0.0304759964678908;0.000498047794159844;0.333333333333333;2
"1-Multi";45;"Nemotelus_sp.";2.61111111111111;1.61111111111111;1;6;3;3;0.120080951643954;0.000132087963049268;9.44744702457534e-06;0.00770292690345918;0.000272510476967186;0.333333333333333;4
"1-Multi";46;"Odontomyia_sp.";2.11111111111111;1.11111111111111;1;6;3;3;0.105482159045034;0.000237975752155637;1.05253214831588e-05;0.040325878921877;0.00048396503654129;0.333333333333333;4
"1-Multi";47;"Psilothrix_viridicoerulea";17.1119047619048;13.1119047619048;4;40;20;20;1;0.0394667342674382;1;1;0.0102934091099889;0.666666666666667;6
"1-Multi";48;"Sphaerophoria_scripta";3.48333333333333;2.48333333333333;1;10;5;5;0.154020679877019;0.00893728424368411;0.000702944385832061;0.0864258658457195;0.00894500644219901;0.333333333333333;6
"2-Multi";1;"A1 LEMA";1.3768115942029;0.376811594202899;1;4;2;2;0.0768265952806142;0.000520755387963523;0.494628920182699;3.8280268518727e-06;0.00156870532178101;0.333333333333333;4
"2-Multi";2;"A2 CHFU";2.2;1.2;1;4;2;2;0.139643797889493;0.144793083831594;0.0106666292784841;0.0217298922891366;0.0482918030635507;0.333333333333333;2
"2-Multi";3;"A2 LEMA";2.36853002070393;1.36853002070393;1;8;4;4;0.180166451660367;0.00228814512264147;0.341280801823052;2.84670509546334e-05;0.00153135241756559;0.333333333333333;4
"2-Multi";4;"A5 CHFU";1.5;0.5;1;2;1;1;0.070883475912532;2.45885743089203e-05;5.63357880507827e-06;0.000740320168165816;0.000305538296329453;0.333333333333333;2
"2-Multi";5;"A6 CHFU";1.5;0.5;1;2;1;1;0.0708834759125361;2.45885742999544e-05;5.63357880509532e-06;0.000740320168165803;0.000305538296329453;0.333333333333333;2
"2-Multi";6;"B1 CHFU";1.5;0.5;1;4;2;2;0.144632797677283;0.00458352678168423;0.000740010544164518;0.0544917151626737;0.00179525106866005;0.333333333333333;4
"2-Multi";7;"B2 CHFU";1.1;0.1;1;2;1;1;0.0722167687560824;0.00211872115365381;0.00186746931999321;0.000148319914120391;0.00215568705714977;0.333333333333333;2
"2-Multi";8;"B2 LEMA";1.39648033126294;0.39648033126294;1;6;3;3;0.0867978439928409;0.0255043793255633;0.524311871755602;0.00144392333618347;0.038207703780415;0.333333333333333;6
"2-Multi";9;"B4 LEMA";1.33333333333333;0.333333333333333;1;2;1;1;0.0623397755134207;0.0479671767835146;0.104259114921152;0.00284861148404805;0.143904608300787;0.333333333333333;2
"2-Multi";10;"B4 ME";2;1;1;2;1;1;0.0898445556671542;0.154846635782878;0.0327461477939681;0.0206896037462105;0.154851800134018;0.333333333333333;2
"2-Multi";11;"B5 CHFU";1.73333333333333;0.733333333333333;1;4;2;2;0.144608339279225;0.00330224442931625;0.000190319087816114;0.0594834371920925;0.00165005301668348;0.333333333333333;4
"2-Multi";12;"B6 CHFU";1.43333333333333;0.433333333333333;1;4;2;2;0.0992721714123567;0.00295615995484756;0.00104293213547053;0.0052883618576595;0.00193788997918492;0.333333333333333;4
"2-Multi";13;"B6 LEMA";1.08695652173913;0.0869565217391304;1;2;1;1;0.0657947800877298;0.000971815006063536;0.950904665274717;6.70221003112091e-06;0.00291984834037949;0.333333333333333;2
"2-Multi";14;"C1 LEMA";1.14285714285714;0.142857142857143;1;2;1;1;0.0575385377010174;0.000548975927653355;0.0911790415518178;1.29153841283221e-05;0.00308651014011424;0.333333333333333;2
"2-Multi";15;"C2 CHFU";1.9;0.9;1;4;2;2;0.13384482283143;0.00255577714697379;0.000421819871348454;0.000164391628218749;0.000528437450771036;0.333333333333333;2
"2-Multi";16;"C2 LEMA";2.39648033126294;1.39648033126294;1;8;4;4;0.111324892732865;0.0265283074520511;0.421629926624551;0.00165832050384698;0.0317947659400587;0.333333333333333;6
"2-Multi";17;"C3 LEMA";1.04347826086957;0.0434782608695652;1;2;1;1;0.0554658438947281;0.000485907502997352;0.950904665274717;3.35110501556038e-06;0.00291984834037949;0.333333333333333;2
"2-Multi";18;"C4 LEMA";1.68633540372671;0.686335403726708;1;8;4;4;0.113476837098321;0.0259722816808335;0.252568650677187;0.00146388574396263;0.0311727081638815;0.333333333333333;6
"2-Multi";19;"C5 CHFU";1.2;0.2;1;2;1;1;0.0605439212206659;0.000109263998344307;6.04075091871595e-05;4.01792852461527e-06;0.000121625049176351;0.333333333333333;2
"2-Multi";20;"C5 LEMA";1.16666666666667;0.166666666666667;1;2;1;1;0.0626935738458953;0.000654363833035273;0.0821979942846563;1.59258568706959e-05;0.00393449283976723;0.333333333333333;2
"2-Multi";21;"C6 LEMA";1.14285714285714;0.142857142857143;1;2;1;1;0.0575385377009715;0.000548975927599702;0.0911790415518176;1.29153841283013e-05;0.00308651014011424;0.333333333333333;2
"2-Multi";22;"D2 LEMA";1.04347826086957;0.0434782608695652;1;2;1;1;0.0554658438948449;0.000485907503107852;0.950904665274718;3.35110501560301e-06;0.00291984834037949;0.333333333333333;2
"2-Multi";23;"D5 LEMA";1.66666666666667;0.666666666666667;1;4;2;2;0.0919947350429938;5.41901333104398e-05;0.0228396410501526;9.05003181041845e-07;0.000171116371062669;0.333333333333333;4
"2-Multi";24;"D6 CHFU";1.1;0.1;1;2;1;1;0.0722167687560116;0.00211872115354689;0.00186746931999283;0.000148319914120354;0.00215568705714977;0.333333333333333;2
"2-Multi";25;"E1 LEMA";1.70186335403727;0.701863354037267;1;6;3;3;0.127624833287981;0.00329870841220609;0.45279065787148;5.31766506133356e-05;0.00274131056288397;0.333333333333333;6
"2-Multi";26;"E2 LEMA";1.21014492753623;0.210144927536232;1;4;2;2;0.0730225100388351;0.00114027133599191;0.516551329779687;1.92769618862177e-05;0.00342717059007336;0.333333333333333;4
"2-Multi";27;"E4 LEMA";2.35300207039337;1.35300207039337;1;8;4;4;0.124086675150215;0.00142466911709957;0.271643565444576;2.80458807938357e-05;0.00214412477817298;0.333333333333333;6
"2-Multi";28;"E5 CHFU";1.1;0.1;1;2;1;1;0.0722167687560033;0.00211872115358036;0.00186746931999294;0.000148319914120366;0.00215568705714977;0.333333333333333;2
"2-Multi";29;"E5 LEMA";1.33333333333333;0.333333333333333;1;2;1;1;0.0706339836572913;1.9342248377397e-05;0.0073261070096244;4.28081344742056e-07;0.000124670438942806;0.333333333333333;2
"2-Multi";30;"F1 LEMA";1.3768115942029;0.376811594202899;1;6;3;3;0.0816239439446668;0.0251238597278529;0.379120591493509;0.00144358270391027;0.0502529831603111;0.333333333333333;6
"2-Multi";31;"F2 LEMA";2;1;1;2;1;1;0.1149130876693;0.000297393847257086;2.19439107014171e-05;9.43079611118901e-06;7.12312100788163e-05;0.333333333333333;2
"2-Multi";32;"F3 LEMA";1.04347826086957;0.0434782608695652;1;2;1;1;0.0554658438947696;0.000485907503023551;0.950904665274717;3.35110501556939e-06;0.00291984834037949;0.333333333333333;2
"2-Multi";33;"F4 CHFU";1.2;0.2;1;2;1;1;0.0813449221624228;0.00123240281405437;0.000176281156250175;0.0271716976242767;0.00161503307441518;0.333333333333333;2
"2-Multi";34;"F4 LEMA";1.08695652173913;0.0869565217391304;1;2;1;1;0.0657947800878975;0.000971815006157864;0.950904665274717;6.70221003115811e-06;0.00291984834037949;0.333333333333333;2
"2-Multi";35;"F5 CHFU";1.53333333333333;0.533333333333333;1;4;2;2;0.126352032466478;0.00507488110842032;0.00131777786364461;0.00543668177177984;0.00201048900517321;0.333333333333333;4
"2-Multi";36;"F6 LEMA";2.04347826086957;1.04347826086957;1;4;2;2;0.103718337928347;0.000557654530642531;0.336291648134312;3.84868504918533e-06;0.0011224486803669;0.333333333333333;2
"2-Multi";37;"Andrena_cinerea";18.3166666666667;9.31666666666667;9;26;13;13;0.482341480518841;1;0.372740505434837;0.173770920898803;1;1;6
"2-Multi";38;"Chrysotoxum_sp.";1.2;0.2;1;2;1;1;0.0589466232602121;0.00233079729484053;0.00157719703428558;0.0114629003359328;0.0139723788113947;0.333333333333333;2
"2-Multi";39;"Dilophus_sp.";10.0452380952381;6.0452380952381;4;20;10;10;0.410287089931744;0.0144664074998842;0.114102101877994;0.0960984833580519;0.0109119431154904;0.666666666666667;6
"2-Multi";40;"Diptera";8.8;4.8;4;10;5;5;0.360483865458702;0.00192057028470499;0.000217164941720798;8.6587182943845e-05;0.000409432462100333;0.666666666666667;2
"2-Multi";41;"Empididae";6.36666666666667;5.36666666666667;1;16;8;8;0.348677872437975;0.048229064184244;0.0109110456646802;0.00196352300716362;0.00489581875057783;0.333333333333333;4
"2-Multi";42;"Eupeodes_corollae";8.25;4.25;4;10;5;5;0.222718752425781;0.000317586159520735;0.0109245294860351;0.0107180689669355;0.00192261788595802;0.666666666666667;2
"2-Multi";43;"Meligethes_sp.";2.03730158730159;1.03730158730159;1;8;4;4;0.147824905998193;0.00309218089407267;0.000225402988562932;0.0455097799857927;0.002652272491144;0.333333333333333;6
"2-Multi";44;"Mordellidae";1.66666666666667;0.666666666666667;1;2;1;1;0.0868589118405549;0.000163319839181269;3.66041101639839e-06;0.0304759964678908;0.000498047794159844;0.333333333333333;2
"2-Multi";45;"Nemotelus_sp.";2.61111111111111;1.61111111111111;1;6;3;3;0.120080951643954;0.000132087963049268;9.44744702457534e-06;0.00770292690345918;0.000272510476967186;0.333333333333333;4
"2-Multi";46;"Odontomyia_sp.";2.11111111111111;1.11111111111111;1;6;3;3;0.105482159045034;0.000237975752155637;1.05253214831588e-05;0.040325878921877;0.00048396503654129;0.333333333333333;4
"2-Multi";47;"Psilothrix_viridicoerulea";17.1119047619048;13.1119047619048;4;40;20;20;1;0.0394667342674382;1;1;0.0102934091099889;0.666666666666667;6
"2-Multi";48;"Sphaerophoria_scripta";3.48333333333333;2.48333333333333;1;10;5;5;0.154020679877019;0.00893728424368411;0.000702944385832061;0.0864258658457195;0.00894500644219901;0.333333333333333;6
"3-Multi";1;"A1 LEMA";1.3768115942029;0.376811594202899;1;4;2;2;0.0768265952806142;0.000520755387963523;0.494628920182699;3.8280268518727e-06;0.00156870532178101;0.333333333333333;4
"3-Multi";2;"A2 CHFU";2.2;1.2;1;4;2;2;0.139643797889493;0.144793083831594;0.0106666292784841;0.0217298922891366;0.0482918030635507;0.333333333333333;2
"3-Multi";3;"A2 LEMA";2.36853002070393;1.36853002070393;1;8;4;4;0.180166451660367;0.00228814512264147;0.341280801823052;2.84670509546334e-05;0.00153135241756559;0.333333333333333;4
"3-Multi";4;"A5 CHFU";1.5;0.5;1;2;1;1;0.070883475912532;2.45885743089203e-05;5.63357880507827e-06;0.000740320168165816;0.000305538296329453;0.333333333333333;2
"3-Multi";5;"A6 CHFU";1.5;0.5;1;2;1;1;0.0708834759125361;2.45885742999544e-05;5.63357880509532e-06;0.000740320168165803;0.000305538296329453;0.333333333333333;2
"3-Multi";6;"B1 CHFU";1.5;0.5;1;4;2;2;0.144632797677283;0.00458352678168423;0.000740010544164518;0.0544917151626737;0.00179525106866005;0.333333333333333;4
"3-Multi";7;"B2 CHFU";1.1;0.1;1;2;1;1;0.0722167687560824;0.00211872115365381;0.00186746931999321;0.000148319914120391;0.00215568705714977;0.333333333333333;2
"3-Multi";8;"B2 LEMA";1.39648033126294;0.39648033126294;1;6;3;3;0.0867978439928409;0.0255043793255633;0.524311871755602;0.00144392333618347;0.038207703780415;0.333333333333333;6
"3-Multi";9;"B4 LEMA";1.33333333333333;0.333333333333333;1;2;1;1;0.0623397755134207;0.0479671767835146;0.104259114921152;0.00284861148404805;0.143904608300787;0.333333333333333;2
"3-Multi";10;"B4 ME";2;1;1;2;1;1;0.0898445556671542;0.154846635782878;0.0327461477939681;0.0206896037462105;0.154851800134018;0.333333333333333;2
"3-Multi";11;"B5 CHFU";1.73333333333333;0.733333333333333;1;4;2;2;0.144608339279225;0.00330224442931625;0.000190319087816114;0.0594834371920925;0.00165005301668348;0.333333333333333;4
"3-Multi";12;"B6 CHFU";1.43333333333333;0.433333333333333;1;4;2;2;0.0992721714123567;0.00295615995484756;0.00104293213547053;0.0052883618576595;0.00193788997918492;0.333333333333333;4
"3-Multi";13;"B6 LEMA";1.08695652173913;0.0869565217391304;1;2;1;1;0.0657947800877298;0.000971815006063536;0.950904665274717;6.70221003112091e-06;0.00291984834037949;0.333333333333333;2
"3-Multi";14;"C1 LEMA";1.14285714285714;0.142857142857143;1;2;1;1;0.0575385377010174;0.000548975927653355;0.0911790415518178;1.29153841283221e-05;0.00308651014011424;0.333333333333333;2
"3-Multi";15;"C2 CHFU";1.9;0.9;1;4;2;2;0.13384482283143;0.00255577714697379;0.000421819871348454;0.000164391628218749;0.000528437450771036;0.333333333333333;2
"3-Multi";16;"C2 LEMA";2.39648033126294;1.39648033126294;1;8;4;4;0.111324892732865;0.0265283074520511;0.421629926624551;0.00165832050384698;0.0317947659400587;0.333333333333333;6
"3-Multi";17;"C3 LEMA";1.04347826086957;0.0434782608695652;1;2;1;1;0.0554658438947281;0.000485907502997352;0.950904665274717;3.35110501556038e-06;0.00291984834037949;0.333333333333333;2
"3-Multi";18;"C4 LEMA";1.68633540372671;0.686335403726708;1;8;4;4;0.113476837098321;0.0259722816808335;0.252568650677187;0.00146388574396263;0.0311727081638815;0.333333333333333;6
"3-Multi";19;"C5 CHFU";1.2;0.2;1;2;1;1;0.0605439212206659;0.000109263998344307;6.04075091871595e-05;4.01792852461527e-06;0.000121625049176351;0.333333333333333;2
"3-Multi";20;"C5 LEMA";1.16666666666667;0.166666666666667;1;2;1;1;0.0626935738458953;0.000654363833035273;0.0821979942846563;1.59258568706959e-05;0.00393449283976723;0.333333333333333;2
"3-Multi";21;"C6 LEMA";1.14285714285714;0.142857142857143;1;2;1;1;0.0575385377009715;0.000548975927599702;0.0911790415518176;1.29153841283013e-05;0.00308651014011424;0.333333333333333;2
"3-Multi";22;"D2 LEMA";1.04347826086957;0.0434782608695652;1;2;1;1;0.0554658438948449;0.000485907503107852;0.950904665274718;3.35110501560301e-06;0.00291984834037949;0.333333333333333;2
"3-Multi";23;"D5 LEMA";1.66666666666667;0.666666666666667;1;4;2;2;0.0919947350429938;5.41901333104398e-05;0.0228396410501526;9.05003181041845e-07;0.000171116371062669;0.333333333333333;4
"3-Multi";24;"D6 CHFU";1.1;0.1;1;2;1;1;0.0722167687560116;0.00211872115354689;0.00186746931999283;0.000148319914120354;0.00215568705714977;0.333333333333333;2
"3-Multi";25;"E1 LEMA";1.70186335403727;0.701863354037267;1;6;3;3;0.127624833287981;0.00329870841220609;0.45279065787148;5.31766506133356e-05;0.00274131056288397;0.333333333333333;6
"3-Multi";26;"E2 LEMA";1.21014492753623;0.210144927536232;1;4;2;2;0.0730225100388351;0.00114027133599191;0.516551329779687;1.92769618862177e-05;0.00342717059007336;0.333333333333333;4
"3-Multi";27;"E4 LEMA";2.35300207039337;1.35300207039337;1;8;4;4;0.124086675150215;0.00142466911709957;0.271643565444576;2.80458807938357e-05;0.00214412477817298;0.333333333333333;6
"3-Multi";28;"E5 CHFU";1.1;0.1;1;2;1;1;0.0722167687560033;0.00211872115358036;0.00186746931999294;0.000148319914120366;0.00215568705714977;0.333333333333333;2
"3-Multi";29;"E5 LEMA";1.33333333333333;0.333333333333333;1;2;1;1;0.0706339836572913;1.9342248377397e-05;0.0073261070096244;4.28081344742056e-07;0.000124670438942806;0.333333333333333;2
"3-Multi";30;"F1 LEMA";1.3768115942029;0.376811594202899;1;6;3;3;0.0816239439446668;0.0251238597278529;0.379120591493509;0.00144358270391027;0.0502529831603111;0.333333333333333;6
"3-Multi";31;"F2 LEMA";2;1;1;2;1;1;0.1149130876693;0.000297393847257086;2.19439107014171e-05;9.43079611118901e-06;7.12312100788163e-05;0.333333333333333;2
"3-Multi";32;"F3 LEMA";1.04347826086957;0.0434782608695652;1;2;1;1;0.0554658438947696;0.000485907503023551;0.950904665274717;3.35110501556939e-06;0.00291984834037949;0.333333333333333;2
"3-Multi";33;"F4 CHFU";1.2;0.2;1;2;1;1;0.0813449221624228;0.00123240281405437;0.000176281156250175;0.0271716976242767;0.00161503307441518;0.333333333333333;2
"3-Multi";34;"F4 LEMA";1.08695652173913;0.0869565217391304;1;2;1;1;0.0657947800878975;0.000971815006157864;0.950904665274717;6.70221003115811e-06;0.00291984834037949;0.333333333333333;2
"3-Multi";35;"F5 CHFU";1.53333333333333;0.533333333333333;1;4;2;2;0.126352032466478;0.00507488110842032;0.00131777786364461;0.00543668177177984;0.00201048900517321;0.333333333333333;4
"3-Multi";36;"F6 LEMA";2.04347826086957;1.04347826086957;1;4;2;2;0.103718337928347;0.000557654530642531;0.336291648134312;3.84868504918533e-06;0.0011224486803669;0.333333333333333;2
"3-Multi";37;"Andrena_cinerea";18.3166666666667;9.31666666666667;9;26;13;13;0.482341480518841;1;0.372740505434837;0.173770920898803;1;1;6
"3-Multi";38;"Chrysotoxum_sp.";1.2;0.2;1;2;1;1;0.0589466232602121;0.00233079729484053;0.00157719703428558;0.0114629003359328;0.0139723788113947;0.333333333333333;2
"3-Multi";39;"Dilophus_sp.";10.0452380952381;6.0452380952381;4;20;10;10;0.410287089931744;0.0144664074998842;0.114102101877994;0.0960984833580519;0.0109119431154904;0.666666666666667;6
"3-Multi";40;"Diptera";8.8;4.8;4;10;5;5;0.360483865458702;0.00192057028470499;0.000217164941720798;8.6587182943845e-05;0.000409432462100333;0.666666666666667;2
"3-Multi";41;"Empididae";6.36666666666667;5.36666666666667;1;16;8;8;0.348677872437975;0.048229064184244;0.0109110456646802;0.00196352300716362;0.00489581875057783;0.333333333333333;4
"3-Multi";42;"Eupeodes_corollae";8.25;4.25;4;10;5;5;0.222718752425781;0.000317586159520735;0.0109245294860351;0.0107180689669355;0.00192261788595802;0.666666666666667;2
"3-Multi";43;"Meligethes_sp.";2.03730158730159;1.03730158730159;1;8;4;4;0.147824905998193;0.00309218089407267;0.000225402988562932;0.0455097799857927;0.002652272491144;0.333333333333333;6
"3-Multi";44;"Mordellidae";1.66666666666667;0.666666666666667;1;2;1;1;0.0868589118405549;0.000163319839181269;3.66041101639839e-06;0.0304759964678908;0.000498047794159844;0.333333333333333;2
"3-Multi";45;"Nemotelus_sp.";2.61111111111111;1.61111111111111;1;6;3;3;0.120080951643954;0.000132087963049268;9.44744702457534e-06;0.00770292690345918;0.000272510476967186;0.333333333333333;4
"3-Multi";46;"Odontomyia_sp.";2.11111111111111;1.11111111111111;1;6;3;3;0.105482159045034;0.000237975752155637;1.05253214831588e-05;0.040325878921877;0.00048396503654129;0.333333333333333;4
"3-Multi";47;"Psilothrix_viridicoerulea";17.1119047619048;13.1119047619048;4;40;20;20;1;0.0394667342674382;1;1;0.0102934091099889;0.666666666666667;6
"3-Multi";48;"Sphaerophoria_scripta";3.48333333333333;2.48333333333333;1;10;5;5;0.154020679877019;0.00893728424368411;0.000702944385832061;0.0864258658457195;0.00894500644219901;0.333333333333333;6
"Aggr";1;"A1 LEMA";1.3768115942029;0.376811594202899;1;4;2;2;0.0757606685242809;0.0322057734399604;0.517992407474761;0;0.0950406358251818;0;4
"Aggr";2;"A2 CHFU";2.2;1.2;1;4;2;2;0.212092585193701;0.817118119511182;0.066203010661646;0;0.277991812623394;0;4
"Aggr";3;"A2 LEMA";2.36853002070393;1.36853002070393;1;8;4;4;0.247397258604483;0.128834270172947;0.356047068962795;0;0.0836605065368252;0;4
"Aggr";4;"A5 CHFU";1.5;0.5;1;2;1;1;0.0552385448286023;0.00880653156523622;0.0106713099163919;0;0.103655439989633;0;2
"Aggr";5;"A6 CHFU";1.5;0.5;1;2;1;1;0.0552385448288592;0.00880653156523627;0.0106713099163919;0;0.103655439989633;0;2
"Aggr";6;"B1 CHFU";1.5;0.5;1;4;2;2;0.24286473032465;0.29490737955562;0.689096240152386;0;0.124017932488966;0;4
"Aggr";7;"B2 CHFU";1.1;0.1;1;2;1;1;0.0728647303155026;0.0533156618334621;0.067288720457158;0;0.0617463059795052;0;2
"Aggr";8;"B2 LEMA";1.39648033126294;0.39648033126294;1;6;3;3;0.0984053760844143;0.206344392906397;0.543951204028438;0;0.292963204492343;0;6
"Aggr";9;"B4 LEMA";1.33333333333333;0.333333333333333;1;2;1;1;0.0530808020233211;0.236828931948086;0.0640315910706221;0;0.710482825911172;0;2
"Aggr";10;"B4 ME";2;1;1;2;1;1;0.112802765315973;0.710486795844258;0.0640315910706221;0;0.710482825911172;0;2
"Aggr";11;"B5 CHFU";1.73333333333333;0.733333333333333;1;4;2;2;0.24758308771874;0.324215023748731;0.70392440834771;0;0.153789997352733;0;4
"Aggr";12;"B6 CHFU";1.43333333333333;0.433333333333333;1;4;2;2;0.127227997650916;0.135938967860035;0.0895309727501432;0;0.106404403275157;0;4
"Aggr";13;"B6 LEMA";1.08695652173913;0.0869565217391304;1;2;1;1;0.0601763421189532;0.052519938635252;1;0;0.155153745743696;0;2
"Aggr";14;"C1 LEMA";1.14285714285714;0.142857142857143;1;2;1;1;0.0465183635182497;0.0354099882971022;0.111773225043128;0;0.151062500570808;0;2
"Aggr";15;"C2 CHFU";1.9;0.9;1;4;2;2;0.186679584934458;0.295288413777286;0.014904645103769;0;0.0684408003255752;0;2
"Aggr";16;"C2 LEMA";2.39648033126294;1.39648033126294;1;8;4;4;0.138097280439277;0.229515930476677;0.43719616317329;0;0.2606899201612;0;6
"Aggr";17;"C3 LEMA";1.04347826086957;0.0434782608695652;1;2;1;1;0.0416980812479045;0.026259969317626;1;0;0.155153745743696;0;2
"Aggr";18;"C4 LEMA";1.68633540372671;0.686335403726708;1;8;4;4;0.137316042771956;0.185103546871098;0.250703529763003;0;0.220803986548551;0;6
"Aggr";19;"C5 CHFU";1.2;0.2;1;2;1;1;0.0516735340311454;0.0604931879859558;0.0018086262654218;0;0.0701144239120927;0;2
"Aggr";20;"C5 LEMA";1.16666666666667;0.166666666666667;1;2;1;1;0.0517557448020857;0.01518735881875;0.0745147991801984;0;0.090468040568481;0;2
"Aggr";21;"C6 LEMA";1.14285714285714;0.142857142857143;1;2;1;1;0.0465183635195771;0.0354099882971025;0.111773225043128;0;0.151062500570808;0;2
"Aggr";22;"D2 LEMA";1.04347826086957;0.0434782608695652;1;2;1;1;0.0416980812479586;0.026259969317626;1;0;0.155153745743696;0;2
"Aggr";23;"D5 LEMA";1.66666666666667;0.666666666666667;1;4;2;2;0.0974999885929478;0.00983678645235246;0.0212988915645796;0;0.0288471008983139;0;4
"Aggr";24;"D6 CHFU";1.1;0.1;1;2;1;1;0.0728647303185649;0.0533156618334629;0.067288720457158;0;0.0617463059795052;0;2
"Aggr";25;"E1 LEMA";1.70186335403727;0.701863354037267;1;6;3;3;0.172165854268509;0.195064266786115;0.482253733501912;0;0.139442288413492;0;6
"Aggr";26;"E2 LEMA";1.21014492753623;0.210144927536232;1;4;2;2;0.0702340056741753;0.0414473281363763;0.537257399590099;0;0.122810893156089;0;4
"Aggr";27;"E4 LEMA";2.35300207039337;1.35300207039337;1;8;4;4;0.157887076426394;0.0691147852087778;0.281410642120147;0;0.101681126563184;0;6
"Aggr";28;"E5 CHFU";1.1;0.1;1;2;1;1;0.0728647303176063;0.0533156618334626;0.067288720457158;0;0.0617463059795052;0;2
"Aggr";29;"E5 LEMA";1.33333333333333;0.333333333333333;1;2;1;1;0.0634374013136451;0.00389098233001739;0.00661296817963685;0;0.0227666758899601;0;2
"Aggr";30;"F1 LEMA";1.3768115942029;0.376811594202899;1;6;3;3;0.085164496497721;0.159861794110419;0.37951546341694;0;0.318701537407783;0;6
"Aggr";31;"F2 LEMA";2;1;1;2;1;1;0.165488388651905;0.30246593992978;0.00180862626542181;0;0.0701144239120927;0;2
"Aggr";32;"F3 LEMA";1.04347826086957;0.0434782608695652;1;2;1;1;0.0416980812482201;0.0262599693176261;1;0;0.155153745743696;0;2
"Aggr";33;"F4 CHFU";1.2;0.2;1;2;1;1;0.108219820380269;0.120795858861079;1;0;0.155153745743696;0;2
"Aggr";34;"F4 LEMA";1.08695652173913;0.0869565217391304;1;2;1;1;0.0601763421162371;0.0525199386352514;1;0;0.155153745743696;0;2
"Aggr";35;"F5 CHFU";1.53333333333333;0.533333333333333;1;4;2;2;0.176872907591923;0.189254629693498;0.0821168886524815;0;0.0915183708432729;0;4
"Aggr";36;"F6 LEMA";2.04347826086957;1.04347826086957;1;4;2;2;0.118523977939791;0.039579599113783;0.3515149294875;0;0.0779549683208083;0;2
"Aggr";37;"Andrena_cinerea";6.31666666666667;3.31666666666667;3;14;7;7;0.316175099793678;1;0;0.0640315910706215;1;0;6
"Aggr";38;"Chrysotoxum_sp.";1.2;0.2;1;2;1;1;0.0466963580596844;0.0326136076079264;0;0.0101759997527012;0.18521802885164;0;2
"Aggr";39;"Dilophus_sp.";6.0452380952381;4.0452380952381;2;16;8;8;0.383740710654589;0.348873363346857;0;0.111773225043128;0.212616022040485;0;6
"Aggr";40;"Diptera";4.8;2.8;2;6;3;3;0.334749572413051;0.425716482978921;0;0.00180862626542176;0.0986816229481169;0;2
"Aggr";41;"Empididae";6.36666666666667;5.36666666666667;1;16;8;8;0.584057763963205;0.750410312272027;0;0.0672887204571582;0.0869034989019692;0;4
"Aggr";42;"Eupeodes_corollae";4.25;2.25;2;6;3;3;0.150676350337015;0.0247901343606845;0;0.0106713099163917;0.145890595285455;0;2
"Aggr";43;"Meligethes_sp.";2.03730158730159;1.03730158730159;1;8;4;4;0.194481591712805;0.0990599093539529;0;0.0404564593839982;0.0808526207654385;0;6
"Aggr";44;"Mordellidae";1.66666666666667;0.666666666666667;1;2;1;1;0.0903834078751903;0.0187471883700977;0;0.0272723942312499;0.0553885567375101;0;2
"Aggr";45;"Nemotelus_sp.";2.61111111111111;1.61111111111111;1;6;3;3;0.141944403290173;0.0164295058801003;0;0.00661296817963676;0.0320396786061607;0;4
"Aggr";46;"Odontomyia_sp.";2.11111111111111;1.11111111111111;1;6;3;3;0.12022089629322;0.02510590270128;0;0.0359848149495218;0.0491560721796305;0;4
"Aggr";47;"Psilothrix_viridicoerulea";13.1119047619048;11.1119047619048;2;36;18;18;1;0.850092215419281;0;1;0.218374448670901;0;6
"Aggr";48;"Sphaerophoria_scripta";3.48333333333333;2.48333333333333;1;10;5;5;0.201430054807511;0.12825594148336;0;0.0745147991801978;0.127329333663703;0;6
