"Layer";"Node";"Label";"Strength";"StrengthIn";"StrengthOut";"Degree";"DegreeIn";"DegreeOut";"PageRank";"Eigenvector";"Hub";"Authority";"Katz";"Multiplexity";"Kcore"
"1-Multi";1;"A1 LEMA";1.1531007751938;0.153100775193798;1;4;2;2;0.130606169903172;0.00109382055716432;0.783736952847236;1.01306840136997e-06;0.0016511671450367;0.333333333333333;4
"1-Multi";2;"A2 CHFU";1.65;0.65;1;4;2;2;0.139478760013473;0.000960498335840398;4.48367520319896e-06;0.00347880862044452;0.000914859103145022;0.333333333333333;2
"1-Multi";3;"A2 LEMA";1.23643410852713;0.236434108527132;1;4;2;2;0.135574742924457;0.00077995300693187;0.77148151526557;9.13372431064366e-07;0.00117848001734665;0.333333333333333;4
"1-Multi";4;"A3 CHFU";1.33333333333333;0.333333333333333;1;2;1;1;0.0889746329946921;0.0100217384265121;0.000199825287937533;0.000143194069655788;0.0100316729179749;0.333333333333333;2
"1-Multi";5;"A3 LEMA";1.35658914728682;0.356589147286822;1;4;2;2;0.102546964980464;0.000212118541579165;0.520897424118922;1.06222526922357e-07;0.000644956884819553;0.333333333333333;4
"1-Multi";6;"A4 LEMA";1.37984496124031;0.37984496124031;1;4;2;2;0.12426635945364;0.00037385218622407;0.674012691471816;1.61952341163724e-07;0.000756264785263591;0.333333333333333;2
"1-Multi";7;"A5 LEMA";1.08333333333333;0.0833333333333333;1;2;1;1;0.0735569579346915;0.00054599734324277;0.134947811388946;7.72840215248359e-07;0.00329198374697873;0.333333333333333;2
"1-Multi";8;"A6 LEMA";1.52325581395349;0.523255813953488;1;6;3;3;0.124081975075791;0.000444248334581193;0.375906969766709;7.79366771867697e-07;0.000897049668619215;0.333333333333333;4
"1-Multi";9;"B1 CHFU";2;1;1;2;1;1;0.144014805259855;0.00190825171255091;7.53842424638126e-06;0.00182648498532497;0.00286669580031711;0.333333333333333;2
"1-Multi";10;"B1 LEMA";2.25;1.25;1;4;2;2;0.13044958821889;0.000967620491888444;0.00884300260786369;1.88460606159324e-06;0.00290617812351693;0.333333333333333;2
"1-Multi";11;"B2 CHFU";2.66666666666667;1.66666666666667;1;4;2;2;0.172487078318123;0.161820481652966;0.0025015104834566;0.00595049603737196;0.0539486395457664;0.333333333333333;2
"1-Multi";12;"B2 LEMA";1.37984496124031;0.37984496124031;1;6;3;3;0.127774564865537;0.0244208889795228;0.53281988366639;0.000246634856672438;0.036639094589631;0.333333333333333;4
"1-Multi";13;"B2 ME";2;1;1;2;1;1;0.144217148855272;0.0164127841220923;0.000475033609890982;2.11422612182226e-05;0.00548110243910343;0.333333333333333;2
"1-Multi";14;"B5 LEMA";1.02325581395349;0.0232558139534884;1;2;1;1;0.0760069248496502;0.000182607737972374;1;8.0076062057117e-08;0.00110422827772269;0.333333333333333;2
"1-Multi";15;"C1 LEMA";2.02325581395349;1.02325581395349;1;4;2;2;0.122369210859895;0.000209292729760873;0.513742819945704;8.96709981617742e-08;0.000637336684453106;0.333333333333333;2
"1-Multi";16;"C2 LEMA";1.08333333333333;0.0833333333333333;1;2;1;1;0.0735569579351374;0.000545997343241574;0.134947811388946;7.72840215250215e-07;0.00329198374697873;0.333333333333333;2
"1-Multi";17;"C3 LEMA";1.18992248062015;0.189922480620155;1;4;2;2;0.0975419349450479;0.00041473753097716;0.542963030531141;7.53220306997468e-07;0.00125273175697061;0.333333333333333;4
"1-Multi";18;"C4 CHFU";1.25;0.25;1;2;1;1;0.0976277084433579;0.000861662245044673;1.16455920935761e-05;0.00334890069524403;0.00175165463155269;0.333333333333333;2
"1-Multi";19;"C4 LEMA";2.16666666666667;1.16666666666667;1;4;2;2;0.17862881077669;1.82522347618559e-05;0.0113184199762735;3.69088400293606e-09;3.58949167532252e-05;0.333333333333333;2
"1-Multi";20;"C5 CHFU";1.5;0.5;1;2;1;1;0.138264896026106;0.00172332449009841;1.16455920935145e-05;0.006697801390488;0.00175165463155269;0.333333333333333;2
"1-Multi";21;"C5 LEMA";2.33333333333333;1.33333333333333;1;6;3;3;0.165344585260252;0.00163417504944561;0.051391529771788;2.83472645777394e-06;0.0031204658162028;0.333333333333333;4
"1-Multi";22;"D1 LEMA";1.5;0.5;1;2;1;1;0.120142749547708;9.78814202087279e-07;0.000598765537100153;9.04498884759658e-11;1.14520331610476e-05;0.333333333333333;2
"1-Multi";23;"D2 LEMA";1.02325581395349;0.0232558139534884;1;2;1;1;0.0760069248501841;0.00018260773797966;1;8.00760620472087e-08;0.00110422827772269;0.333333333333333;2
"1-Multi";24;"D2 ME";2;1;1;2;1;1;0.111221812013022;1.45674995258641e-05;1.06101163293213e-08;0.00290808327780986;9.78778148787018e-05;0.333333333333333;2
"1-Multi";25;"D3 LEMA";2.48643410852713;1.48643410852713;1;8;4;4;0.213136949100698;0.00171116286779457;0.470044006542432;1.99877506939518e-06;0.00147748375820242;0.333333333333333;4
"1-Multi";26;"D4 LEMA";1.25;0.25;1;2;1;1;0.088730261387701;2.39873126361253e-05;0.0139875667719122;2.16228751570151e-08;0.000152640913172784;0.333333333333333;2
"1-Multi";27;"D5 LEMA";1.85658914728682;0.856589147286822;1;10;5;5;0.172388152677101;0.00101423299045515;0.255331257492197;1.57382986225536e-06;0.00122715473320183;0.333333333333333;4
"1-Multi";28;"E1 LEMA";1.09302325581395;0.0930232558139535;1;2;1;1;0.13305613681841;0.00073043095189923;1;3.2030424816833e-07;0.00110422827772269;0.333333333333333;2
"1-Multi";29;"E2 CHFU";1.2;0.2;1;2;1;1;0.0779160466459659;4.94180453954641e-05;9.02716757944581e-07;6.49539626002711e-05;0.000496461338941185;0.333333333333333;2
"1-Multi";30;"E2 LEMA";1.46317829457364;0.463178294573643;1;6;3;3;0.134022217776444;0.0485583002403447;0.445130951719099;0.000492536112946105;0.0582787626872289;0.333333333333333;4
"1-Multi";31;"E3 LEMA";1.48643410852713;0.486434108527132;1;6;3;3;0.159486799387309;0.00165384493951287;0.620637803062022;2.61765865019711e-06;0.00199128156496465;0.333333333333333;4
"1-Multi";32;"E3 ME";2;1;1;2;1;1;0.114454567782638;0.15542943595768;0.00789424134864709;0.00555028968002724;0.155434284237964;0.333333333333333;2
"1-Multi";33;"E4 LEMA";1.09302325581395;0.0930232558139535;1;2;1;1;0.133056136818122;0.000730430951892723;1;3.20304248180356e-07;0.00110422827772269;0.333333333333333;2
"1-Multi";34;"E5 CHFU";1.2;0.2;1;2;1;1;0.0779160466454213;4.9418045389411e-05;9.02716758126783e-07;6.49539626002845e-05;0.000496461338941185;0.333333333333333;2
"1-Multi";35;"E5 LEMA";1.12984496124031;0.12984496124031;1;4;2;2;0.111589765913886;0.000911212819180882;0.711649270462982;9.32992339345914e-07;0.00183348010080803;0.333333333333333;4
"1-Multi";36;"E6 LEMA";1.06976744186047;0.0697674418604651;1;2;1;1;0.114039732829077;0.000547823213923045;1;2.40228186131709e-07;0.00110422827772269;0.333333333333333;2
"1-Multi";37;"F1 LEMA";1.91666666666667;0.916666666666667;1;6;3;3;0.119874952018611;0.0494354865018742;0.0597836249344027;0.000504770848304091;0.0741620788879118;0.333333333333333;4
"1-Multi";38;"F2 LEMA";1.08333333333333;0.0833333333333333;1;2;1;1;0.0735569579350138;0.000545997343240462;0.134947811388945;7.72840215255455e-07;0.00329198374697873;0.333333333333333;2
"1-Multi";39;"F3 LEMA";1.6531007751938;0.653100775193798;1;6;3;3;0.154491712124796;0.00233622229463641;0.629685510506212;1.34079558834458e-05;0.00281352545021906;0.333333333333333;4
"1-Multi";40;"F4 CHFU";1.2;0.2;1;2;1;1;0.0779160466458398;4.94180453946316e-05;9.02716758032761e-07;6.49539626002723e-05;0.000496461338941185;0.333333333333333;2
"1-Multi";41;"F4 LEMA";1.25;0.25;1;2;1;1;0.0887302613870577;2.39873126292413e-05;0.0139875667719123;2.16228751694224e-08;0.000152640913172784;0.333333333333333;2
"1-Multi";42;"F5 LEMA";1.04651162790698;0.0465116279069767;1;2;1;1;0.0950233288396919;0.000365215475947162;0.999999999999999;1.60152124094461e-07;0.00110422827772269;0.333333333333333;2
"1-Multi";43;"F6 LEMA";1.41666666666667;0.416666666666667;1;4;2;2;0.0921188032548512;0.0246974356431589;0.0313082139255523;0.000247505846522537;0.0740945871611483;0.333333333333333;4
"1-Multi";44;"Andrena_cinerea";1.83333333333333;0.833333333333333;1;4;2;2;0.141204376882214;5.88668999274361e-05;5.64447032094151e-08;0.0220380744154467;0.000126255050270677;0.333333333333333;2
"1-Multi";45;"Anthaxia_semicuprea";2.03333333333333;1.03333333333333;1;6;3;3;0.131664410439495;0.000201142503320867;8.19806387201717e-07;0.0417948482378444;0.000411043416085647;0.333333333333333;4
"1-Multi";46;"Chrysomelidae";1.14285714285714;0.142857142857143;1;2;1;1;0.078257917748344;0.000107594915156198;1.99877506952435e-06;0.00642485624722289;0.000655072064995018;0.333333333333333;2
"1-Multi";47;"Dilophus_sp.";13.3857142857143;9.38571428571429;4;32;16;16;0.869222711409226;0.0227165040975608;0.140100567138953;0.134959456981039;0.0114306717534402;0.666666666666667;4
"1-Multi";48;"Diptera";10;6;4;14;7;7;0.424886722151389;0.00104822994013657;0.00339805694754383;0.00196472639534718;0.0029783084427869;0.666666666666667;2
"1-Multi";49;"Empididae";8.66666666666667;4.66666666666667;4;10;5;5;0.450006168203509;0.105596369316188;0.00471072987384675;0.000674858897828103;0.0352164182178995;0.666666666666667;2
"1-Multi";50;"Eupeodes_corollae";8.53333333333333;4.53333333333333;4;14;7;7;0.448814511540932;0.0122772864789742;0.0191606883668231;0.0172704926720747;0.0183955515243491;0.666666666666667;4
"1-Multi";51;"Melyridae";2.5;1.5;1;4;2;2;0.186587159821284;4.44766234498579e-06;1.89066708263091e-09;0.000598765537099961;1.51872071093541e-05;0.333333333333333;2
"1-Multi";52;"Mordellidae";3.34285714285714;2.34285714285714;1;8;4;4;0.187357165405069;0.000217993300459696;9.03962670611091e-07;0.0139875667719121;0.000335966552192127;0.333333333333333;4
"1-Multi";53;"Musca_sp.";7.5;3.5;4;8;4;4;0.255687610135268;9.37241998280785e-05;0.0303938234503327;0.0274856505015243;0.00058121555196762;0.666666666666667;2
"1-Multi";54;"Odontomyia_sp.";2.73333333333333;1.73333333333333;1;12;6;6;0.19000551652975;0.00316434403354226;4.22120507825448e-05;0.0859260610622827;0.00317275702172055;0.333333333333333;4
"1-Multi";55;"Oedemeridae";1.5;0.5;1;2;1;1;0.096284281609242;0.000212947968372364;1.88460606171028e-06;0.000423050967898564;0.00128390231984133;0.333333333333333;2
"1-Multi";56;"Psilothrix_viridicoerulea";14.3952380952381;13.3952380952381;1;40;20;20;1;0.0178397676030166;3.59872140764675e-05;1;0.00249796097812698;0.333333333333333;4
"1-Multi";57;"Scaeva_sp.";1.45;0.45;1;4;2;2;0.0941949564074828;0.00564538553313988;0.000259089402093926;0.0134797411421131;0.0169449158015334;0.333333333333333;4
"1-Multi";58;"Sphaerophoria_scripta";17.9833333333333;8.98333333333333;9;24;12;12;0.62219906712651;1;0.13262076980785;0.0603525958264169;1;1;4
"2-Multi";1;"A1 LEMA";1.1531007751938;0.153100775193798;1;4;2;2;0.130606169903172;0.00109382055716432;0.783736952847236;1.01306840136997e-06;0.0016511671450367;0.333333333333333;4
"2-Multi";2;"A2 CHFU";1.65;0.65;1;4;2;2;0.139478760013473;0.000960498335840398;4.48367520319896e-06;0.00347880862044452;0.000914859103145022;0.333333333333333;2
"2-Multi";3;"A2 LEMA";1.23643410852713;0.236434108527132;1;4;2;2;0.135574742924457;0.00077995300693187;0.77148151526557;9.13372431064366e-07;0.00117848001734665;0.333333333333333;4
"2-Multi";4;"A3 CHFU";1.33333333333333;0.333333333333333;1;2;1;1;0.0889746329946921;0.0100217384265121;0.000199825287937533;0.000143194069655788;0.0100316729179749;0.333333333333333;2
"2-Multi";5;"A3 LEMA";1.35658914728682;0.356589147286822;1;4;2;2;0.102546964980464;0.000212118541579165;0.520897424118922;1.06222526922357e-07;0.000644956884819553;0.333333333333333;4
"2-Multi";6;"A4 LEMA";1.37984496124031;0.37984496124031;1;4;2;2;0.12426635945364;0.00037385218622407;0.674012691471816;1.61952341163724e-07;0.000756264785263591;0.333333333333333;2
"2-Multi";7;"A5 LEMA";1.08333333333333;0.0833333333333333;1;2;1;1;0.0735569579346915;0.00054599734324277;0.134947811388946;7.72840215248359e-07;0.00329198374697873;0.333333333333333;2
"2-Multi";8;"A6 LEMA";1.52325581395349;0.523255813953488;1;6;3;3;0.124081975075791;0.000444248334581193;0.375906969766709;7.79366771867697e-07;0.000897049668619215;0.333333333333333;4
"2-Multi";9;"B1 CHFU";2;1;1;2;1;1;0.144014805259855;0.00190825171255091;7.53842424638126e-06;0.00182648498532497;0.00286669580031711;0.333333333333333;2
"2-Multi";10;"B1 LEMA";2.25;1.25;1;4;2;2;0.13044958821889;0.000967620491888444;0.00884300260786369;1.88460606159324e-06;0.00290617812351693;0.333333333333333;2
"2-Multi";11;"B2 CHFU";2.66666666666667;1.66666666666667;1;4;2;2;0.172487078318123;0.161820481652966;0.0025015104834566;0.00595049603737196;0.0539486395457664;0.333333333333333;2
"2-Multi";12;"B2 LEMA";1.37984496124031;0.37984496124031;1;6;3;3;0.127774564865537;0.0244208889795228;0.53281988366639;0.000246634856672438;0.036639094589631;0.333333333333333;4
"2-Multi";13;"B2 ME";2;1;1;2;1;1;0.144217148855272;0.0164127841220923;0.000475033609890982;2.11422612182226e-05;0.00548110243910343;0.333333333333333;2
"2-Multi";14;"B5 LEMA";1.02325581395349;0.0232558139534884;1;2;1;1;0.0760069248496502;0.000182607737972374;1;8.0076062057117e-08;0.00110422827772269;0.333333333333333;2
"2-Multi";15;"C1 LEMA";2.02325581395349;1.02325581395349;1;4;2;2;0.122369210859895;0.000209292729760873;0.513742819945704;8.96709981617742e-08;0.000637336684453106;0.333333333333333;2
"2-Multi";16;"C2 LEMA";1.08333333333333;0.0833333333333333;1;2;1;1;0.0735569579351374;0.000545997343241574;0.134947811388946;7.72840215250215e-07;0.00329198374697873;0.333333333333333;2
"2-Multi";17;"C3 LEMA";1.18992248062015;0.189922480620155;1;4;2;2;0.0975419349450479;0.00041473753097716;0.542963030531141;7.53220306997468e-07;0.00125273175697061;0.333333333333333;4
"2-Multi";18;"C4 CHFU";1.25;0.25;1;2;1;1;0.0976277084433579;0.000861662245044673;1.16455920935761e-05;0.00334890069524403;0.00175165463155269;0.333333333333333;2
"2-Multi";19;"C4 LEMA";2.16666666666667;1.16666666666667;1;4;2;2;0.17862881077669;1.82522347618559e-05;0.0113184199762735;3.69088400293606e-09;3.58949167532252e-05;0.333333333333333;2
"2-Multi";20;"C5 CHFU";1.5;0.5;1;2;1;1;0.138264896026106;0.00172332449009841;1.16455920935145e-05;0.006697801390488;0.00175165463155269;0.333333333333333;2
"2-Multi";21;"C5 LEMA";2.33333333333333;1.33333333333333;1;6;3;3;0.165344585260252;0.00163417504944561;0.051391529771788;2.83472645777394e-06;0.0031204658162028;0.333333333333333;4
"2-Multi";22;"D1 LEMA";1.5;0.5;1;2;1;1;0.120142749547708;9.78814202087279e-07;0.000598765537100153;9.04498884759658e-11;1.14520331610476e-05;0.333333333333333;2
"2-Multi";23;"D2 LEMA";1.02325581395349;0.0232558139534884;1;2;1;1;0.0760069248501841;0.00018260773797966;1;8.00760620472087e-08;0.00110422827772269;0.333333333333333;2
"2-Multi";24;"D2 ME";2;1;1;2;1;1;0.111221812013022;1.45674995258641e-05;1.06101163293213e-08;0.00290808327780986;9.78778148787018e-05;0.333333333333333;2
"2-Multi";25;"D3 LEMA";2.48643410852713;1.48643410852713;1;8;4;4;0.213136949100698;0.00171116286779457;0.470044006542432;1.99877506939518e-06;0.00147748375820242;0.333333333333333;4
"2-Multi";26;"D4 LEMA";1.25;0.25;1;2;1;1;0.088730261387701;2.39873126361253e-05;0.0139875667719122;2.16228751570151e-08;0.000152640913172784;0.333333333333333;2
"2-Multi";27;"D5 LEMA";1.85658914728682;0.856589147286822;1;10;5;5;0.172388152677101;0.00101423299045515;0.255331257492197;1.57382986225536e-06;0.00122715473320183;0.333333333333333;4
"2-Multi";28;"E1 LEMA";1.09302325581395;0.0930232558139535;1;2;1;1;0.13305613681841;0.00073043095189923;1;3.2030424816833e-07;0.00110422827772269;0.333333333333333;2
"2-Multi";29;"E2 CHFU";1.2;0.2;1;2;1;1;0.0779160466459659;4.94180453954641e-05;9.02716757944581e-07;6.49539626002711e-05;0.000496461338941185;0.333333333333333;2
"2-Multi";30;"E2 LEMA";1.46317829457364;0.463178294573643;1;6;3;3;0.134022217776444;0.0485583002403447;0.445130951719099;0.000492536112946105;0.0582787626872289;0.333333333333333;4
"2-Multi";31;"E3 LEMA";1.48643410852713;0.486434108527132;1;6;3;3;0.159486799387309;0.00165384493951287;0.620637803062022;2.61765865019711e-06;0.00199128156496465;0.333333333333333;4
"2-Multi";32;"E3 ME";2;1;1;2;1;1;0.114454567782638;0.15542943595768;0.00789424134864709;0.00555028968002724;0.155434284237964;0.333333333333333;2
"2-Multi";33;"E4 LEMA";1.09302325581395;0.0930232558139535;1;2;1;1;0.133056136818122;0.000730430951892723;1;3.20304248180356e-07;0.00110422827772269;0.333333333333333;2
"2-Multi";34;"E5 CHFU";1.2;0.2;1;2;1;1;0.0779160466454213;4.9418045389411e-05;9.02716758126783e-07;6.49539626002845e-05;0.000496461338941185;0.333333333333333;2
"2-Multi";35;"E5 LEMA";1.12984496124031;0.12984496124031;1;4;2;2;0.111589765913886;0.000911212819180882;0.711649270462982;9.32992339345914e-07;0.00183348010080803;0.333333333333333;4
"2-Multi";36;"E6 LEMA";1.06976744186047;0.0697674418604651;1;2;1;1;0.114039732829077;0.000547823213923045;1;2.40228186131709e-07;0.00110422827772269;0.333333333333333;2
"2-Multi";37;"F1 LEMA";1.91666666666667;0.916666666666667;1;6;3;3;0.119874952018611;0.0494354865018742;0.0597836249344027;0.000504770848304091;0.0741620788879118;0.333333333333333;4
"2-Multi";38;"F2 LEMA";1.08333333333333;0.0833333333333333;1;2;1;1;0.0735569579350138;0.000545997343240462;0.134947811388945;7.72840215255455e-07;0.00329198374697873;0.333333333333333;2
"2-Multi";39;"F3 LEMA";1.6531007751938;0.653100775193798;1;6;3;3;0.154491712124796;0.00233622229463641;0.629685510506212;1.34079558834458e-05;0.00281352545021906;0.333333333333333;4
"2-Multi";40;"F4 CHFU";1.2;0.2;1;2;1;1;0.0779160466458398;4.94180453946316e-05;9.02716758032761e-07;6.49539626002723e-05;0.000496461338941185;0.333333333333333;2
"2-Multi";41;"F4 LEMA";1.25;0.25;1;2;1;1;0.0887302613870577;2.39873126292413e-05;0.0139875667719123;2.16228751694224e-08;0.000152640913172784;0.333333333333333;2
"2-Multi";42;"F5 LEMA";1.04651162790698;0.0465116279069767;1;2;1;1;0.0950233288396919;0.000365215475947162;0.999999999999999;1.60152124094461e-07;0.00110422827772269;0.333333333333333;2
"2-Multi";43;"F6 LEMA";1.41666666666667;0.416666666666667;1;4;2;2;0.0921188032548512;0.0246974356431589;0.0313082139255523;0.000247505846522537;0.0740945871611483;0.333333333333333;4
"2-Multi";44;"Andrena_cinerea";1.83333333333333;0.833333333333333;1;4;2;2;0.141204376882214;5.88668999274361e-05;5.64447032094151e-08;0.0220380744154467;0.000126255050270677;0.333333333333333;2
"2-Multi";45;"Anthaxia_semicuprea";2.03333333333333;1.03333333333333;1;6;3;3;0.131664410439495;0.000201142503320867;8.19806387201717e-07;0.0417948482378444;0.000411043416085647;0.333333333333333;4
"2-Multi";46;"Chrysomelidae";1.14285714285714;0.142857142857143;1;2;1;1;0.078257917748344;0.000107594915156198;1.99877506952435e-06;0.00642485624722289;0.000655072064995018;0.333333333333333;2
"2-Multi";47;"Dilophus_sp.";13.3857142857143;9.38571428571429;4;32;16;16;0.869222711409226;0.0227165040975608;0.140100567138953;0.134959456981039;0.0114306717534402;0.666666666666667;4
"2-Multi";48;"Diptera";10;6;4;14;7;7;0.424886722151389;0.00104822994013657;0.00339805694754383;0.00196472639534718;0.0029783084427869;0.666666666666667;2
"2-Multi";49;"Empididae";8.66666666666667;4.66666666666667;4;10;5;5;0.450006168203509;0.105596369316188;0.00471072987384675;0.000674858897828103;0.0352164182178995;0.666666666666667;2
"2-Multi";50;"Eupeodes_corollae";8.53333333333333;4.53333333333333;4;14;7;7;0.448814511540932;0.0122772864789742;0.0191606883668231;0.0172704926720747;0.0183955515243491;0.666666666666667;4
"2-Multi";51;"Melyridae";2.5;1.5;1;4;2;2;0.186587159821284;4.44766234498579e-06;1.89066708263091e-09;0.000598765537099961;1.51872071093541e-05;0.333333333333333;2
"2-Multi";52;"Mordellidae";3.34285714285714;2.34285714285714;1;8;4;4;0.187357165405069;0.000217993300459696;9.03962670611091e-07;0.0139875667719121;0.000335966552192127;0.333333333333333;4
"2-Multi";53;"Musca_sp.";7.5;3.5;4;8;4;4;0.255687610135268;9.37241998280785e-05;0.0303938234503327;0.0274856505015243;0.00058121555196762;0.666666666666667;2
"2-Multi";54;"Odontomyia_sp.";2.73333333333333;1.73333333333333;1;12;6;6;0.19000551652975;0.00316434403354226;4.22120507825448e-05;0.0859260610622827;0.00317275702172055;0.333333333333333;4
"2-Multi";55;"Oedemeridae";1.5;0.5;1;2;1;1;0.096284281609242;0.000212947968372364;1.88460606171028e-06;0.000423050967898564;0.00128390231984133;0.333333333333333;2
"2-Multi";56;"Psilothrix_viridicoerulea";14.3952380952381;13.3952380952381;1;40;20;20;1;0.0178397676030166;3.59872140764675e-05;1;0.00249796097812698;0.333333333333333;4
"2-Multi";57;"Scaeva_sp.";1.45;0.45;1;4;2;2;0.0941949564074828;0.00564538553313988;0.000259089402093926;0.0134797411421131;0.0169449158015334;0.333333333333333;4
"2-Multi";58;"Sphaerophoria_scripta";17.9833333333333;8.98333333333333;9;24;12;12;0.62219906712651;1;0.13262076980785;0.0603525958264169;1;1;4
"3-Multi";1;"A1 LEMA";1.1531007751938;0.153100775193798;1;4;2;2;0.130606169903172;0.00109382055716432;0.783736952847236;1.01306840136997e-06;0.0016511671450367;0.333333333333333;4
"3-Multi";2;"A2 CHFU";1.65;0.65;1;4;2;2;0.139478760013473;0.000960498335840398;4.48367520319896e-06;0.00347880862044452;0.000914859103145022;0.333333333333333;2
"3-Multi";3;"A2 LEMA";1.23643410852713;0.236434108527132;1;4;2;2;0.135574742924457;0.00077995300693187;0.77148151526557;9.13372431064366e-07;0.00117848001734665;0.333333333333333;4
"3-Multi";4;"A3 CHFU";1.33333333333333;0.333333333333333;1;2;1;1;0.0889746329946921;0.0100217384265121;0.000199825287937533;0.000143194069655788;0.0100316729179749;0.333333333333333;2
"3-Multi";5;"A3 LEMA";1.35658914728682;0.356589147286822;1;4;2;2;0.102546964980464;0.000212118541579165;0.520897424118922;1.06222526922357e-07;0.000644956884819553;0.333333333333333;4
"3-Multi";6;"A4 LEMA";1.37984496124031;0.37984496124031;1;4;2;2;0.12426635945364;0.00037385218622407;0.674012691471816;1.61952341163724e-07;0.000756264785263591;0.333333333333333;2
"3-Multi";7;"A5 LEMA";1.08333333333333;0.0833333333333333;1;2;1;1;0.0735569579346915;0.00054599734324277;0.134947811388946;7.72840215248359e-07;0.00329198374697873;0.333333333333333;2
"3-Multi";8;"A6 LEMA";1.52325581395349;0.523255813953488;1;6;3;3;0.124081975075791;0.000444248334581193;0.375906969766709;7.79366771867697e-07;0.000897049668619215;0.333333333333333;4
"3-Multi";9;"B1 CHFU";2;1;1;2;1;1;0.144014805259855;0.00190825171255091;7.53842424638126e-06;0.00182648498532497;0.00286669580031711;0.333333333333333;2
"3-Multi";10;"B1 LEMA";2.25;1.25;1;4;2;2;0.13044958821889;0.000967620491888444;0.00884300260786369;1.88460606159324e-06;0.00290617812351693;0.333333333333333;2
"3-Multi";11;"B2 CHFU";2.66666666666667;1.66666666666667;1;4;2;2;0.172487078318123;0.161820481652966;0.0025015104834566;0.00595049603737196;0.0539486395457664;0.333333333333333;2
"3-Multi";12;"B2 LEMA";1.37984496124031;0.37984496124031;1;6;3;3;0.127774564865537;0.0244208889795228;0.53281988366639;0.000246634856672438;0.036639094589631;0.333333333333333;4
"3-Multi";13;"B2 ME";2;1;1;2;1;1;0.144217148855272;0.0164127841220923;0.000475033609890982;2.11422612182226e-05;0.00548110243910343;0.333333333333333;2
"3-Multi";14;"B5 LEMA";1.02325581395349;0.0232558139534884;1;2;1;1;0.0760069248496502;0.000182607737972374;1;8.0076062057117e-08;0.00110422827772269;0.333333333333333;2
"3-Multi";15;"C1 LEMA";2.02325581395349;1.02325581395349;1;4;2;2;0.122369210859895;0.000209292729760873;0.513742819945704;8.96709981617742e-08;0.000637336684453106;0.333333333333333;2
"3-Multi";16;"C2 LEMA";1.08333333333333;0.0833333333333333;1;2;1;1;0.0735569579351374;0.000545997343241574;0.134947811388946;7.72840215250215e-07;0.00329198374697873;0.333333333333333;2
"3-Multi";17;"C3 LEMA";1.18992248062015;0.189922480620155;1;4;2;2;0.0975419349450479;0.00041473753097716;0.542963030531141;7.53220306997468e-07;0.00125273175697061;0.333333333333333;4
"3-Multi";18;"C4 CHFU";1.25;0.25;1;2;1;1;0.0976277084433579;0.000861662245044673;1.16455920935761e-05;0.00334890069524403;0.00175165463155269;0.333333333333333;2
"3-Multi";19;"C4 LEMA";2.16666666666667;1.16666666666667;1;4;2;2;0.17862881077669;1.82522347618559e-05;0.0113184199762735;3.69088400293606e-09;3.58949167532252e-05;0.333333333333333;2
"3-Multi";20;"C5 CHFU";1.5;0.5;1;2;1;1;0.138264896026106;0.00172332449009841;1.16455920935145e-05;0.006697801390488;0.00175165463155269;0.333333333333333;2
"3-Multi";21;"C5 LEMA";2.33333333333333;1.33333333333333;1;6;3;3;0.165344585260252;0.00163417504944561;0.051391529771788;2.83472645777394e-06;0.0031204658162028;0.333333333333333;4
"3-Multi";22;"D1 LEMA";1.5;0.5;1;2;1;1;0.120142749547708;9.78814202087279e-07;0.000598765537100153;9.04498884759658e-11;1.14520331610476e-05;0.333333333333333;2
"3-Multi";23;"D2 LEMA";1.02325581395349;0.0232558139534884;1;2;1;1;0.0760069248501841;0.00018260773797966;1;8.00760620472087e-08;0.00110422827772269;0.333333333333333;2
"3-Multi";24;"D2 ME";2;1;1;2;1;1;0.111221812013022;1.45674995258641e-05;1.06101163293213e-08;0.00290808327780986;9.78778148787018e-05;0.333333333333333;2
"3-Multi";25;"D3 LEMA";2.48643410852713;1.48643410852713;1;8;4;4;0.213136949100698;0.00171116286779457;0.470044006542432;1.99877506939518e-06;0.00147748375820242;0.333333333333333;4
"3-Multi";26;"D4 LEMA";1.25;0.25;1;2;1;1;0.088730261387701;2.39873126361253e-05;0.0139875667719122;2.16228751570151e-08;0.000152640913172784;0.333333333333333;2
"3-Multi";27;"D5 LEMA";1.85658914728682;0.856589147286822;1;10;5;5;0.172388152677101;0.00101423299045515;0.255331257492197;1.57382986225536e-06;0.00122715473320183;0.333333333333333;4
"3-Multi";28;"E1 LEMA";1.09302325581395;0.0930232558139535;1;2;1;1;0.13305613681841;0.00073043095189923;1;3.2030424816833e-07;0.00110422827772269;0.333333333333333;2
"3-Multi";29;"E2 CHFU";1.2;0.2;1;2;1;1;0.0779160466459659;4.94180453954641e-05;9.02716757944581e-07;6.49539626002711e-05;0.000496461338941185;0.333333333333333;2
"3-Multi";30;"E2 LEMA";1.46317829457364;0.463178294573643;1;6;3;3;0.134022217776444;0.0485583002403447;0.445130951719099;0.000492536112946105;0.0582787626872289;0.333333333333333;4
"3-Multi";31;"E3 LEMA";1.48643410852713;0.486434108527132;1;6;3;3;0.159486799387309;0.00165384493951287;0.620637803062022;2.61765865019711e-06;0.00199128156496465;0.333333333333333;4
"3-Multi";32;"E3 ME";2;1;1;2;1;1;0.114454567782638;0.15542943595768;0.00789424134864709;0.00555028968002724;0.155434284237964;0.333333333333333;2
"3-Multi";33;"E4 LEMA";1.09302325581395;0.0930232558139535;1;2;1;1;0.133056136818122;0.000730430951892723;1;3.20304248180356e-07;0.00110422827772269;0.333333333333333;2
"3-Multi";34;"E5 CHFU";1.2;0.2;1;2;1;1;0.0779160466454213;4.9418045389411e-05;9.02716758126783e-07;6.49539626002845e-05;0.000496461338941185;0.333333333333333;2
"3-Multi";35;"E5 LEMA";1.12984496124031;0.12984496124031;1;4;2;2;0.111589765913886;0.000911212819180882;0.711649270462982;9.32992339345914e-07;0.00183348010080803;0.333333333333333;4
"3-Multi";36;"E6 LEMA";1.06976744186047;0.0697674418604651;1;2;1;1;0.114039732829077;0.000547823213923045;1;2.40228186131709e-07;0.00110422827772269;0.333333333333333;2
"3-Multi";37;"F1 LEMA";1.91666666666667;0.916666666666667;1;6;3;3;0.119874952018611;0.0494354865018742;0.0597836249344027;0.000504770848304091;0.0741620788879118;0.333333333333333;4
"3-Multi";38;"F2 LEMA";1.08333333333333;0.0833333333333333;1;2;1;1;0.0735569579350138;0.000545997343240462;0.134947811388945;7.72840215255455e-07;0.00329198374697873;0.333333333333333;2
"3-Multi";39;"F3 LEMA";1.6531007751938;0.653100775193798;1;6;3;3;0.154491712124796;0.00233622229463641;0.629685510506212;1.34079558834458e-05;0.00281352545021906;0.333333333333333;4
"3-Multi";40;"F4 CHFU";1.2;0.2;1;2;1;1;0.0779160466458398;4.94180453946316e-05;9.02716758032761e-07;6.49539626002723e-05;0.000496461338941185;0.333333333333333;2
"3-Multi";41;"F4 LEMA";1.25;0.25;1;2;1;1;0.0887302613870577;2.39873126292413e-05;0.0139875667719123;2.16228751694224e-08;0.000152640913172784;0.333333333333333;2
"3-Multi";42;"F5 LEMA";1.04651162790698;0.0465116279069767;1;2;1;1;0.0950233288396919;0.000365215475947162;0.999999999999999;1.60152124094461e-07;0.00110422827772269;0.333333333333333;2
"3-Multi";43;"F6 LEMA";1.41666666666667;0.416666666666667;1;4;2;2;0.0921188032548512;0.0246974356431589;0.0313082139255523;0.000247505846522537;0.0740945871611483;0.333333333333333;4
"3-Multi";44;"Andrena_cinerea";1.83333333333333;0.833333333333333;1;4;2;2;0.141204376882214;5.88668999274361e-05;5.64447032094151e-08;0.0220380744154467;0.000126255050270677;0.333333333333333;2
"3-Multi";45;"Anthaxia_semicuprea";2.03333333333333;1.03333333333333;1;6;3;3;0.131664410439495;0.000201142503320867;8.19806387201717e-07;0.0417948482378444;0.000411043416085647;0.333333333333333;4
"3-Multi";46;"Chrysomelidae";1.14285714285714;0.142857142857143;1;2;1;1;0.078257917748344;0.000107594915156198;1.99877506952435e-06;0.00642485624722289;0.000655072064995018;0.333333333333333;2
"3-Multi";47;"Dilophus_sp.";13.3857142857143;9.38571428571429;4;32;16;16;0.869222711409226;0.0227165040975608;0.140100567138953;0.134959456981039;0.0114306717534402;0.666666666666667;4
"3-Multi";48;"Diptera";10;6;4;14;7;7;0.424886722151389;0.00104822994013657;0.00339805694754383;0.00196472639534718;0.0029783084427869;0.666666666666667;2
"3-Multi";49;"Empididae";8.66666666666667;4.66666666666667;4;10;5;5;0.450006168203509;0.105596369316188;0.00471072987384675;0.000674858897828103;0.0352164182178995;0.666666666666667;2
"3-Multi";50;"Eupeodes_corollae";8.53333333333333;4.53333333333333;4;14;7;7;0.448814511540932;0.0122772864789742;0.0191606883668231;0.0172704926720747;0.0183955515243491;0.666666666666667;4
"3-Multi";51;"Melyridae";2.5;1.5;1;4;2;2;0.186587159821284;4.44766234498579e-06;1.89066708263091e-09;0.000598765537099961;1.51872071093541e-05;0.333333333333333;2
"3-Multi";52;"Mordellidae";3.34285714285714;2.34285714285714;1;8;4;4;0.187357165405069;0.000217993300459696;9.03962670611091e-07;0.0139875667719121;0.000335966552192127;0.333333333333333;4
"3-Multi";53;"Musca_sp.";7.5;3.5;4;8;4;4;0.255687610135268;9.37241998280785e-05;0.0303938234503327;0.0274856505015243;0.00058121555196762;0.666666666666667;2
"3-Multi";54;"Odontomyia_sp.";2.73333333333333;1.73333333333333;1;12;6;6;0.19000551652975;0.00316434403354226;4.22120507825448e-05;0.0859260610622827;0.00317275702172055;0.333333333333333;4
"3-Multi";55;"Oedemeridae";1.5;0.5;1;2;1;1;0.096284281609242;0.000212947968372364;1.88460606171028e-06;0.000423050967898564;0.00128390231984133;0.333333333333333;2
"3-Multi";56;"Psilothrix_viridicoerulea";14.3952380952381;13.3952380952381;1;40;20;20;1;0.0178397676030166;3.59872140764675e-05;1;0.00249796097812698;0.333333333333333;4
"3-Multi";57;"Scaeva_sp.";1.45;0.45;1;4;2;2;0.0941949564074828;0.00564538553313988;0.000259089402093926;0.0134797411421131;0.0169449158015334;0.333333333333333;4
"3-Multi";58;"Sphaerophoria_scripta";17.9833333333333;8.98333333333333;9;24;12;12;0.62219906712651;1;0.13262076980785;0.0603525958264169;1;1;4
"Aggr";1;"A1 LEMA";1.1531007751938;0.153100775193798;1;4;2;2;0.0977454071746283;0.0155024552169482;0.79117512673321;0;0.0406098330869878;0;4
"Aggr";2;"A2 CHFU";1.65;0.65;1;4;2;2;0.116304901183123;0.0360062498624249;0.0603766185900871;0;0.0915256333690553;0;4
"Aggr";3;"A2 LEMA";1.23643410852713;0.236434108527132;1;4;2;2;0.100672695218647;0.00950759040392207;0.771455557642464;0;0.0237219396228867;0;4
"Aggr";4;"A3 CHFU";1.33333333333333;0.333333333333333;1;2;1;1;0.0609328594771248;0.225611799954618;0.00105867967069049;0;0.371265915318769;0;2
"Aggr";5;"A3 LEMA";1.35658914728682;0.356589147286822;1;4;2;2;0.0660787589069177;0.00333819805747693;0.520913019909701;0;0.0168525192301398;0;4
"Aggr";6;"A4 LEMA";1.37984496124031;0.37984496124031;1;4;2;2;0.0882043058769812;0.00491976637085738;0.673997541165178;0;0.01644125138097;0;2
"Aggr";7;"A5 LEMA";1.08333333333333;0.0833333333333333;1;2;1;1;0.0384430815938621;0.0085805239936376;0.16470050693284;0;0.0930599871052036;0;2
"Aggr";8;"A6 LEMA";1.52325581395349;0.523255813953488;1;6;3;3;0.0883537733188373;0.00592385723807306;0.375882756796419;0;0.0197378172363597;0;4
"Aggr";9;"B1 CHFU";2;1;1;2;1;1;0.133781531528891;0.0624199296252054;0.0172666943121444;0;0.137296572446259;0;2
"Aggr";10;"B1 LEMA";2.25;1.25;1;4;2;2;0.100192487268669;0.0202413188072842;0.00884448747630455;0;0.0890486199740064;0;2
"Aggr";11;"B2 CHFU";2.66666666666667;1.66666666666667;1;4;2;2;0.179150445619444;0.862525339395031;0.0134541558007933;0;0.473121697072115;0;2
"Aggr";12;"B2 LEMA";1.37984496124031;0.37984496124031;1;6;3;3;0.0936352670070539;0.0757505699104268;0.531016834657714;0;0.187148642664027;0;4
"Aggr";13;"B2 ME";2;1;1;2;1;1;0.144607867979067;0.6768353998639;0.00105867967069051;0;0.371265915318769;0;2
"Aggr";14;"B5 LEMA";1.02325581395349;0.0232558139534884;1;2;1;1;0.0388627970865209;0.00230731040772599;0.999999999999999;0;0.0231264484142492;0;2
"Aggr";15;"C1 LEMA";2.02325581395349;1.02325581395349;1;4;2;2;0.0869573472007864;0.00399665724975163;0.513554122787363;0;0.0200413511684976;0;2
"Aggr";16;"C2 LEMA";1.08333333333333;0.0833333333333333;1;2;1;1;0.0384430815936195;0.00858052399368504;0.16470050693284;0;0.0930599871052036;0;2
"Aggr";17;"C3 LEMA";1.18992248062015;0.189922480620155;1;4;2;2;0.0611378114981939;0.0048929695883703;0.542911115284929;0;0.0243174308315243;0;4
"Aggr";18;"C4 CHFU";1.25;0.25;1;2;1;1;0.0771385343290719;0.0257415719809979;0.16470050693284;0;0.0930599871052036;0;2
"Aggr";19;"C4 LEMA";2.16666666666667;1.16666666666667;1;4;2;2;0.141864669463103;0.000716769415064769;0.0112944024670422;0;0.00180922120761502;0;2
"Aggr";20;"C5 CHFU";1.5;0.5;1;2;1;1;0.135181713431827;0.05148314396205;0.16470050693284;0;0.0930599871052036;0;2
"Aggr";21;"C5 LEMA";2.33333333333333;1.33333333333333;1;6;3;3;0.165030542804696;0.049847201103508;0.0633939585545651;0;0.107038338684148;0;4
"Aggr";22;"D1 LEMA";1.5;0.5;1;2;1;1;0.08271653560234;0.000106478304411511;0.000596181438549519;0;0.000547585100818425;0;2
"Aggr";23;"D2 LEMA";1.02325581395349;0.0232558139534884;1;2;1;1;0.0388627970862422;0.00230731040778048;1;0;0.0231264484142492;0;2
"Aggr";24;"D2 ME";2;1;1;2;1;1;0.0671899053400979;0.00168934684206609;0.0271082455747254;0;0.016956253922746;0;2
"Aggr";25;"D3 LEMA";2.48643410852713;1.48643410852713;1;8;4;4;0.184973007136647;0.0268735874301158;0.478595491745212;0;0.0407243594147006;0;4
"Aggr";26;"D4 LEMA";1.25;0.25;1;2;1;1;0.0516523200704161;0.00103190023361065;0.0142386930770245;0;0.0109077275649896;0;2
"Aggr";27;"D5 LEMA";1.85658914728682;0.856589147286822;1;10;5;5;0.140258464531118;0.0155362814653055;0.261317494079825;0;0.0326362332758544;0;4
"Aggr";28;"E1 LEMA";1.09302325581395;0.0930232558139535;1;2;1;1;0.0981651226669521;0.00922924163110206;1;0;0.0231264484142492;0;2
"Aggr";29;"E2 CHFU";1.2;0.2;1;2;1;1;0.0386785386531386;0.00513233894069916;0.00821467441871057;0;0.0907584565009811;0;2
"Aggr";30;"E2 LEMA";1.46317829457364;0.463178294573643;1;6;3;3;0.103437992611101;0.150295724637845;0.448238144610968;0;0.298595881018264;0;4
"Aggr";31;"E3 LEMA";1.48643410852713;0.486434108527132;1;6;3;3;0.129344239294304;0.0251125728102342;0.6206177849764;0;0.0464368661875611;0;4
"Aggr";32;"E3 ME";2;1;1;2;1;1;0.0954754371171246;0.411301739485824;0.0382451080609987;0;0.676833260578809;0;2
"Aggr";33;"E4 LEMA";1.09302325581395;0.0930232558139535;1;2;1;1;0.098165122667149;0.00922924163106359;1;0;0.0231264484142492;0;2
"Aggr";34;"E5 CHFU";1.2;0.2;1;2;1;1;0.0386785386533238;0.00513233894066291;0.00821467441871066;0;0.0907584565009811;0;2
"Aggr";35;"E5 LEMA";1.12984496124031;0.12984496124031;1;4;2;2;0.0779779653140108;0.0131951448092488;0.72156683564428;0;0.0464376279779007;0;4
"Aggr";36;"E6 LEMA";1.06976744186047;0.0697674418604651;1;2;1;1;0.0783976808068683;0.00692193122329832;1;0;0.0231264484142492;0;2
"Aggr";37;"F1 LEMA";1.91666666666667;0.916666666666667;1;6;3;3;0.0889185651629137;0.155773744933743;0.0637129498268164;0;0.386848550997823;0;4
"Aggr";38;"F2 LEMA";1.08333333333333;0.0833333333333333;1;2;1;1;0.0384430815935055;0.00858052399370732;0.16470050693284;0;0.0930599871052036;0;2
"Aggr";39;"F3 LEMA";1.6531007751938;0.653100775193798;1;6;3;3;0.122760863446404;0.0255950963284944;0.635672316637053;0;0.0526214056152848;0;4
"Aggr";40;"F4 CHFU";1.2;0.2;1;2;1;1;0.038678538653164;0.00513233894069418;0.00821467441871064;0;0.0907584565009811;0;2
"Aggr";41;"F4 LEMA";1.25;0.25;1;2;1;1;0.0516523200705568;0.00103190023358314;0.0142386930770245;0;0.0109077275649896;0;2
"Aggr";42;"F5 LEMA";1.04651162790698;0.0465116279069767;1;2;1;1;0.0586302389462918;0.00461462081559089;1;0;0.0231264484142492;0;2
"Aggr";43;"F6 LEMA";1.41666666666667;0.416666666666667;1;4;2;2;0.0604969129501992;0.0841552723206185;0.0277559011865716;0;0.407064916512534;0;4
"Aggr";44;"Andrena_cinerea";1.83333333333333;0.833333333333333;1;4;2;2;0.104379059746989;0.00135252480316735;0;0.0219926234955345;0.00453028743577366;0;2
"Aggr";45;"Anthaxia_semicuprea";2.03333333333333;1.03333333333333;1;6;3;3;0.096056335838892;0.00456929845839425;0;0.0418260398194013;0.0156228038898577;0;4
"Aggr";46;"Chrysomelidae";1.14285714285714;0.142857142857143;1;2;1;1;0.0415563632358987;0.00259842789886055;0;0.00652873527377902;0.0275680415206795;0;2
"Aggr";47;"Dilophus_sp.";9.38571428571428;7.38571428571429;2;28;14;14;0.546288744496766;0.152128993171528;0;0.164700506932839;0.137487325009731;0;4
"Aggr";48;"Diptera";6;4;2;10;5;5;0.23039039325547;0.0379142324834228;0;0.00821467441871079;0.134086862179003;0;4
"Aggr";49;"Empididae";4.66666666666667;2.66666666666667;2;6;3;3;0.295323559415521;1;0;0.00105867967069018;0.548530704768846;0;2
"Aggr";50;"Eupeodes_corollae";4.53333333333333;2.53333333333333;2;10;5;5;0.269849826593871;0.0922232046931775;0;0.0172666943121439;0.202845945023146;0;4
"Aggr";51;"Melyridae";2.5;1.5;1;4;2;2;0.149696895009418;0.00031463574279223;0;0.000596181438549424;0.000802206063145896;0;2
"Aggr";52;"Mordellidae";3.34285714285714;2.34285714285714;1;8;4;4;0.153209246325105;0.00609838216901357;0;0.0142386930770245;0.0161090976186336;0;4
"Aggr";53;"Musca_sp.";3.5;1.5;2;4;2;2;0.11316364732463;0.00249594929926441;0;0.0271082455747253;0.0250456674919605;0;2
"Aggr";54;"Odontomyia_sp.";2.73333333333333;1.73333333333333;1;12;6;6;0.157235395842401;0.0229213115725423;0;0.0858222305698571;0.0376813021680157;0;4
"Aggr";55;"Oedemeridae";1.5;0.5;1;2;1;1;0.0616771623155936;0.0068500205543043;0;0.000422280640464649;0.0602752846637621;0;2
"Aggr";56;"Psilothrix_viridicoerulea";14.3952380952381;13.3952380952381;1;40;20;20;1;0.146585635967811;0;1;0.0341619994617509;0;4
"Aggr";57;"Scaeva_sp.";1.45;0.45;1;4;2;2;0.0588598971093128;0.0298230296866634;0;0.0136610762524276;0.148727553730993;0;4
"Aggr";58;"Sphaerophoria_scripta";5.98333333333333;2.98333333333333;3;12;6;6;0.269576759623835;0.607683551375233;0;0.0382451080609982;1;0;4
